id	p_val	avg_log2FC	pct.1	pct.2	p_val_adj
Sulf1	0	1.55085666091955	0.885	0.117	0
Rdh10	0	0.962927375404341	0.764	0.143	0
Il18r1	0	1.76508806968481	0.924	0.138	0
Col3a1	0	1.28827257797751	0.992	0.282	0
Tmeff2	0	0.383618789984103	0.429	0.038	0
Cavin2	0	1.43172378220355	0.92	0.185	0
Zdbf2	0	1.07297570983273	0.704	0.049	0
Igfbp5	0	1.62545682830007	0.779	0.133	0
Slc23a3	0	0.445352056985651	0.478	0.04	0
Gpr39	0	0.408905931005143	0.472	0.048	0
Cd55	0	1.85044067596212	0.938	0.142	0
Chil1	0	2.08726564432614	0.885	0.169	0
Adora1	0	0.447146165881972	0.507	0.057	0
Prg4	0	1.82042734923921	0.688	0.066	0
Hmcn1	0	0.921681570296474	0.532	0.06	0
Fmo2	0	2.51273530673285	0.945	0.148	0
Atp1b1	0	1.04225446160847	0.891	0.2	0
Ildr2	0	1.61297992828737	0.956	0.124	0
Nos1ap	0	0.442948996174553	0.512	0.063	0
F11r	0	1.23405812008403	0.94	0.187	0
Ptpn14	0	0.689622893695212	0.693	0.097	0
Cd34	0	0.979939166731918	0.909	0.178	0
Npdc1	0	0.995986379995107	0.937	0.213	0
Clic3	0	0.626078195413285	0.468	0.036	0
Ptgds	0	0.504781146602591	0.447	0.044	0
Crb2	0	0.525826644678184	0.58	0.042	0
Pla2r1	0	0.465296536538485	0.52	0.066	0
Dpp4	0	1.20637658436761	0.865	0.169	0
Cobll1	0	1.01314173210001	0.833	0.13	0
Lrp2	0	1.21107323248518	0.823	0.069	0
Cybrd1	0	0.926099857736148	0.743	0.086	0
Nckap1	0	1.04416609903721	0.912	0.212	0
Serping1	0	1.93918553072377	0.993	0.238	0
Tnks1bp1	0	0.787222799558748	0.82	0.154	0
Creb3l1	0	0.81191746577932	0.707	0.126	0
Wt1	0	1.59415264607015	0.95	0.109	0
Meis2	0	0.870380422530799	0.948	0.219	0
Casc4	0	0.719737771657869	0.8	0.157	0
Lrrn4	0	2.47958940268705	0.982	0.09	0
Kiz	0	0.778506260483416	0.74	0.136	0
Ninl	0	0.670949828496537	0.646	0.074	0
Sox12	0	0.452528321961726	0.519	0.066	0
Nnat	0	0.925971445928044	0.641	0.059	0
Lbp	0	0.973049169750989	0.745	0.138	0
Slpi	0	3.27397925335266	0.992	0.347	0
Ptgis	0	1.88032511087723	0.984	0.186	0
Pard6b	0	0.431209671972276	0.502	0.048	0
Gata5	0	0.365352791566074	0.4	0.038	0
Nkain4	0	1.97573230120283	0.982	0.139	0
Stk26	0	1.39584564071075	0.935	0.159	0
Gpc3	0	1.9561153337197	0.93	0.132	0
Zfp185	0	0.564123807281134	0.558	0.045	0
Maged1	0	1.17793712668054	0.943	0.252	0
Efnb1	0	0.670860638239896	0.702	0.126	0
Col4a5	0	0.770302160741687	0.702	0.072	0
Adgrg2	0	0.387478715991178	0.411	0.035	0
Pkia	0	0.580209200184216	0.681	0.098	0
Tm4sf1	0	2.0712960667357	0.972	0.169	0
Kcnab1	0	1.10685662429302	0.844	0.077	0
Tdo2	0	1.60732889793904	0.611	0.047	0
Sfrp2	0	1.07533079346451	0.506	0.042	0
Lrba	0	1.26796587006931	0.87	0.214	0
Cgn	0	0.71507512316316	0.641	0.057	0
Vtcn1	0	0.422881481653633	0.442	0.035	0
Slc16a1	0	1.74973857388274	0.938	0.165	0
Slc16a4	0	0.349020568768635	0.379	0.033	0
Gstm2	0	0.797973672960704	0.889	0.189	0
Gpr88	0	0.795022562985684	0.644	0.049	0
Palmd	0	1.02822735942596	0.849	0.1	0
Arhgap29	0	2.16379988100807	0.995	0.181	0
Prss12	0	0.733687916503936	0.676	0.06	0
Npnt	0	0.668568756852351	0.554	0.063	0
Slc39a8	0	2.25538470854601	0.956	0.128	0
Gipc2	0	0.547419492240477	0.608	0.064	0
Ak5	0	0.417785744089934	0.449	0.031	0
Ptger3	0	0.913167908733096	0.689	0.065	0
Ctnnal1	0	0.522312887727899	0.628	0.089	0
Alad	0	1.25225192068977	0.925	0.214	0
Ptprd	0	0.642632221405839	0.634	0.058	0
Nfib	0	1.72979583120716	0.992	0.269	0
Bnc2	0	0.779534368403648	0.709	0.072	0
Adamtsl1	0	1.16541135123873	0.872	0.11	0
Podn	0	1.08487019493834	0.789	0.088	0
Gm12840	0	2.1823610736895	0.982	0.213	0
Ptprf	0	1.44184898139389	0.953	0.128	0
Rspo1	0	1.88587882912812	0.967	0.11	0
Gjb5	0	0.842619815151771	0.753	0.072	0
Tcea3	0	0.974917328426738	0.849	0.157	0
Wnt4	0	0.767416349698262	0.584	0.069	0
Nbl1	0	1.44852123872214	0.943	0.215	0
Pdpn	0	1.96940149064306	0.984	0.195	0
Espn	0	0.875006069016371	0.753	0.101	0
Smim1	0	1.84005839138203	0.979	0.168	0
Megf6	0	0.482458137137989	0.512	0.039	0
Steap4	0	1.12981444163294	0.807	0.144	0
Sema3d	0	1.57943960356139	0.876	0.097	0
Sema3c	0	1.65168349281257	0.933	0.108	0
Pcdh7	0	1.10009715545283	0.829	0.128	0
Slc4a4	0	1.33064224154658	0.893	0.128	0
Shroom3	0	0.724139126224352	0.691	0.073	0
Ptpn13	0	0.821719734333354	0.777	0.122	0
Bicdl1	0	0.616855462076685	0.663	0.081	0
Adgrd1	0	0.67005208361762	0.75	0.125	0
Hspb1	0	2.07478867160641	0.989	0.247	0
Upk3b	0	2.84603341088989	0.985	0.091	0
Cldn15	0	1.51240648808183	0.907	0.107	0
Pcolce	0	1.42911526122815	0.977	0.213	0
Baiap2l1	0	1.15323989063639	0.834	0.106	0
Rasl11a	0	0.799962175755402	0.628	0.083	0
Medag	0	0.667011804133866	0.668	0.1	0
Col1a2	0	1.63442504558491	0.995	0.246	0
Cav1	0	1.50782131927685	0.953	0.199	0
Met	0	0.900301807567173	0.745	0.095	0
Gm20186	0	1.4729116798576	0.831	0.196	0
Smo	0	0.837310075618002	0.807	0.166	0
Plxna4	0	1.28686941862514	0.937	0.184	0
Atp6v0a4	0	1.06098131120632	0.776	0.057	0
Ephb6	0	0.359487391596347	0.444	0.043	0
Arhgef5	0	0.817657204413786	0.785	0.134	0
Rarres2	0	2.78093358564699	0.995	0.268	0
Nfe2l3	0	0.430429459346635	0.449	0.041	0
Prr15	0	2.26843256589171	0.969	0.114	0
Wipf3	0	1.26757736934142	0.815	0.072	0
Il17re	0	0.878221169108736	0.784	0.075	0
C1ra	0	1.89255873913905	0.985	0.242	0
C1s1	0	2.25273009085672	0.992	0.182	0
Scnn1a	0	0.505952885042625	0.506	0.052	0
Gabarapl1	0	1.48237040485861	0.971	0.33	0
Mgp	0	2.20160039818754	0.995	0.225	0
Mgst1	0	2.1591775091439	0.998	0.377	0
Tmtc1	0	0.605277542986579	0.585	0.074	0
Bicd1	0	1.38217761716505	0.872	0.128	0
Nectin2	0	0.752447492493606	0.785	0.156	0
Bcam	0	1.94152024624524	0.95	0.149	0
Cyp2s1	0	0.941263595967447	0.743	0.074	0
Lgals7	0	1.33963496141816	0.732	0.089	0
Spint2	0	1.52674825383045	0.953	0.205	0
Syne4	0	0.32332727553512	0.413	0.04	0
Sbsn	0	1.38303418070142	0.855	0.099	0
Dmkn	0	2.07947038922523	0.907	0.161	0
Lsr	0	0.927180551493019	0.857	0.156	0
Rhpn2	0	0.51935225685405	0.512	0.046	0
Clec11a	0	0.549415742520178	0.559	0.061	0
Nav2	0	0.806493957326412	0.741	0.109	0
Tjp1	0	0.825759202589695	0.849	0.173	0
Bnc1	0	1.04183854669819	0.824	0.069	0
Serpinh1	0	1.46151896668709	0.993	0.273	0
Folr1	0	0.769531839197316	0.654	0.055	0
Cavin3	0	1.63378950958904	0.982	0.229	0
Ppfibp2	0	1.03830800404082	0.834	0.191	0
Parva	0	1.12312474785227	0.92	0.187	0
Sox6	0	0.659679030854927	0.634	0.065	0
Crym	0	0.767537280748159	0.719	0.081	0
Cd151	0	1.33069774379506	0.98	0.339	0
Ano1	0	0.983048190489388	0.852	0.127	0
Nhsl1	0	0.519489965693341	0.561	0.072	0
Perp	0	0.538023442289473	0.569	0.062	0
Vnn1	0	0.555290845402508	0.524	0.05	0
Fam184a	0	0.508703410910262	0.527	0.051	0
Spock2	0	0.760191439321074	0.629	0.098	0
Gm17455	0	0.462660584716233	0.475	0.051	0
Bicc1	0	1.8405335037729	0.99	0.182	0
Col6a2	0	1.60109854730147	0.976	0.207	0
Col6a1	0	1.88834454799703	0.992	0.226	0
Col18a1	0	1.04868848063988	0.909	0.161	0
Dcn	0	2.18310269336905	0.998	0.271	0
Gm47101	0	0.486603464082824	0.494	0.044	0
Pawr	0	0.767029254009201	0.646	0.07	0
Csrp2	0	1.83006503104135	0.979	0.254	0
Tspan8	0	0.452219928585521	0.53	0.063	0
Fcor	0	0.829100299204392	0.78	0.121	0
Ctxn1	0	0.534688117561831	0.595	0.068	0
Gas6	0	2.20434902615791	0.984	0.412	0
Star	0	0.635202473550001	0.541	0.05	0
Pdlim3	0	0.7216769888708	0.628	0.081	0
Gpm6a	0	2.65463351916442	0.984	0.097	0
Gm45263	0	0.384268146080413	0.367	0.019	0
Gm45264	0	0.273923643389856	0.286	0.016	0
Sh2d4a	0	0.65416167392813	0.572	0.05	0
Mt2	0	1.71276179011052	0.94	0.282	0
Cdh11	0	1.60758407199689	0.953	0.166	0
Ces2g	0	0.595657143567348	0.659	0.07	0
Smpd3	0	1.01139442319999	0.746	0.121	0
Cdh3	0	0.801972868306022	0.693	0.059	0
Chst4	0	1.21153033184577	0.868	0.075	0
Pcnx2	0	0.476573061344143	0.48	0.04	0
Wnt5a	0	1.35828731134243	0.889	0.138	0
A630023A22Rik	0	0.322717017671039	0.337	0.024	0
Anxa8	0	1.19753728798414	0.732	0.07	0
Bmpr1a	0	0.761912124167554	0.857	0.188	0
Fam213a	0	1.40305102247928	0.901	0.189	0
Fgf9	0	0.8822835126655	0.725	0.086	0
Clu	0	1.96002292353196	0.98	0.149	0
Tsc22d1	0	1.43419993290543	0.964	0.319	0
Lmo7	0	0.753267246138187	0.724	0.091	0
Cldn10	0	1.1742889522423	0.824	0.075	0
Muc16	0	2.35451976971671	0.966	0.087	0
Bmper	0	0.402715031439666	0.442	0.042	0
Barx2	0	0.641104956244507	0.493	0.057	0
Cdon	0	1.20536629787773	0.888	0.134	0
Esam	0	0.789389598585068	0.828	0.122	0
AW551984	0	0.598115615353413	0.593	0.052	0
Mpzl2	0	0.867387009668711	0.779	0.071	0
Nnmt	0	1.48605627620255	0.948	0.154	0
Il18	0	1.08114236530453	0.894	0.21	0
2310030G06Rik	0	0.461266731194205	0.53	0.053	0
Cryab	0	1.23836220589472	0.964	0.219	0
Rpp25	0	0.727798608115488	0.665	0.069	0
Loxl1	0	1.12553307894122	0.946	0.182	0
Neo1	0	0.630811576020149	0.663	0.096	0
Thsd4	0	0.771833813851666	0.711	0.062	0
Aldh1a2	0	1.74209911661995	0.958	0.152	0
Nedd4	0	1.73057924431608	1	0.379	0
Lrrc1	0	0.997783917702359	0.834	0.108	0
Gsta4	0	1.35079168886428	0.922	0.131	0
Plscr2	0	0.775968185879468	0.732	0.116	0
Plod2	0	1.27509823034127	0.914	0.175	0
Esyt3	0	0.46789407532932	0.515	0.037	0
Tmem108	0	1.041245161195	0.777	0.058	0
Dag1	0	1.33825513429557	0.966	0.346	0
Plxnb1	0	0.410116914647837	0.48	0.047	0
Ctdspl	0	1.13766247944564	0.906	0.183	0
Clec3b	0	1.65539601878218	0.915	0.166	0
Aebp1	0	2.58405468856373	0.998	0.199	0
Igfbp3	0	0.996096023054423	0.589	0.071	0
Cobl	0	1.1880920867552	0.836	0.083	0
Efemp1	0	1.95170356850849	0.966	0.16	0
Slit3	0	0.621942784512686	0.826	0.154	0
Wwc1	0	0.71472766089909	0.659	0.053	0
Adamts2	0	0.789721415933711	0.818	0.118	0
Gpx3	0	1.797400397381	0.977	0.268	0
Arhgap44	0	0.464644060030362	0.527	0.052	0
Tm4sf5	0	0.767252712698468	0.668	0.082	0
Smtnl2	0	0.640045830326587	0.66	0.068	0
Spns2	0	0.510631590590429	0.563	0.079	0
Myo1d	0	0.84555961469879	0.776	0.091	0
Tmem98	0	1.68906767058697	0.959	0.111	0
Unc45b	0	0.551678417231834	0.548	0.06	0
Col1a1	0	0.696840421754735	0.967	0.221	0
Itga3	0	0.71154620629586	0.699	0.079	0
Prr15l	0	1.20476778839646	0.867	0.08	0
Krt19	0	2.60282499123515	0.987	0.107	0
Krt14	0	1.46922831618177	0.616	0.048	0
P3h4	0	1.12805650513347	0.886	0.141	0
Cavin1	0	1.80605340094982	0.984	0.246	0
Fzd2	0	0.62400866213989	0.688	0.116	0
Slc9a3r1	0	1.91297646223715	0.992	0.441	0
Itgb4	0	0.675516652894435	0.639	0.084	0
Rab40b	0	0.466108433049952	0.506	0.063	0
Hist1h2bc	0	1.43120052411442	0.963	0.341	0
Cmah	0	1.44261468447051	0.872	0.187	0
Sox4	0	1.16115065878875	0.881	0.201	0
Serpinb1a	0	1.41400100405242	0.928	0.159	0
Serpinb6b	0	1.54338287003932	0.937	0.19	0
Bmp6	0	0.44924603398136	0.507	0.05	0
2010001K21Rik	0	0.456469429869911	0.462	0.043	0
Ogn	0	0.967599962489216	0.88	0.163	0
Gas1	0	2.74444683102789	0.993	0.191	0
Gpx8	0	1.09343717042753	0.938	0.204	0
Syne2	0	1.67873545832783	0.971	0.257	0
Flrt2	0	1.57732841764161	0.927	0.159	0
Serpina3n	0	1.31630243156895	0.763	0.123	0
Meg3	0	1.66859105183108	0.821	0.155	0
Ahnak2	0	1.28774690987521	0.901	0.137	0
Rapgef5	0	0.809597402116998	0.735	0.12	0
Prlr	0	0.893407262228716	0.616	0.064	0
Snhg18	0	1.31867491947964	0.959	0.194	0
Sema5a	0	1.15375453764057	0.844	0.134	0
Zfpm2	0	0.608955338898437	0.621	0.064	0
Pkhd1l1	0	2.17993773180195	0.966	0.09	0
Tnfrsf11b	0	0.832865044327666	0.628	0.075	0
Col14a1	0	1.85110658509113	0.919	0.233	0
Fam84b	0	0.727307406771081	0.657	0.078	0
Apol7a	0	0.458037229040456	0.485	0.045	0
Apol9a	0	0.604237877585978	0.607	0.066	0
Apol9b	0	0.380806407548889	0.452	0.048	0
Tst	0	0.719237819702048	0.696	0.105	0
Lgals2	0	1.10511999990352	0.753	0.087	0
Rpap3	0	1.10655630581374	0.86	0.205	0
Krt7	0	2.22296727298207	0.982	0.094	0
Krt8	0	2.25568427401133	0.982	0.104	0
Krt18	0	2.20778380817854	0.98	0.096	0
Igfbp6	0	2.71753675257706	0.998	0.269	0
Smim22	0	0.862038652319409	0.746	0.073	0
Ppl	0	0.962278449862281	0.74	0.07	0
Emp2	0	1.10652226157764	0.891	0.169	0
Pkp2	0	0.439065524543792	0.511	0.053	0
Kng2	0	0.801546503576308	0.629	0.062	0
Heg1	0	1.19665815650899	0.922	0.228	0
Upk1b	0	1.90412428295705	0.971	0.087	0
Ccdc80	0	1.89363055367736	0.976	0.192	0
Cd200	0	1.77280558540553	0.99	0.196	0
Alcam	0	2.34848002319841	0.963	0.337	0
Abi3bp	0	0.705043605428507	0.689	0.113	0
Dcbld2	0	0.720028889351663	0.735	0.138	0
Cxadr	0	2.13769013966177	0.974	0.098	0
Gm49708	0	2.50142768348651	0.946	0.125	0
Bace2	0	1.44374477208489	0.922	0.1	0
Ezr	0	2.04611163644957	0.997	0.497	0
Smoc2	0	0.513391626879996	0.891	0.179	0
Msln	0	2.69908041284708	0.982	0.094	0
Angptl4	0	1.06409465269431	0.792	0.123	0
C4b	0	1.87978933613833	0.972	0.262	0
Cfb	0	1.79150446333247	0.967	0.2	0
C2	0	1.83275375500544	0.963	0.114	0
Ddr1	0	0.801286859697507	0.797	0.151	0
Cd2ap	0	1.87503556071427	0.998	0.695	0
C3	0	3.30118566314929	0.998	0.563	0
Efna5	0	1.4365880119846	0.959	0.155	0
Twsg1	0	0.895745909459046	0.889	0.219	0
Arhgap28	0	0.733444961794873	0.672	0.077	0
Rasgrp3	0	0.923002930400114	0.802	0.121	0
Crim1	0	1.37360559166538	0.943	0.273	0
Epcam	0	0.781173366607804	0.642	0.095	0
Colec12	0	1.09910481051525	0.928	0.213	0
Gata6	0	1.27477716942069	0.899	0.102	0
Dsg2	0	1.70325722759799	0.891	0.097	0
Epb41l4a	0	0.482737837195519	0.556	0.063	0
Fgf1	0	1.12285267323161	0.72	0.078	0
Lvrn	0	0.5861571408955	0.577	0.053	0
Piezo2	0	0.819806114578255	0.745	0.102	0
Rab27b	0	0.523049249766124	0.551	0.051	0
Myo5b	0	1.43615196969599	0.914	0.081	0
Zbtb7c	0	0.955045428020206	0.821	0.081	0
Tmem151a	0	1.21163481881166	0.881	0.082	0
Ltbp3	0	1.25311006640593	0.933	0.221	0
Nrxn2	0	0.814591038276544	0.694	0.067	0
AC132253.9	0	0.419628357074363	0.363	0.024	0
Fads3	0	0.61191773616336	0.649	0.11	0
Myrf	0	1.3193806367713	0.924	0.085	0
Tmem132a	0	1.00413705520668	0.821	0.11	0
Aldh1a1	0	1.40822997049173	0.902	0.197	0
Kank1	0	0.967312360166894	0.797	0.096	0
Il33	0	0.907877828177118	0.808	0.126	0
Plce1	0	0.821136796565022	0.821	0.135	0
Zfp579	2.28491096202055e-307	0.570049845526355	0.642	0.106	4.8586346696405e-303
Rhou	1.15620344428633e-306	1.15459758808782	0.924	0.275	2.45855100393044e-302
Npr1	1.65525187111621e-305	0.655574956307515	0.699	0.127	3.51972757874152e-301
Slc7a4	2.86864589413037e-305	0.378607886939259	0.462	0.053	6.09988862927882e-301
Atp6v0e2	1.05251216305515e-304	0.591550098687649	0.629	0.1	2.23806186352048e-300
Usp53	1.43044016078173e-304	0.611073543342853	0.675	0.121	3.04168795788626e-300
Eps8l2	1.43132872964744e-304	0.336933664583849	0.423	0.043	3.04357741072233e-300
Vegfd	4.03825734476979e-304	0.43213704251054	0.515	0.067	8.58695041791848e-300
Tead1	1.63349045658988e-303	0.764386462771053	0.79	0.165	3.47345410689273e-299
A730046J19Rik	5.0621410717954e-303	0.362682505251948	0.363	0.031	1.07641367750657e-298
Meis1	6.65842188086603e-303	0.672329102939956	0.764	0.153	1.41584682874735e-298
Kifc3	2.42208306309392e-302	0.688475581852096	0.751	0.154	5.15031742536291e-298
Mras	4.45033616335082e-301	0.731110721063325	0.771	0.163	9.46319481774918e-297
Steap2	1.68190373807807e-299	0.438509717640524	0.52	0.069	3.5764001086492e-295
H6pd	6.10943944297545e-299	0.777368449568771	0.808	0.185	1.2991112031543e-294
Gstt1	9.91524057182827e-299	0.682908820737317	0.774	0.155	2.10837675519356e-294
Plet1	2.68156146379034e-298	0.53192189021159	0.566	0.082	5.70207229660378e-294
C1qtnf1	1.70187513934935e-296	0.581552275579422	0.685	0.121	3.61886729631247e-292
Col5a2	3.38508700282273e-296	1.07521547060219	0.902	0.216	7.19804900280225e-292
Mgat3	4.18415397514293e-296	0.399139142806848	0.467	0.056	8.89718501274394e-292
G930009F23Rik	8.86450871435253e-296	0.274676466508018	0.34	0.027	1.88494913301992e-291
Rian	8.88105401511705e-295	0.707862598821921	0.53	0.074	1.88846732577449e-290
Ssbp3	5.23161853596886e-293	1.246589488237	0.948	0.33	1.11245136548842e-288
Runx1t1	6.9410639677888e-292	0.63833394310072	0.65	0.112	1.47594784211061e-287
Mpp6	1.43101065661101e-291	1.3559177616082	0.971	0.416	3.04290106021766e-287
Wasf1	1.82424888162981e-291	0.295569371929416	0.407	0.041	3.87908282189763e-287
Anxa1	1.04603374266309e-289	1.64441925722156	0.992	0.445	2.22428615039879e-285
Itm2a	2.43467148011962e-289	1.44311304660607	0.803	0.188	5.17708543532635e-285
Golm1	5.83898733816991e-289	0.882967564516492	0.852	0.231	1.24160226758845e-284
Amotl1	4.23961437304946e-288	0.608298589438521	0.751	0.148	9.01511600285236e-284
Sparc	7.47885767355833e-288	1.78529368451674	0.998	0.33	1.59030429570544e-283
Kalrn	2.58101074993037e-286	0.514577732698548	0.593	0.095	5.48826125865193e-282
Lcn2	2.79694146507173e-286	0.672940202798789	0.772	0.166	5.94741633132853e-282
Best1	1.10830664718978e-285	0.417883124784499	0.439	0.051	2.35670325458436e-281
Ephb1	2.20791307412262e-285	0.32404261280634	0.346	0.03	4.69490636081433e-281
Dync2li1	3.50589706807104e-285	0.489855054648297	0.607	0.099	7.45493952554626e-281
Tgfbr3	1.73845857861137e-283	0.770627159753847	0.828	0.186	3.69665832155922e-279
Ctps	2.84443971747192e-283	0.753073952189103	0.694	0.144	6.04841661523229e-279
Arhgef12	4.23079911736837e-283	1.4381467175484	0.953	0.341	8.99637124317211e-279
Fads2	5.61933939359159e-283	0.552460527954907	0.733	0.143	1.19489632865331e-278
Pbx1	1.99015077439955e-281	1.01941440296706	0.956	0.292	4.23185660668321e-277
Crip1	4.84427356558882e-280	2.00762351134685	1	0.903	1.03008633098681e-275
Bsg	4.97469633114181e-279	1.6795883142936	0.998	0.859	1.05781942785399e-274
Mpdz	4.26663594752853e-278	0.596122503584875	0.701	0.134	9.07257467882467e-274
Prkcz	1.59044659457491e-277	0.385070816063598	0.511	0.072	3.38192563870409e-273
Fam180a	3.38808409913538e-277	0.510231461220502	0.447	0.055	7.20442202840147e-273
Cgnl1	5.37341629736635e-277	0.641563937453751	0.68	0.133	1.14260324147198e-272
Fam84a	5.88415312839503e-277	0.416669867383173	0.356	0.033	1.25120632122192e-272
Osmr	6.55011793971278e-277	0.59907682151827	0.688	0.13	1.39281707870053e-272
Lama5	8.73709817934441e-277	0.384532589663259	0.488	0.065	1.85785655685579e-272
Cdc42bpa	1.64494930900561e-276	0.671537317945685	0.803	0.179	3.49782021066953e-272
Cyb5r3	1.34353339414053e-275	1.26351890178595	0.977	0.438	2.85688940930042e-271
Bend7	1.89466981316762e-275	0.384040115284929	0.462	0.058	4.02882589071964e-271
Ghr	7.67040738117435e-274	0.543453644219521	0.683	0.129	1.63103542553291e-269
Evpl	1.76863938177994e-272	0.320514982857201	0.363	0.035	3.76083478141686e-268
Cyb561	1.93617769502741e-271	0.358927087804279	0.468	0.061	4.11708825070628e-267
Fzd4	3.48718247828061e-271	0.56062457494596	0.62	0.107	7.41514482181588e-267
Sema3f	8.71668656253343e-271	0.331476483311862	0.413	0.047	1.85351623065711e-266
Mxra8	2.68906179541491e-270	0.724283644084896	0.868	0.202	5.71802100177027e-266
Il6st	9.25742422760408e-270	1.67088687353989	0.989	0.526	1.96849868775773e-265
Rbp1	9.47199007508862e-269	0.858521695248865	0.878	0.209	2.01412396956684e-264
Creg1	4.87532279104766e-268	1.52993278917043	0.993	0.687	1.03668863828837e-263
Frk	7.61868906530008e-268	0.359653680455803	0.452	0.057	1.62003804284541e-263
1190002N15Rik	1.25110264954835e-267	0.637876194743871	0.663	0.132	2.66034467399961e-263
Crip2	4.70781871905787e-267	0.9565379408214	0.919	0.241	1.00107057242046e-262
Wt1os	6.43067341170804e-267	0.273290656951775	0.364	0.036	1.3674183942656e-262
Fam110c	1.85058859735447e-265	0.337117896058866	0.341	0.032	3.93509159341455e-261
Ptprk	7.1720785165448e-265	0.398470389227419	0.527	0.079	1.52507077575809e-260
Sytl1	1.03872145806743e-264	0.360858110497411	0.447	0.057	2.20873730843459e-260
Eml2	3.68120335090019e-264	0.535625695216081	0.67	0.134	7.82771080535417e-260
Ccdc187	3.76117481682409e-264	0.251960821139629	0.286	0.021	7.99776213049474e-260
Olfr1372-ps1	5.78206521820234e-264	0.350935256701562	0.38	0.04	1.22949834799855e-259
Cfh	1.12641360936041e-263	1.64086415868202	0.989	0.475	2.39520589894397e-259
Cadm4	1.92559701845933e-263	0.374103216395814	0.553	0.085	4.09458950005193e-259
Ctf1	3.06818837686779e-263	0.309114216953211	0.403	0.046	6.52419576457168e-259
Atp9a	2.49121138514998e-262	0.536786208239364	0.678	0.131	5.29731188938293e-258
Slc39a4	4.03189436657419e-261	0.411950541457505	0.473	0.067	8.57342018108336e-257
Tmc4	7.21876505815501e-261	0.383296504930527	0.507	0.075	1.53499820196608e-256
Plpp1	1.22611002817837e-260	0.696271373452015	0.821	0.195	2.60720036391849e-256
Arhgap8	2.20628085936118e-260	0.30375910712554	0.376	0.04	4.69143561934562e-256
Cpne8	1.89647240057057e-259	0.538348517187755	0.709	0.144	4.03265891257325e-255
Tpbg	5.72461682559882e-259	0.340902345232567	0.436	0.055	1.21728252179533e-254
Bmp4	5.17587025147552e-258	0.576125227386711	0.592	0.103	1.10059705027376e-253
Hspb8	1.72348647223435e-257	0.430238994252847	0.54	0.085	3.66482163455913e-253
Nkx2-3	3.39167758224718e-257	0.511767246094319	0.672	0.128	7.21206321089041e-253
B3gnt9	1.54540375103906e-255	0.426328979940386	0.514	0.079	3.28614653620946e-251
Ajuba	2.27136297706982e-255	0.26804505402045	0.345	0.034	4.82982623444127e-251
Slitrk4	3.07310017261355e-255	0.37535279976301	0.25	0.016	6.53464020704544e-251
Slc44a1	6.47175837868076e-255	0.845520136684885	0.883	0.254	1.37615470164268e-250
Fbln2	1.7049962933108e-254	0.388334510395122	0.776	0.166	3.62550411809609e-250
Csf1	1.11400515155922e-253	0.730392069437415	0.828	0.212	2.36882055427554e-249
Laptm4b	1.34551861322016e-253	0.830899156057462	0.753	0.178	2.86111077915136e-249
Cplx2	2.93084557975825e-253	0.56756366279334	0.377	0.042	6.23215004079794e-249
Foxq1	3.09619160960097e-253	0.323016421051834	0.324	0.03	6.5837418386555e-249
Timp1	3.750396122448e-253	1.63636178641043	0.94	0.347	7.97484231477343e-249
Ppic	5.30720209971459e-253	0.599862908412322	0.769	0.168	1.12852345448331e-248
Hspa12a	1.20152200635734e-252	0.42247714109461	0.564	0.094	2.55491639431826e-248
Me1	1.26589196855673e-252	0.412151176038571	0.498	0.075	2.69179268193904e-248
Spsb1	2.08263362418557e-251	0.764997648190599	0.686	0.153	4.4285121384682e-247
Egfr	2.22132290749823e-251	0.513679330835634	0.644	0.121	4.72342103050424e-247
Mical2	3.27413289314696e-251	0.512573777595644	0.6	0.111	6.96211618398769e-247
Atp10d	7.80522594588098e-251	0.554726210215209	0.636	0.126	1.65970324513213e-246
Rab34	4.00635776123752e-250	0.605948071596156	0.772	0.175	8.51911914349547e-246
Maged2	6.51326320232991e-250	0.650781056991145	0.787	0.186	1.38498028734343e-245
Zfhx4	1.15112466882086e-248	0.61253807309669	0.709	0.148	2.44775149578068e-244
Flrt1	1.93110513160425e-248	0.443490718267035	0.454	0.062	4.10630195184328e-244
Hmgcs2	6.55721023707192e-248	0.789355449534992	0.553	0.096	1.39432518481097e-243
Hoxb7	8.45126153726974e-248	0.388607682500108	0.502	0.076	1.79707625328504e-243
Tbrg1	1.98088276590688e-245	1.14663072691455	0.984	0.497	4.21214911342439e-241
Eml1	4.48177842161672e-245	0.407796999051944	0.545	0.091	9.5300536357258e-241
Hand2	7.00730067969731e-245	0.501728742153951	0.803	0.185	1.49003241653084e-240
Afdn	8.61323833897042e-245	0.713213906702683	0.837	0.229	1.83151900039867e-240
Rcn3	4.02053787557609e-244	1.03548083193877	0.941	0.327	8.549271738625e-240
Ryk	6.00567895166773e-244	0.698589555351826	0.836	0.214	1.27704757228263e-239
Casp12	8.27249544639585e-244	0.540639817372746	0.694	0.148	1.75906343172161e-239
Aldh7a1	2.01630548018165e-243	0.600925460993454	0.737	0.172	4.28747197305826e-239
Scrn1	4.0028228123667e-243	0.392961448009751	0.502	0.078	8.51160242821656e-239
Clip4	6.05797458107464e-242	0.329177714250518	0.424	0.056	1.28816771491971e-237
Ap4e1	7.04703565964647e-242	0.561932743148586	0.616	0.126	1.49848166266722e-237
Lamc3	3.4273289311978e-241	0.319475605944331	0.33	0.033	7.287872239299e-237
Serinc5	8.57688669059247e-241	0.542792479975688	0.641	0.131	1.82378918588758e-236
Oat	1.09128835048451e-239	1.21219870888136	0.976	0.515	2.32051554847027e-235
Gcnt2	7.39665514398025e-239	0.911233820332631	0.901	0.294	1.57282474981596e-234
Mybpc2	1.622568795898e-238	0.332782883351467	0.311	0.029	3.45023028759751e-234
C77080	2.2890514281517e-238	0.332662503487893	0.444	0.062	4.86743895682178e-234
Sod3	5.37450779579429e-238	0.735142145977202	0.766	0.175	1.1428353376977e-233
Saa3	8.15516112881085e-237	2.42119041770093	0.79	0.251	1.73411346243034e-232
Apbb1	1.64646612585632e-236	0.432666588563796	0.564	0.1	3.50104557002087e-232
Prph	6.74050424376041e-236	0.422345775612589	0.268	0.021	1.43330082239321e-231
Grb10	8.47128628483201e-236	0.552541997810796	0.67	0.139	1.80133431560668e-231
Tgfb3	1.02391855288117e-235	0.543109299137375	0.62	0.124	2.17726041084652e-231
Ncoa4	3.02997127030232e-235	1.19663100753591	0.937	0.4	6.44293090917085e-231
Nradd	1.8790603150241e-234	0.454465347274622	0.587	0.11	3.99563385386724e-230
Fth1	2.03648774621179e-234	1.6832454388089	1	0.999	4.33038754354475e-230
Glis2	2.71576845139171e-234	0.387644074568879	0.504	0.081	5.77481003503933e-230
Lurap1l	4.04470285491085e-234	0.390696915736987	0.467	0.07	8.60065615068243e-230
Etfbkmt	7.74556498911511e-234	0.446375556699812	0.551	0.097	1.64701693928544e-229
Igfbp7	1.28966457914242e-233	1.4163650084624	0.998	0.362	2.74234276108843e-229
Nenf	1.41820567569224e-233	1.16469491266852	0.989	0.52	3.01567254879198e-229
Ehd2	2.93190649632475e-233	0.596773138780293	0.833	0.211	6.23440597378494e-229
Synpo	9.98584419388e-233	0.445112229115048	0.55	0.099	2.12338990938664e-228
Plekhh2	1.44811076147322e-232	0.388907540475958	0.538	0.092	3.07926272319665e-228
Rras2	6.40041419781511e-232	0.595161501472621	0.654	0.146	1.3609840750234e-227
Wdr35	1.90206458453645e-231	0.375967792741867	0.52	0.087	4.04455013255831e-227
Sdsl	3.37657669465454e-231	0.273197073976768	0.354	0.04	7.17995268351342e-227
Morn2	3.54666348602728e-231	0.476605806697772	0.605	0.12	7.54162523668841e-227
Sdc2	7.73436612735777e-231	0.564563280119015	0.779	0.183	1.64463561332136e-226
Mast4	9.04865237732754e-230	0.664853146448352	0.82	0.215	1.92410544151493e-225
Tmem176b	2.06715004162083e-229	1.60400217054242	1	0.71	4.39558784850254e-225
Cmbl	2.37144258847715e-229	0.42507782060702	0.519	0.088	5.04263552013781e-225
Kcnd3	1.19307835293744e-228	0.26028040945771	0.275	0.023	2.53696180968617e-224
Selenoi	1.61496074704697e-228	0.64179326497844	0.707	0.173	3.43405253252067e-224
Akr1b8	2.92305684452178e-228	0.396400691515917	0.524	0.09	6.21558807419111e-224
Mylk3	7.10259928730037e-228	0.256500078404226	0.299	0.028	1.51029671245155e-223
Lima1	4.87093324860521e-227	1.06201677582328	0.958	0.417	1.03575524598341e-222
Tpm1	1.19665409832484e-226	0.976161257006485	0.969	0.466	2.54456527467794e-222
Ltbp4	1.45390534901944e-226	0.789548306679491	0.82	0.204	3.09158433415493e-222
Hspb2	1.72719101511514e-226	0.336553191871948	0.463	0.07	3.67269897454083e-222
Rassf9	2.25727011267428e-226	0.285713631355869	0.384	0.047	4.79985916759059e-222
Zc2hc1c	2.70565485945418e-226	0.27813341053785	0.312	0.031	5.75330449314337e-222
Gsdme	4.85780165498598e-226	0.551951678162111	0.67	0.153	1.03296294391622e-221
Prss23	1.85586299757226e-225	0.674827270984892	0.745	0.172	3.94630707803765e-221
Ift122	1.86742554210055e-224	0.367854949994071	0.498	0.083	3.9708936727226e-220
Npy1r	2.12887497984911e-224	0.314888987127972	0.299	0.029	4.52683975715115e-220
Ackr3	2.71832172167925e-224	0.487265093222576	0.53	0.093	5.78023930897875e-220
Procr	3.46584436119003e-224	0.40581247090795	0.527	0.093	7.36977144963448e-220
Krtcap3	8.21333712707613e-224	0.322613163102913	0.424	0.06	1.74648400670147e-219
S100a1	8.37713290127684e-224	1.08523887108393	0.977	0.491	1.78131354012751e-219
Fxyd6	4.86188538262596e-223	0.387009193280708	0.743	0.17	1.03383130776158e-218
Hs3st1	6.16289791113355e-223	0.436870404154104	0.553	0.101	1.31047861182344e-218
Cald1	6.59822459133033e-223	0.888921124693553	0.979	0.352	1.40304647710048e-218
Amigo2	1.43111660361092e-221	0.340808483856092	0.379	0.049	3.04312634591826e-217
Bex4	1.54103056484804e-221	0.261772238897732	0.314	0.032	3.27684739309288e-217
Cadm1	8.65502034459859e-221	0.530623841351298	0.676	0.149	1.84040352607544e-216
Ddr2	4.33695481330703e-220	0.426367586562987	0.633	0.128	9.22210071501608e-216
L3hypdh	4.28693616159895e-219	0.341731396158007	0.447	0.069	9.115741054024e-215
Ppm1l	4.85130022208877e-219	0.378854886524097	0.551	0.101	1.03158047922496e-214
Rhoj	6.54842367811649e-219	0.700389020987078	0.805	0.208	1.39245681091469e-214
Nxnl2	8.01804735214707e-219	0.260505074817906	0.393	0.052	1.70495758896055e-214
Il17rc	3.41003949222947e-218	0.368124878611501	0.527	0.094	7.25110797627674e-214
Fstl1	3.73660873911628e-218	0.603398409381666	0.891	0.244	7.94552482285685e-214
Itpr3	4.68501417959882e-218	0.522799838974134	0.691	0.163	9.96221415149893e-214
Cdc42ep1	1.14635570956006e-217	0.4145178212134	0.543	0.099	2.4376107808085e-213
1700023F06Rik	3.56253899777778e-217	0.283880393059788	0.354	0.043	7.57538292487468e-213
Epb41l5	8.72482601693018e-217	0.284613880280988	0.382	0.05	1.85524700424003e-212
Wwtr1	5.4149471405625e-216	0.50867061237563	0.753	0.181	1.15143435996921e-211
Laptm4a	1.68933355362039e-215	1.33261532182885	0.998	0.825	3.59219886841839e-211
Pou3f1	3.23938604068374e-215	0.310424540745431	0.374	0.048	6.8882304769099e-211
Disp1	7.33913226681696e-215	0.407074194458892	0.53	0.098	1.56059308521596e-210
Smarcd3	9.19299977555607e-215	0.350960820503012	0.457	0.073	1.95479947227424e-210
S100a16	1.14369493706226e-214	0.620459786830404	0.875	0.23	2.43195291416918e-210
Irak1bp1	1.52280281186197e-214	0.44206139240759	0.584	0.117	3.23808789914328e-210
Rtn1	1.84069238691527e-214	0.748253134050694	0.686	0.174	3.91404829153663e-210
Ar	3.61705317429692e-214	0.473328004939657	0.567	0.11	7.69130186982498e-210
Lynx1	7.47099461755708e-214	0.342319167148161	0.478	0.079	1.58863229547734e-209
Cystm1	7.94315419656919e-214	0.587329588092565	0.774	0.199	1.68903230835847e-209
Crtap	1.61755961530468e-213	0.720917327341717	0.847	0.265	3.43957876598387e-209
Tuft1	9.2624488101439e-213	0.300684337304707	0.39	0.054	1.969567114989e-208
Sh3bp4	1.00009018316653e-212	0.390590896003563	0.545	0.103	2.12659176548532e-208
Fzd1	3.03514564910919e-212	0.460694322563687	0.54	0.102	6.45393370826577e-208
Pigyl	3.0770835690925e-212	0.804489023035106	0.893	0.327	6.54311050131829e-208
Msrb3	6.40361234154717e-212	0.402604391431268	0.567	0.111	1.36166412830659e-207
Il7	8.28406593168635e-212	0.250118116846535	0.328	0.038	1.76152377971378e-207
Cldn3	8.55980611241525e-212	0.302986715273358	0.34	0.04	1.82015717174398e-207
Avpi1	1.48869172533291e-211	0.645915702776697	0.764	0.208	3.16555408474791e-207
Htra1	1.57717519194052e-211	0.463744151584807	0.68	0.15	3.35370532814233e-207
Cttn	5.66050893722083e-211	0.471941671205019	0.665	0.152	1.20365062041064e-206
Cacnb3	6.21208459527372e-211	0.347025958644448	0.498	0.086	1.320937668339e-206
Gpx7	6.26301775617093e-211	0.536397004078407	0.554	0.109	1.33176809567219e-206
Acot1	1.08256893799421e-210	0.287886632166754	0.416	0.061	2.30197458975088e-206
Vangl1	1.56888862007199e-210	0.333188254036251	0.449	0.071	3.33608476172108e-206
Gng12	2.78219470866929e-210	1.33407465588843	0.959	0.558	5.91605882851437e-206
Ccdc92	3.59820217708742e-210	0.299415853102805	0.385	0.053	7.65121710935869e-206
Hmgn3	3.76548731077794e-210	0.647534904757315	0.784	0.217	8.00693221763822e-206
Zfp503	1.91789262231398e-209	0.617499076675674	0.663	0.155	4.07820687208844e-205
Ttll7	2.0819854239101e-209	0.252942925056745	0.346	0.042	4.42713380540243e-205
Nr2f2	7.45246160918103e-209	0.406855505463719	0.673	0.15	1.58469143657625e-204
Cacnb2	2.18771310973883e-208	0.256830667124334	0.376	0.049	4.65195315654865e-204
Loxl2	5.35756832031668e-208	0.526569746879836	0.709	0.167	1.13923332763214e-203
Tmem176a	1.98665082378252e-206	1.42995652792784	0.998	0.659	4.22441431169114e-202
Igfbp4	2.31305771175976e-205	1.40859556980744	0.948	0.455	4.91848591828596e-201
Hook1	8.63679549079626e-205	0.290203347584705	0.405	0.06	1.83652819316292e-200
Kif21a	1.26236244850335e-204	0.276511580031484	0.449	0.072	2.68428751049753e-200
Hoxa7	1.69809880436295e-204	0.383778739472253	0.455	0.076	3.61083729759738e-200
Ppp2r2b	7.35169137695325e-204	0.297575726807311	0.39	0.056	1.56326365439534e-199
Hcfc1r1	9.11098174716073e-204	0.992809532424558	0.98	0.575	1.93735915871626e-199
Wfdc1	1.54158061056589e-202	0.552679027655366	0.494	0.089	3.27801701030731e-198
Pls3	4.20628987771289e-201	0.506932208298297	0.74	0.191	8.9442547959687e-197
Fermt2	8.78703778915932e-201	0.534093753434713	0.87	0.236	1.86847571548684e-196
Fkbp7	1.30798706983884e-200	0.551713201704546	0.761	0.199	2.78130370530531e-196
Zc2hc1a	3.01267296947264e-200	0.468502050688889	0.641	0.149	6.40614780228662e-196
Dbi	1.31009379160647e-199	1.14285755594802	0.993	0.851	2.785783438472e-195
Ccdc171	2.77196943612428e-199	0.3333313980056	0.42	0.067	5.89431580897466e-195
2010300C02Rik	5.61666066549077e-199	0.269873675636662	0.343	0.044	1.19432672390996e-194
Ktn1	2.35591082068614e-198	1.05146163662764	0.954	0.508	5.009608769107e-194
Cul7	4.0695260852941e-198	0.381454641846534	0.509	0.097	8.65344026776938e-194
Hmgn1	4.26124074328031e-198	1.08770951591864	0.984	0.631	9.06110231651124e-194
Amotl2	4.8935980756681e-198	0.540952145844361	0.662	0.155	1.04057469481007e-193
Cdc42ep3	9.13898388002267e-198	0.82387846116384	0.823	0.275	1.94331353224802e-193
Matn4	9.42775767321224e-198	0.313510510137704	0.32	0.038	2.00471839163185e-193
Plekha7	1.41392366771974e-197	0.284762989534694	0.345	0.045	3.00656728703925e-193
Trove2	1.80223116305306e-197	0.541129230474811	0.717	0.186	3.83226434511603e-193
Flnc	4.21616128359411e-197	0.359260230848518	0.522	0.099	8.96524535343451e-193
Ypel2	6.10145028883571e-197	0.406877509274288	0.506	0.096	1.29741238941802e-192
Gbp2	1.14521155492272e-196	1.38203723648861	0.989	0.494	2.43517785038767e-192
Mmd	1.38566363707459e-196	0.524722922668105	0.686	0.178	2.94647515787541e-192
Dync1i2	3.00378219253115e-196	0.993337702969336	0.995	0.851	6.38724245419824e-192
Tmem238	5.65866834832213e-196	0.586832944480119	0.728	0.205	1.20325923758722e-191
Slc16a9	5.92526512690847e-196	0.280385482342719	0.346	0.045	1.25994837658582e-191
Gnai1	6.29394881234441e-196	0.332385712500642	0.428	0.069	1.33834527545692e-191
Fkbp11	7.54681018722716e-196	0.431273724074614	0.507	0.098	1.60475371821198e-191
Acsl4	8.8608571019687e-196	1.12497916926535	0.911	0.447	1.88417265416263e-191
Kif13a	9.47386829708179e-196	0.581330617216979	0.694	0.187	2.01452335469147e-191
Yap1	9.78210055383217e-196	0.342845067555622	0.489	0.089	2.08006586176687e-191
Gstp-ps	1.1582898063448e-195	0.5914079300428	0.698	0.184	2.46298744421159e-191
Rbfox2	1.29117789054903e-195	0.477937234548828	0.728	0.183	2.74556066646346e-191
Man1a	1.69971468481136e-195	1.16222475565505	0.958	0.549	3.61427330578288e-191
Zfp651	6.03814910664513e-195	0.329591778648387	0.45	0.077	1.28395202603702e-190
Ube2h	9.36307024985234e-195	0.952095456836714	0.927	0.438	1.9909632579286e-190
Rsph9	1.22092121729414e-194	0.280093680764022	0.411	0.064	2.59616687645426e-190
Fah	2.79704397187112e-194	0.307349355495305	0.413	0.066	5.94763430178674e-190
Farp1	2.98690824913931e-194	0.313845267226869	0.454	0.078	6.35136170096984e-190
Timp2	3.4103886174672e-194	1.15469840815885	1	0.629	7.25185035618226e-190
Tfdp2	4.26114853940297e-193	0.575181545618411	0.751	0.211	9.06090625418648e-189
Rcan2	5.20531823138365e-193	0.298058177756999	0.431	0.071	1.10685886872142e-188
Samd12	7.02366639999674e-193	0.273980432409082	0.343	0.045	1.49351242329531e-188
Timp3	1.31705257464226e-192	0.635125884020698	0.81	0.228	2.80058059471929e-188
Prkg2	1.61938757546133e-192	0.250222839073531	0.281	0.03	3.44346574046096e-188
Tns3	2.57730320566967e-192	0.788002787062712	0.854	0.31	5.48037753653598e-188
Cep170b	7.63319382931917e-192	0.318224063949325	0.434	0.073	1.62312233586643e-187
Sptbn1	1.46046764905837e-191	1.09018332961412	0.992	0.662	3.10553840895771e-187
Isyna1	4.10586090645195e-190	0.705852038222641	0.821	0.274	8.73070263147943e-186
Cdkl2	4.16999596852915e-190	0.293487408004324	0.377	0.056	8.86707942748039e-186
Nfia	1.06865925218423e-189	0.872702194901174	0.953	0.385	2.27239703384455e-185
Stxbp6	1.22042804512014e-189	0.487130011612561	0.675	0.172	2.59511819514346e-185
Cpq	1.39615461950238e-189	0.873189594996619	0.902	0.363	2.96878318290987e-185
Stard10	6.13675730816989e-189	0.426422646686616	0.551	0.117	1.30492007400925e-184
B4galt4	3.00690108429589e-188	0.381530476919825	0.535	0.112	6.39387446564679e-184
Abhd14a	4.03340046730681e-188	0.389534632692392	0.597	0.135	8.57662275368119e-184
Ube2l6	8.58956923294014e-188	0.640527892993553	0.776	0.238	1.82648600169239e-183
Pcsk6	1.2604832314803e-187	0.360462627735961	0.403	0.064	2.68029154341971e-183
Gpam	3.66260351927062e-187	0.358518931776653	0.535	0.111	7.78816012337704e-183
Mapk12	3.95096313570412e-187	0.290004400637118	0.426	0.072	8.40132801176123e-183
Tspan4	2.39467652007152e-186	0.724716318017643	0.87	0.308	5.09204015228007e-182
Tppp	3.09924794622592e-186	0.345076119044086	0.459	0.082	6.59024083285479e-182
Efemp2	3.15525858427077e-186	0.524657197857346	0.741	0.205	6.70934185359336e-182
Cyb5a	3.396689877375e-186	0.981520388784836	0.992	0.67	7.22272135525019e-182
Cpxm1	6.27313289333301e-186	0.296083602005038	0.436	0.073	1.33391897843833e-181
Sema3e	1.60569983003941e-185	0.271299020971239	0.333	0.044	3.4143601185958e-181
Ly75	3.96690177430067e-185	0.295902610120572	0.436	0.076	8.43521993287295e-181
Gnas	5.61085340603918e-185	0.898932467585973	1	0.937	1.19309186826017e-180
Fmod	6.55289743202403e-184	0.338443736753232	0.226	0.019	1.39340810994559e-179
Rbbp8	9.33644242682714e-184	1.08610062197182	0.894	0.436	1.98530111764052e-179
Mapk13	1.61695333066578e-183	0.438909040557893	0.593	0.138	3.43828956232772e-179
Cyp2d22	1.79524131893792e-183	0.408311890304711	0.558	0.119	3.81740114058959e-179
Mprip	1.8853920255616e-183	0.774675841690715	0.932	0.385	4.00909760315418e-179
B9d1	2.66002945123083e-183	0.331564589617844	0.509	0.101	5.65628662509723e-179
Ilvbl	2.66081181013474e-183	0.590463428648065	0.756	0.233	5.65795023307052e-179
Adgrg1	2.98066330377923e-183	0.253486178394133	0.398	0.063	6.33808244915615e-179
Ndrg1	3.58044361331326e-183	0.592796775414087	0.82	0.254	7.61345529934931e-179
Nynrin	1.69407266572577e-182	0.329045412669627	0.468	0.087	3.60227611639927e-178
AI661453	2.04772541887221e-182	0.332181630208857	0.34	0.048	4.35428333068987e-178
Sorbs3	5.65258179090264e-182	0.386297129718573	0.519	0.108	1.20196499201754e-177
Traf3ip2	1.12986051275264e-181	0.342831785299389	0.468	0.089	2.40253539431721e-177
Psip1	1.21632948712987e-181	0.865148227442264	0.896	0.385	2.58640302143296e-177
4932438H23Rik	1.43282375136363e-181	0.253916724011971	0.338	0.047	3.04675642489962e-177
S100a6	1.45086425791425e-181	1.30672855444102	0.998	0.783	3.08511775802885e-177
Copz2	1.50087143314369e-181	0.541379502903327	0.748	0.212	3.19145301543675e-177
Sugct	2.54109850007464e-181	0.326302799201421	0.289	0.034	5.40339185055871e-177
Ctnnb1	5.84625185781023e-181	0.928872816315086	0.985	0.673	1.24314699504477e-176
Cers4	6.9328514978848e-181	0.57396375395971	0.722	0.205	1.47420154251022e-176
Sh3d19	1.5663461171513e-180	0.387535524464006	0.611	0.141	3.33067838351052e-176
Lrrn4cl	1.24738565236048e-179	0.260465443702211	0.382	0.059	2.65244085117933e-175
Pear1	1.64384838865949e-179	0.387651881777115	0.512	0.106	3.49547921364554e-175
Tbl1x	2.88308004226421e-179	0.862665822065654	0.938	0.449	6.13058140187061e-175
Gxylt2	3.27449628178897e-179	0.342173454628604	0.398	0.065	6.96288889359608e-175
Megf9	3.35656097134488e-179	0.355669574055161	0.576	0.128	7.13739124946776e-175
Map1b	6.02461274673082e-179	0.486176640694053	0.662	0.167	1.28107365446484e-174
Fhl1	1.49666640983301e-178	0.431865841358398	0.55	0.12	3.1825114538689e-174
Selenom	4.08562776000859e-178	0.85177988591778	0.971	0.419	8.68767886888227e-174
Fkbp9	7.48263253478848e-178	0.489799029330522	0.728	0.196	1.59110698219742e-173
Trp53bp2	8.08653488446689e-178	0.503858962091655	0.678	0.187	1.71952077783304e-173
Vit	6.38564231149437e-176	0.310337788953092	0.41	0.069	1.35784298111616e-171
Pmm1	7.63191055758864e-176	0.525660434412726	0.711	0.201	1.62284946096565e-171
Map4k3	3.55795859660884e-175	0.409504681472611	0.61	0.148	7.56564315982903e-171
Bace1	4.7234917573288e-175	0.372927710856322	0.537	0.117	1.0044032872784e-170
Ltbp2	6.36600939048731e-175	0.255136999654424	0.263	0.029	1.35366823679322e-170
Ppfibp1	7.65381747995941e-175	0.579678688454842	0.761	0.232	1.62750774893857e-170
Tshz3	1.11192136663008e-174	0.305212078786509	0.41	0.07	2.36438959400219e-170
Skp1a	4.03865521392175e-174	0.969833018326623	0.959	0.601	8.5877964468832e-170
Trip6	4.82913041311994e-174	0.37457028252012	0.566	0.127	1.02686629104582e-169
Serpinb6a	6.18669390831598e-174	0.798431851439585	0.967	0.41	1.31553859266431e-169
2010111I01Rik	8.31481038940488e-174	0.723521451561733	0.836	0.298	1.76806128120305e-169
Vasn	1.39800725537109e-173	0.295784138601137	0.439	0.08	2.97272262782108e-169
St3gal2	6.10586538386706e-173	0.436542810040366	0.595	0.145	1.29835121522549e-168
Flnb	1.49740075739539e-172	0.480175646010014	0.685	0.185	3.18407297052556e-168
Lix1l	3.08526629476221e-172	0.417663200366329	0.659	0.169	6.56051024918236e-168
Pde4dip	4.57567395074456e-172	0.459524826002866	0.646	0.176	9.72971308886323e-168
Hoxc4	4.92883271222669e-172	0.281502049607784	0.424	0.075	1.04806698792788e-167
Oplah	1.00820583950006e-171	0.289122957803922	0.38	0.063	2.14384889711292e-167
Abhd2	5.53973169888653e-171	0.755995535716671	0.823	0.302	1.17796854845123e-166
Tceal8	5.90214518044451e-171	0.680988410983128	0.859	0.323	1.25503215116972e-166
Efna1	6.68649631800474e-171	0.267735493231552	0.403	0.069	1.42181657706053e-166
Col16a1	1.12086687130598e-170	0.315575551862158	0.559	0.122	2.38341131514503e-166
Rab6b	3.78135270179488e-169	0.510189514442488	0.576	0.14	8.04066838509662e-165
Ano6	4.22227179450516e-169	0.780807841301903	0.898	0.399	8.97823874383577e-165
5033428I22Rik	4.53018112606625e-169	0.306242100504222	0.46	0.089	9.63297714646727e-165
Nid2	5.64973048591302e-169	0.440464311144785	0.524	0.116	1.20135869052454e-164
Ifi27	7.27171781425949e-169	0.903279768021734	0.971	0.545	1.54625807602414e-164
Acaa2	9.96430639446917e-169	0.811149559482371	0.909	0.412	2.11881011171992e-164
Cnpy2	1.1440413791522e-168	0.838004246087446	0.95	0.498	2.43268958862923e-164
Tacc2	2.19295481108118e-168	0.324448336097011	0.502	0.105	4.66309911028303e-164
Ddb1	1.08509796059525e-167	0.814939121447705	0.938	0.5	2.30735230340973e-163
Rabgap1l	1.54182301349585e-167	0.69223340645567	0.793	0.274	3.27853245589757e-163
Ndufa4	7.5043198070635e-167	0.808965034151253	0.993	0.915	1.59571856377398e-162
Pard3	1.24849780332354e-166	0.277805262914449	0.439	0.082	2.65480572898718e-162
Tgtp1	2.84126884084781e-166	0.300349159352141	0.358	0.057	6.04167406317879e-162
Nfix	3.70534226243123e-166	0.703906675267309	0.95	0.414	7.87903978683377e-162
Gkap1	5.16362046130794e-166	0.5718561809614	0.785	0.251	1.09799225489252e-161
Abcb1b	4.0488899084899e-165	0.962268732448532	0.72	0.242	8.60955950141292e-161
St5	4.99771020714245e-165	0.292481791908347	0.468	0.093	1.06271309844677e-160
Enpp5	8.44551870485153e-165	0.357160301453205	0.559	0.128	1.79585509739963e-160
Nupr1	1.516125935927e-164	1.24052466400217	0.889	0.389	3.22389019015517e-160
Cd320	4.15585921035619e-164	0.428010295100751	0.624	0.161	8.8370190249014e-160
Crebl2	8.50295183935974e-164	0.389232179932528	0.548	0.129	1.80806767912145e-159
Acp5	1.42025430409915e-163	0.594194372962253	0.836	0.288	3.02002875223644e-159
Slc4a8	1.92508952967468e-163	0.283475059890133	0.369	0.062	4.09351037590023e-159
Gstp1	2.98557514126591e-163	0.581873172903366	0.673	0.202	6.34852698038783e-159
Tmem53	6.79132131082111e-163	0.277288374778778	0.402	0.073	1.444106563533e-158
Dlg3	8.35149904180434e-163	0.314592221013765	0.41	0.076	1.77586275624927e-158
Coq8a	1.20648088900088e-162	0.254776505798127	0.353	0.057	2.56546096237147e-158
Tkfc	1.47964759538635e-162	0.264978762971799	0.395	0.07	3.14632264682953e-158
Fat1	3.05285209692344e-162	0.316274138173966	0.441	0.086	6.49158469889801e-158
1110065P20Rik	3.19275060425286e-162	0.581975047440975	0.756	0.255	6.78906488488328e-158
Rcn1	3.41532636312401e-161	0.479580601225918	0.746	0.222	7.2623499785469e-157
Gga2	8.73340403353031e-161	0.454733979700276	0.6	0.16	1.85707103368989e-156
Pgrmc1	1.93466632656753e-160	0.740808960859349	0.881	0.369	4.11387447681319e-156
Pard3b	2.82716714392683e-160	0.307214665680503	0.449	0.089	6.01168821484602e-156
Hoxc8	2.97674413015691e-160	0.383591727090814	0.306	0.043	6.32974871836566e-156
Tmem255a	1.30145204424561e-159	0.252298495418883	0.315	0.046	2.76740762688387e-155
Hoxc6	1.56440012639163e-159	0.317700422888602	0.363	0.061	3.32654042875917e-155
Agrn	1.57506352562303e-158	0.320113965640461	0.488	0.105	3.34921508088482e-154
Rad51b	3.07462325801072e-158	0.468630858383881	0.58	0.147	6.53787889583399e-154
Phgdh	5.41137944120096e-158	0.400409066219453	0.639	0.169	1.15067572437697e-153
Tapbp	1.26176051061584e-157	0.863818377528364	0.993	0.779	2.68300754977353e-153
Tmtc2	1.71815245830657e-157	0.260086078717299	0.393	0.071	3.65347938734308e-153
Ak3	4.373054118193e-157	0.598968592616117	0.8	0.289	9.2988622769256e-153
Piezo1	6.88657130212607e-157	0.537770722967601	0.741	0.24	1.46436052168409e-152
Wfdc2	1.21441617250779e-156	0.255739514959512	0.203	0.019	2.58233454922057e-152
Ift43	1.64627173166716e-156	0.418944971226311	0.646	0.177	3.50063221021704e-152
Cc2d2a	6.31383810653357e-156	0.269295247824935	0.439	0.086	1.3425745349733e-151
Wls	6.90428103012103e-156	0.82547325428599	0.945	0.486	1.46812631824494e-151
Dhx32	1.01564619880325e-155	0.375326394733266	0.589	0.151	2.15967007713523e-151
Dhrs4	3.09895990438096e-155	0.583056814922875	0.763	0.268	6.58962834067567e-151
Tcaf1	3.49800927729278e-155	0.356947691687313	0.569	0.138	7.43816692723537e-151
Anxa9	3.60370505370809e-155	0.272249240196891	0.315	0.048	7.66291842620488e-151
Arhgap5	6.40506903733705e-155	0.691415292284225	0.927	0.408	1.36197388009935e-150
Tceal9	6.88122258593826e-155	0.849110457699148	0.969	0.591	1.46322317067391e-150
Actn1	1.5600224035765e-154	0.671561161626867	0.836	0.305	3.31723163896507e-150
Chek2	2.16900782161088e-154	0.313272828637069	0.465	0.1	4.61217823187337e-150
Tmem263	7.43505476746862e-154	0.419662995128658	0.642	0.178	1.58099004575453e-149
2510002D24Rik	7.61814767287243e-154	0.461154912728075	0.683	0.204	1.61992292115959e-149
Gm45551	7.83122442170054e-154	0.28744811540216	0.195	0.017	1.6652315610304e-149
Bcr	1.00835543658104e-153	0.329142625560415	0.589	0.152	2.14416700034593e-149
Oasl2	2.1594125230135e-153	0.77894551697408	0.902	0.386	4.5917747889359e-149
Fam114a1	2.5649816248669e-153	0.451424601487129	0.65	0.185	5.45417692711698e-149
Itgb8	3.46810992544049e-153	0.267785061299715	0.299	0.043	7.37458894545665e-149
Arhgap32	5.60817125074512e-153	0.292605492806105	0.421	0.083	1.19252153475844e-148
Lamb2	2.67068045668281e-152	0.394652289990017	0.584	0.146	5.67893492309033e-148
Hdgfl3	3.41013019794493e-152	0.330025821270292	0.587	0.146	7.25130085291009e-148
Exoc6b	4.40100543904947e-152	0.49393327578981	0.689	0.21	9.35829796559479e-148
Ccs	2.48192519435848e-151	0.6056727873442	0.816	0.31	5.27756573328388e-147
Ifitm3	3.07289074042619e-151	1.01936335603605	1	0.921	6.53419487044226e-147
Wwc2	1.10801010573867e-150	0.545106588978416	0.767	0.259	2.35607268884271e-146
Tjp2	1.25702659819323e-150	0.349860035218564	0.592	0.156	2.67294135839809e-146
Rnase4	2.4109912717316e-150	0.887790431726041	0.977	0.547	5.12673184021007e-146
Tspan7	3.22053953075508e-150	0.252168671807073	0.517	0.118	6.8481552581976e-146
Sh3rf1	3.82295422219596e-150	0.295855852437325	0.441	0.093	8.12912985807749e-146
Ly6e	4.28001858870767e-150	0.947547420369817	0.997	0.897	9.10103152702799e-146
Trp53inp2	4.70368236014291e-150	0.530910871682845	0.667	0.205	1.00019101706079e-145
Adamts9	9.78643745942736e-150	0.255392448146934	0.293	0.042	2.08098806137263e-145
Gja1	2.02010876056757e-149	0.260629970558788	0.849	0.294	4.29555926847088e-145
Slc44a2	5.07146901378423e-149	0.591807011007366	0.758	0.26	1.07839717109108e-144
Gm12193	6.07927922175215e-149	0.250593677278369	0.233	0.027	1.29269793371338e-144
Echs1	1.01734079598018e-148	0.710863362728948	0.912	0.436	2.16327346857225e-144
Fam92a	2.34770786628054e-148	0.452637934314078	0.704	0.216	4.99216600685893e-144
Il18bp	3.58121596410807e-148	0.478160732914773	0.68	0.207	7.6150976260794e-144
Ptgfrn	4.56877175173609e-148	0.380318177387559	0.611	0.163	9.71503625289162e-144
Atp2b4	1.15317610742892e-147	0.522525460742237	0.813	0.279	2.45211367483686e-143
Ndn	2.88004279223292e-147	0.31377808746728	0.543	0.129	6.12412299340409e-143
Cd9	1.10376166008366e-146	0.489959424685031	0.979	0.457	2.34703879400189e-142
Myof	2.03736322949099e-146	0.761305917283662	0.933	0.474	4.33224917118963e-142
Mical3	2.58373939934714e-146	0.252215024749038	0.385	0.073	5.49406345877176e-142
Igf2r	5.38323724511207e-146	0.47760736071406	0.712	0.224	1.14469156780063e-141
Gfpt2	7.69753021193234e-146	0.324048142043138	0.364	0.066	1.63680282426529e-141
Vim	8.66516179805772e-146	1.09831284291469	1	0.885	1.84256000473899e-141
Mmp23	9.38027449199167e-146	0.287180387543592	0.489	0.109	1.99462156797711e-141
Arhgap10	1.29375126721129e-145	0.497640463279882	0.753	0.256	2.7510326945981e-141
Hotairm1	3.35170426482222e-145	0.39891579965861	0.605	0.168	7.12706394871796e-141
Pelp1	7.57100172672402e-145	0.478570821834136	0.662	0.21	1.6098978071706e-140
Aplp1	1.04764055748434e-144	0.252722690026484	0.325	0.053	2.2277028814347e-140
Slc48a1	4.54111768205152e-144	0.631768028399229	0.831	0.335	9.65623263911435e-140
Vcl	2.07181379105484e-143	0.548102660220193	0.818	0.297	4.40550484529901e-139
Rbms3	3.17097028838349e-143	0.339044208000589	0.496	0.114	6.74275122121866e-139
Ckmt1	3.71666648613761e-143	0.326200517876456	0.285	0.042	7.90311961612302e-139
Sntb2	8.98324056460463e-143	0.545451272878956	0.859	0.328	1.91019627365753e-138
Bcar3	1.04414461517711e-142	0.330888923555883	0.507	0.124	2.2202691097126e-138
Sema6a	1.06994015010645e-142	0.43886018504305	0.472	0.108	2.27512073518636e-138
Rassf8	1.17125057148196e-142	0.300728993473906	0.498	0.118	2.49054721519923e-138
Agap1	2.82210663187241e-142	0.53928746631511	0.751	0.252	6.0009275420135e-138
Epb41l3	2.84475509541637e-142	0.357613885869168	0.363	0.067	6.04908723489338e-138
Sil1	1.3146190824762e-141	0.424167668828501	0.628	0.186	2.79540601697739e-137
Isoc1	1.6701594700728e-141	0.687416424163258	0.925	0.471	3.5514270971628e-137
Nipsnap1	2.86140234215267e-141	0.292439672466029	0.452	0.102	6.08448594035344e-137
Wdr6	3.48158777051596e-141	0.343982704400603	0.548	0.141	7.40324823522514e-137
Slurp1	8.85364943083118e-141	0.540568288847343	0.132	0.008	1.88264001497194e-136
Slit2	9.12502323234082e-141	0.250354909032626	0.348	0.061	1.94034494012495e-136
Ptgs1	1.02423504458689e-140	0.785557980593319	0.935	0.459	2.17793339880957e-136
Enpp4	1.67261963051029e-140	0.364983121520672	0.597	0.162	3.55665838231708e-136
Tmc6	4.60953311461001e-140	0.449075213301263	0.67	0.214	9.80171121490672e-136
Tpbgl	7.90240735023077e-140	0.325678702839167	0.42	0.089	1.68036789895307e-135
Olfml1	1.11419293498759e-139	0.25868030237482	0.408	0.082	2.36921985695762e-135
Nod1	6.31731895625347e-139	0.381025524244079	0.589	0.165	1.34331470285774e-134
Iscu	2.12973348971518e-138	0.836219044238422	0.954	0.608	4.52866529253037e-134
Ephx1	3.8098299117019e-137	0.562659652239498	0.644	0.192	8.10122232424293e-133
Arhgef18	6.13036502361593e-137	0.318889950879042	0.502	0.125	1.30356081862169e-132
Tanc1	1.39726268080125e-136	0.26976046861476	0.455	0.103	2.97113936445578e-132
Bcl9l	2.1871070962031e-136	0.395792978159061	0.624	0.184	4.65066452936628e-132
Tmem107	3.48322702979964e-136	0.265702803109153	0.444	0.099	7.40673395616595e-132
Pkdcc	3.99173931148393e-136	0.467119846787739	0.61	0.181	8.48803447193943e-132
Asns	1.49345840904647e-135	0.281458695774593	0.444	0.101	3.17568996099642e-131
Shb	7.45939155982058e-135	0.319465190224789	0.532	0.14	1.58616502128025e-130
Zfp664	1.18307729741176e-134	0.506092082274754	0.717	0.256	2.51569556521638e-130
Ggct	1.30714318696693e-134	0.44621386493523	0.636	0.198	2.77950927276648e-130
Cbx6	1.35327087514768e-134	0.389871055428642	0.67	0.202	2.87759518891403e-130
Plec	1.73822896311915e-134	0.716293557710372	0.904	0.438	3.69617006717655e-130
Ctnna1	1.76979109835413e-134	0.725634219229069	0.961	0.596	3.76328379154023e-130
Magi3	2.02656278969045e-134	0.283223918414201	0.473	0.112	4.30928311599777e-130
Rbm28	2.38668931775389e-134	0.897333651921125	0.914	0.481	5.07505616527186e-130
Ccl27a	4.54990817900421e-134	0.252961945146722	0.433	0.096	9.67492475183454e-130
Hacd4	5.59817117557875e-134	0.780902494669139	0.948	0.504	1.19039511877506e-129
Ssbp2	1.88701070794842e-133	0.420676410250183	0.712	0.229	4.01253956938152e-129
Jup	3.65093057488935e-133	0.410315292924127	0.722	0.236	7.7633387744447e-129
Ahnak	1.15461721646748e-132	0.877183997112544	0.997	0.851	2.45517804909644e-128
Suclg2	2.64083623252292e-132	0.548027660340303	0.782	0.306	5.61547416483673e-128
Crls1	2.91653504251372e-132	0.483724398500795	0.646	0.213	6.20172011440118e-128
Pde10a	3.87497054909852e-132	0.268216541446617	0.272	0.041	8.23973737560308e-128
Kdelc2	4.44383116581767e-132	0.367522643963127	0.582	0.164	9.4493625909947e-128
Nphp1	5.37851769147628e-132	0.250417838913626	0.361	0.071	1.14368800191552e-127
Fgf2	5.4992854010694e-132	0.293714448972914	0.418	0.091	1.1693680476834e-127
Trim2	8.46873663221889e-132	0.354169181533394	0.525	0.137	1.80079215747502e-127
Serf1	2.13906540686013e-131	0.375683706248435	0.629	0.191	4.54850868114737e-127
Cpt1a	3.32449127980952e-131	0.571956414332071	0.811	0.333	7.06919825738696e-127
Smad5	3.45244201830353e-131	0.37636936675307	0.701	0.226	7.34127270772064e-127
Gdpd5	9.02688638382464e-131	0.252813311939432	0.359	0.071	1.91947712065647e-126
Fuom	9.07172156019491e-131	0.466273847948246	0.711	0.247	1.92901087255985e-126
Thbs3	1.05729545747848e-130	0.258887585425722	0.393	0.081	2.24823306078225e-126
Cfl2	1.74716651986696e-130	0.560235487633738	0.886	0.384	3.71517488784511e-126
Il11ra1	4.06055590002036e-130	0.512557014880262	0.854	0.334	8.63436606580329e-126
Chl1	1.93294536699032e-129	0.298558541094896	0.418	0.091	4.11021502836821e-125
Adam12	2.73280964706037e-129	0.298403117365436	0.246	0.035	5.81104643350917e-125
Zcchc14	3.57592732327813e-129	0.329869547352063	0.553	0.148	7.60385186021861e-125
Anapc1	4.80293238263821e-129	0.59125791717123	0.793	0.331	1.02129554184419e-124
Slc43a3	8.40819259233749e-129	0.264001591816103	0.683	0.207	1.78791807283464e-124
Ei24	8.49904372563221e-129	0.52771665279622	0.811	0.326	1.80723665781843e-124
Gnptab	9.69462901751431e-129	0.484257968391896	0.663	0.223	2.06146591428424e-124
Cd82	1.07872248946948e-128	0.486946803696478	0.828	0.316	2.2937955016079e-124
Ptov1	2.63228117159284e-128	0.61226245713055	0.889	0.412	5.59728268327501e-124
Ift80	2.92235684423854e-128	0.257889092780436	0.402	0.087	6.21409959358883e-124
Cox6b2	4.17136329044167e-128	0.46971747078713	0.545	0.152	8.86998690079517e-124
Lmna	8.48006891068642e-128	0.730226412285703	0.937	0.482	1.80320185316836e-123
Atl3	1.10259054351551e-127	0.586832131554285	0.859	0.383	2.34454853173137e-123
Stk39	3.44764358443791e-127	0.423665345136515	0.58	0.173	7.33106931794877e-123
Anxa2	4.83001440236982e-127	0.907523088416817	0.997	0.708	1.02705426251992e-122
Etl4	1.53109875838461e-126	0.27121987218307	0.441	0.102	3.25572839982904e-122
Adam33	8.0167942072832e-126	0.387024812319724	0.431	0.1	1.7046911202367e-121
Tob1	9.043775708342e-126	0.523226066788121	0.706	0.244	1.92306846662184e-121
Dctn6	2.35955992071543e-125	0.640406421484294	0.847	0.395	5.01736821540928e-121
Lzts2	2.88962415497839e-125	0.30716995653986	0.494	0.127	6.14449680314604e-121
Armcx1	4.81840212538861e-125	0.252918722539336	0.39	0.083	1.02458502794263e-120
Arl6	8.04863426356505e-125	0.251843011328396	0.433	0.101	1.71146158980447e-120
Khdrbs3	9.70608493241551e-125	0.296679440746356	0.483	0.121	2.06390190002883e-120
Itgav	1.40037047168881e-124	0.584784206215742	0.859	0.383	2.97774777099909e-120
Mpp5	1.7101812819607e-124	0.375047652894453	0.593	0.179	3.63652947796123e-120
Hoxa5	1.82345837787648e-124	0.270948682458731	0.421	0.096	3.87740189471656e-120
Smpd1	1.95035415437037e-124	0.435921795149542	0.694	0.237	4.14723307385316e-120
Dtx2	2.51147266586181e-124	0.340035644144582	0.54	0.154	5.34039547668855e-120
Miga1	1.14326596169033e-123	0.260251624787401	0.382	0.082	2.43104074093832e-119
Paxx	1.45997486714417e-123	0.355826395155658	0.615	0.189	3.10449055749536e-119
Myh10	2.24925254281534e-123	0.418249639687529	0.641	0.203	4.78281060704254e-119
Sfxn1	5.58794560555812e-123	0.602187586523296	0.885	0.418	1.18822075356588e-118
Lpp	7.35867554574327e-123	0.674441884721838	0.948	0.547	1.56474876804685e-118
Pkd2	8.16630512412415e-123	0.431585546529847	0.72	0.248	1.73648312159376e-118
Ext2	1.54067818083016e-122	0.464518456110714	0.777	0.294	3.27609808371726e-118
Crybg3	2.3008177125483e-122	0.592354858567664	0.771	0.315	4.89245878396271e-118
Fkbp10	3.78340982841679e-122	0.273956311208391	0.476	0.118	8.04504265914546e-118
Golgb1	6.45346588378549e-122	0.692325271427198	0.904	0.479	1.37226498552815e-117
Cbx5	8.92744101369754e-122	0.612421302685908	0.859	0.381	1.89833105715264e-117
Decr1	2.03416577374187e-121	0.39375686622425	0.678	0.23	4.32545010128471e-117
Cdc42ep5	3.50604413128082e-121	0.277216728000365	0.504	0.131	7.45525224075554e-117
Ldhb	4.36355212786588e-121	0.357645518809659	0.756	0.266	9.27865724469402e-117
Xrcc5	6.55372724173221e-121	0.259896050762328	0.431	0.104	1.39358456068194e-116
St3gal5	6.73224219975555e-121	0.320975633925748	0.528	0.147	1.43154398135602e-116
Pdzd2	1.73061629224137e-120	0.372824136724761	0.449	0.109	3.67998248382204e-116
Usp6nl	4.94150563537032e-120	0.270339305331292	0.439	0.108	1.05076175830514e-115
Stmn1	5.02808389987082e-120	0.400185050941942	0.789	0.291	1.06917176046853e-115
Tubb2b	6.49040291910374e-120	0.297298980446706	0.424	0.102	1.38011927671822e-115
Ctso	8.13227639949895e-120	0.523424480244457	0.758	0.298	1.72924725358946e-115
Capns1	1.09172133940536e-119	0.688680795937696	0.993	0.822	2.32143625611156e-115
Cuedc1	1.34076469171139e-119	0.278593679643784	0.53	0.144	2.85100204045511e-115
Kat6b	1.47936160685911e-119	0.380077712611103	0.603	0.192	3.14571452082521e-115
Vps13a	2.01953310182391e-119	0.572267514064609	0.78	0.329	4.29433518771837e-115
Atpif1	3.00986531606927e-119	0.696805886464707	0.993	0.86	6.4001776080897e-115
Rnf11	4.05863213724449e-119	0.58149970794677	0.859	0.396	8.63027537663669e-115
Gstm1	5.61707584334044e-119	0.517006050214388	0.846	0.349	1.19441500732791e-114
Ube4b	8.59586619492626e-119	0.504256744462722	0.743	0.296	1.82782498768912e-114
Arsb	1.92282776722677e-118	0.37167212426825	0.613	0.194	4.08870096423101e-114
Col4a4	2.26375176908069e-118	0.262076351011997	0.237	0.035	4.81364176177317e-114
Plscr4	3.66911024853297e-118	0.309154498758473	0.546	0.153	7.8019960324805e-114
Arhgef10	4.05568985523253e-118	0.25077641499859	0.434	0.105	8.62401890816646e-114
Pam	1.23000092068764e-117	0.381426417344129	0.81	0.302	2.6154739577502e-113
Fnbp1l	1.24859765983749e-117	0.327236214294926	0.576	0.171	2.65501806387843e-113
Smarca2	3.55531804717954e-117	0.578351768450849	0.852	0.38	7.56002829552257e-113
Serpinb9	6.94117866073254e-117	0.38255486991245	0.738	0.265	1.47597223041817e-112
Socs5	1.01019770779449e-116	0.319343454259076	0.532	0.152	2.14808440585421e-112
Ifitm2	1.22903982001702e-116	0.780002092153533	0.998	0.906	2.61343027328418e-112
Zfyve21	2.64980312538766e-116	0.397925880877427	0.644	0.214	5.63454136582432e-112
F830016B08Rik	7.87480730828167e-116	0.259583575133529	0.291	0.053	1.67449902603302e-111
Ifi27l2a	1.06270302759802e-115	0.897493123412781	0.993	0.809	2.25973171788443e-111
Filip1	1.310066615389e-115	0.28208458499186	0.395	0.092	2.78572565096317e-111
Ergic3	1.12664816677137e-114	0.649378185673392	0.953	0.56	2.39570466182263e-110
Esr1	1.18996164670231e-114	0.275903595542261	0.304	0.059	2.5303344455478e-110
Vkorc1	3.59884495498779e-114	0.642057215586135	0.875	0.433	7.65258391228604e-110
Angptl7	3.93195034965523e-114	0.285505936382885	0.135	0.011	8.36089922350689e-110
mt-Cytb	8.70507169537956e-114	0.567952845420661	1	0.997	1.85104644530551e-109
1600012H06Rik	9.56180121821881e-114	0.436918047770694	0.673	0.245	2.03322141104205e-109
Ogfod3	3.3449372874237e-113	0.268342353919954	0.447	0.116	7.11267464797775e-109
Gm45540	5.84473602446287e-113	0.263512964830003	0.22	0.031	1.24282466824178e-108
Lpcat3	8.59510528085341e-113	0.409641917697591	0.709	0.264	1.82766318692067e-108
Lox	7.05656798622013e-112	0.307058318229275	0.312	0.061	1.50050861658985e-107
Ift74	2.44556735036002e-111	0.293148802523346	0.494	0.139	5.20025441380556e-107
Ecm1	3.55375282526838e-111	0.425724363267196	0.86	0.355	7.55670000765069e-107
Dst	4.46002300885908e-111	0.40518987260034	0.847	0.35	9.48379292603794e-107
S100a11	8.3690706446778e-111	0.779436609935359	0.995	0.806	1.77959918188429e-106
Mid1ip1	1.03756075841703e-110	0.465898105985674	0.725	0.276	2.20626919669798e-106
Gstm5	1.31368681265664e-110	0.323404480871096	0.633	0.205	2.79342363843309e-106
Scd1	1.66237430038065e-110	0.258459187917261	0.433	0.109	3.5348727123294e-106
Trpm7	4.34867585894635e-110	0.590161743857196	0.87	0.421	9.24702434646352e-106
Aprt	1.03356600725015e-109	0.753848807847318	0.979	0.723	2.19777475781672e-105
Sesn3	1.71995560562684e-109	0.415786349167308	0.68	0.244	3.65731359980491e-105
Ccser2	1.86394586917114e-109	0.427273256399314	0.704	0.262	3.9634944962055e-105
Zadh2	3.27276582336955e-109	0.313242258863274	0.558	0.172	6.95920924681301e-105
Snap47	3.52470551722255e-109	0.270939824792505	0.532	0.156	7.49493381182204e-105
Chchd6	4.55412095219633e-109	0.269133793648064	0.527	0.155	9.68388279275027e-105
Map1lc3a	6.33574408154429e-109	0.5613936771569	0.912	0.448	1.34723262149958e-104
Thra	1.06865369754595e-108	0.415908725869945	0.754	0.279	2.27238522246172e-104
Hdlbp	1.89852398543961e-108	0.715757066202587	0.976	0.714	4.03702140263879e-104
Qser1	3.03418038062193e-108	0.321628660336701	0.54	0.164	6.45188116135448e-104
Pdlim1	3.31775396641863e-108	0.424959517152896	0.803	0.326	7.05487203419257e-104
B4galt1	4.1678247726957e-108	0.620213173755729	0.911	0.487	8.86246259666014e-104
Pik3ip1	4.64012312343359e-108	0.348068648073612	0.468	0.13	9.86675780966919e-104
Amer1	5.10888613349413e-108	0.256240404814098	0.382	0.092	1.08635354742619e-103
Mgmt	9.49678059591343e-108	0.280240913837169	0.411	0.105	2.01939542591503e-103
Mindy1	1.44608101930854e-107	0.398663010298767	0.707	0.264	3.07494667945768e-103
Anapc4	1.53246270268956e-107	0.421227295223484	0.696	0.268	3.25862869099908e-103
Rabac1	2.58711953422067e-107	0.66069780808096	0.985	0.754	5.50125097756684e-103
Ikbip	7.90692903633244e-107	0.342810435758273	0.649	0.223	1.68132939028573e-102
Gcnt1	2.38324806293225e-106	0.352302432914908	0.621	0.211	5.06773868101913e-102
Arhgap18	2.85189186185275e-106	0.639566234670095	0.875	0.426	6.06426285504369e-102
Rbpms	5.54747539788712e-106	0.30850717949746	0.914	0.422	1.17961516860672e-101
Endod1	5.74462910153234e-106	0.330863868020633	0.623	0.211	1.22153793214984e-101
Clca3a2	2.38820181872754e-105	0.375775611823043	0.185	0.024	5.07827234734223e-101
Setd7	3.09077703751125e-105	0.408725709990977	0.707	0.271	6.57222829256392e-101
Dennd4c	4.42971049666829e-105	0.410118835802442	0.642	0.235	9.41933640011546e-101
Pef1	6.50554890494814e-105	0.360436117319467	0.611	0.208	1.38333991914817e-100
Irgm2	6.69185280394996e-105	0.456531183888127	0.637	0.232	1.42295558023192e-100
Slc25a4	1.06816321077118e-104	0.554237157255403	0.987	0.742	2.27134225138384e-100
Cpne3	1.68311613792592e-104	0.638719735031964	0.894	0.511	3.57897815568568e-100
Kif1c	2.10061625754437e-104	0.403014763816981	0.706	0.271	4.46675041004234e-100
Celf4	2.13470150062051e-104	0.33113580475866	0.488	0.142	4.53922927091945e-100
Esyt2	5.12027108203724e-104	0.510212090691456	0.815	0.365	1.0887744428844e-99
Nbeal1	6.09145989637244e-104	0.559226214569981	0.841	0.402	1.29528803236464e-99
Hlcs	1.00223344824521e-103	0.255735567484124	0.455	0.126	2.13114920434861e-99
March8	1.0167071474854e-103	0.334153287064362	0.613	0.208	2.16192607841295e-99
Plekhb2	1.38375421784737e-103	0.476018713463617	0.772	0.327	2.94241496883065e-99
Emp3	1.45125063251782e-103	0.606289480681295	0.995	0.846	3.0859393449859e-99
Mettl26	3.27847075055684e-103	0.390865102380915	0.66	0.244	6.97134020398406e-99
Snta1	3.28072366745424e-103	0.253910226716089	0.454	0.126	6.97613080647469e-99
Tmed3	8.25687646632449e-103	0.605660091789436	0.937	0.57	1.75574221179924e-98
Creb3l2	9.14180855689319e-103	0.40855516519694	0.667	0.243	1.94391417153777e-98
Pcca	1.34373482335232e-102	0.302205137336032	0.494	0.149	2.85731772837637e-98
Plp2	2.00900532127543e-102	0.46530110468044	0.82	0.349	4.27194891516008e-98
Creb3	2.31856865279102e-102	0.451815408920676	0.789	0.342	4.93020438329482e-98
Afap1	2.50809032257203e-102	0.260874365570054	0.514	0.151	5.33320326191716e-98
Tut4	3.25674307652249e-102	0.603688666409811	0.906	0.499	6.92513847791742e-98
Cracr2b	4.67015442983143e-102	0.256257548172007	0.506	0.148	9.93061637959356e-98
Plxnb2	8.58598035394365e-102	0.557210913530263	0.873	0.433	1.82572286246258e-97
Sdc4	2.15655583633862e-101	0.685196061516901	0.997	0.763	4.58570033039045e-97
Xdh	7.1684481660242e-101	0.61016130237163	0.896	0.472	1.52429881802339e-96
Bgn	1.30065081270928e-100	0.354395860678897	0.543	0.168	2.76570388814502e-96
Hpgd	3.25587238575004e-100	1.67118572454059	0.629	0.288	6.92328704105889e-96
S100a10	4.10568934360728e-100	0.780498221381612	0.998	0.783	8.73033782024652e-96
Ift57	4.25818411987277e-100	0.272903218544287	0.499	0.151	9.05460271249745e-96
Myo1c	5.63951539631899e-100	0.516756189936078	0.836	0.398	1.19918655387327e-95
Arid4b	7.49662171161551e-100	0.597653763095655	0.868	0.465	1.59408164075792e-95
Pla2g16	2.32783025347659e-99	0.503114471263647	0.841	0.374	4.94989825099262e-95
Inf2	3.20635921882797e-99	0.261408076957297	0.449	0.127	6.81800224291579e-95
Golim4	6.5247878327043e-99	0.368265537786202	0.741	0.298	1.38743088474624e-94
Ptma	1.78223400990235e-98	0.516122501697016	1	0.991	3.78974239865635e-94
Tulp4	1.927520822679e-98	0.545256942918809	0.833	0.407	4.09868027734462e-94
Strbp	2.04829166495173e-98	0.307201380493716	0.577	0.195	4.35548739635336e-94
4931406P16Rik	4.12115869670039e-98	0.446553070077641	0.753	0.318	8.7632318526637e-94
Prr13	1.24334901965493e-97	0.644676324293692	0.953	0.65	2.64385735539424e-93
Nfe2l1	1.32301801230482e-97	0.589299364021394	0.919	0.531	2.81326550136497e-93
Sfxn3	1.40299922425137e-97	0.352172705316186	0.631	0.228	2.98333755044811e-93
Pdia3	4.27156607327194e-97	0.631976677085103	0.995	0.919	9.08305809820545e-93
Sptan1	7.84652558968354e-97	0.57535332873937	0.901	0.495	1.66848520139031e-92
Otud7b	8.80631164151078e-97	0.271071270932127	0.502	0.154	1.87257410745085e-92
Rap2a	8.22766203213435e-96	0.559594100679908	0.859	0.438	1.74953005451305e-91
Prdx2	1.13128239791612e-95	0.618443771323741	0.966	0.739	2.40555889092885e-91
Gna11	1.41372452809047e-95	0.327750782882087	0.727	0.281	3.00614383653158e-91
Kctd10	1.79321358282647e-95	0.396314062678255	0.665	0.257	3.81308936252221e-91
Pmp22	2.478128308287e-95	0.390862781562503	0.875	0.355	5.26949203474148e-91
Larp1b	3.09744914629848e-95	0.336444791585011	0.572	0.2	6.5864158646891e-91
Btbd3	8.58187216527438e-95	0.262379494708762	0.504	0.155	1.82484929722394e-90
Pdcd4	9.12412331665676e-95	0.508027851251509	0.911	0.485	1.94015358205389e-90
Fam110a	1.10134925650297e-94	0.299624873755712	0.494	0.156	2.34190905902791e-90
Ift27	2.22368042514898e-94	0.291095124545895	0.616	0.216	4.72843405603678e-90
Sept10	3.65257595073077e-94	0.254634334621292	0.491	0.15	7.76683750163391e-90
Ide	4.13613645780277e-94	0.35878287334562	0.712	0.283	8.7950805638718e-90
Gm20559	4.473194102751e-94	0.296881168675921	0.574	0.195	9.51179994008972e-90
Mettl7a1	5.20687904323174e-94	0.286003368857274	0.488	0.147	1.1071907597528e-89
Tmem205	5.45224137291581e-94	0.411155797584461	0.745	0.312	1.15936460553682e-89
Dstn	7.58731399913506e-94	0.531501037909116	0.985	0.779	1.61336644877608e-89
Shtn1	1.09007859171912e-93	0.449874304376427	0.807	0.356	2.31794311743154e-89
Csad	1.77431780005787e-93	0.313224177121264	0.582	0.201	3.77290937004306e-89
Acadl	4.93864249144739e-93	0.518456943809195	0.86	0.442	1.05015293938137e-88
Ppp1r14b	4.99741200871061e-92	0.644308157939698	0.958	0.665	1.06264968953222e-87
Spsb2	1.12062852102581e-91	0.292682018967396	0.577	0.201	2.38290448710928e-87
Tex264	1.74103849922207e-91	0.452130287522465	0.776	0.347	3.7021442647458e-87
Rpl22l1	1.79327178256301e-91	0.611665113929405	0.992	0.866	3.81321311844197e-87
Dlc1	2.3170268355512e-91	0.281490359663221	0.589	0.195	4.92692586311608e-87
Bod1	2.77169295370565e-91	0.262184280678674	0.577	0.196	5.89372789675969e-87
Calcoco1	1.00781653451415e-90	0.257772980940266	0.488	0.151	2.14302107899089e-86
Hmgn2	1.03424601790322e-90	0.681956321256967	0.863	0.471	2.1992207324694e-86
Kifap3	1.07976152311577e-90	0.350964627988075	0.678	0.263	2.29600490275338e-86
Minos1	1.17761714729797e-90	0.635414385686409	0.953	0.607	2.5040851020144e-86
Gbp3	1.58727283864402e-90	0.561044627523542	0.834	0.413	3.37517696409265e-86
C1qtnf12	2.0016363665029e-90	0.276718315987649	0.452	0.135	4.25627956973176e-86
Mir6236	3.06238581843955e-90	0.768098090599335	0.938	0.546	6.51185720432987e-86
Tcim	1.80720421558968e-89	0.255500553237036	0.398	0.109	3.84283904402989e-85
Trim35	2.65064367869978e-89	0.414293398588261	0.813	0.385	5.63632871838722e-85
Vcp	3.67624408090968e-89	0.564441378108832	0.977	0.823	7.81716541364634e-85
Rbbp7	5.10367521287477e-89	0.526407993167836	0.891	0.498	1.08524549726569e-84
Cxcl5	9.01350616440957e-89	0.609081432245186	0.216	0.039	1.91663195080005e-84
Sra1	1.28974755445772e-88	0.56960313758978	0.92	0.57	2.7425191997989e-84
Mt1	2.9944800823492e-88	0.979815022004908	0.992	0.805	6.36746244710734e-84
Sfn	7.69131868398375e-88	0.259392345084958	0.247	0.05	1.6354820049623e-83
Fam168a	1.11106372059869e-87	0.374213203713306	0.763	0.329	2.36256589548105e-83
Aplp2	2.63719026682422e-87	0.510186316460279	0.979	0.721	5.60772138337502e-83
Ahi1	3.33816696513507e-87	0.252562098583807	0.515	0.172	7.09827823466322e-83
Phpt1	4.31784625140703e-87	0.39570690171658	0.748	0.318	9.1814682689919e-83
Nr2f6	8.73855315174664e-87	0.295643155955212	0.621	0.232	1.85816594218741e-82
Usp2	9.0644908786483e-87	0.266344841890756	0.38	0.106	1.92747334043577e-82
Galnt6	1.70427462463746e-86	0.437093342071937	0.597	0.23	3.6239695618291e-82
Haghl	3.64416927807045e-86	0.269639879142808	0.541	0.185	7.74896155288901e-82
Acadm	3.67286535410349e-86	0.492189004781451	0.862	0.46	7.80998088896566e-82
Plscr1	4.26973929734967e-86	0.302935272390999	0.598	0.222	9.07917364188433e-82
Clic4	8.87162286667179e-86	0.649546853666535	0.948	0.641	1.88646188636909e-81
Nr1d1	1.11840742541314e-85	0.381152414436764	0.587	0.209	2.3781815493985e-81
Iigp1	1.49869582033716e-85	0.681145326435969	0.737	0.304	3.18682679236493e-81
Basp1	1.55617428473282e-85	0.664384777052513	0.974	0.647	3.30904899905587e-81
Ubxn8	4.27819833086725e-85	0.260956313118615	0.543	0.189	9.09716093075613e-81
Clcn3	1.11479747517738e-84	0.386496068530034	0.769	0.343	2.37050535121717e-80
Cd81	1.21084916139052e-84	0.66557441634289	0.995	0.612	2.5747496567808e-80
Txndc5	2.60131653163414e-84	0.398802038239194	0.793	0.369	5.53143947286684e-80
Eef1b2	4.82587842256487e-84	0.541125111967672	0.997	0.951	1.02617478777419e-79
Sprr1a	5.65715309594043e-84	0.265985604522729	0.112	0.011	1.20293703432077e-79
Arl6ip5	2.03682557272962e-83	0.530933206672376	0.93	0.591	4.33110589785226e-79
Akap11	4.70975750724004e-83	0.350941191036416	0.655	0.268	1.00148283633952e-78
Ptms	8.57164436644692e-83	0.606798472731856	0.99	0.798	1.82267445808127e-78
1810058I24Rik	1.08166728570797e-82	0.545979009629543	0.922	0.642	2.30005731632944e-78
Idh2	1.56029876280785e-82	0.469040325159221	0.865	0.454	3.31781928923462e-78
Rexo2	1.76086633003453e-82	0.561218797328745	0.943	0.652	3.74430616418542e-78
Aaed1	2.47600175797034e-82	0.298500779997774	0.66	0.254	5.26497013814814e-78
Ifi205	7.1099999498482e-82	0.265363786436571	0.662	0.258	1.51187038933572e-77
Adk	9.24788014858675e-82	0.327614720198887	0.706	0.301	1.96646923479549e-77
Tmem63a	1.31894066687834e-81	0.261134995331407	0.535	0.187	2.8045954340501e-77
Anapc13	1.36828669498619e-81	0.529624734965288	0.943	0.631	2.90952482821864e-77
Palld	2.94138648861911e-81	0.338029511431121	0.62	0.24	6.25456422939968e-77
Vwa5a	3.88630309872975e-81	0.503232990121772	0.889	0.494	8.26383490913894e-77
Dalrd3	4.61293869283955e-81	0.278953574027471	0.532	0.189	9.80895283645402e-77
Mbp	6.36592412548804e-81	0.292389326573758	0.701	0.289	1.35365010604378e-76
Marveld1	8.14376665796697e-81	0.288666127346708	0.491	0.164	1.7316905421501e-76
Bmpr2	4.07154485412524e-80	0.41568291600841	0.824	0.408	8.65773297781192e-76
Fam102b	4.42833650182796e-80	0.360352972275357	0.751	0.334	9.41641473748697e-76
Tent5c	6.30601142959764e-80	0.283474543760581	0.554	0.199	1.34091027038964e-75
C1galt1	6.65489990669304e-80	0.366553829476462	0.709	0.308	1.41509791615921e-75
Wasl	8.47110526528827e-80	0.328021129737984	0.735	0.313	1.8012958236109e-75
Tor1aip2	1.7096780392177e-79	0.3931256263847	0.746	0.344	3.63545938259252e-75
Dnajc10	1.95324233922819e-79	0.426911126676133	0.808	0.392	4.15337451013483e-75
Ppp1r13b	2.22846749170452e-78	0.276109964480619	0.491	0.171	4.73861327436048e-74
Insig2	3.22615536321386e-78	0.336310510741608	0.654	0.272	6.86009676433795e-74
Selenof	4.4438008570896e-78	0.481670484594378	0.99	0.851	9.44929814251533e-74
Dgcr6	8.56457569619174e-78	0.277549947714099	0.623	0.245	1.82117137603821e-73
Uri1	1.1282504195075e-77	0.323282167592505	0.68	0.286	2.39911169204075e-73
Atp11a	1.76829584982393e-77	0.285086794989221	0.551	0.207	3.76010429506561e-73
Ndfip1	2.44668270613336e-77	0.480404443976941	0.982	0.802	5.20262610632197e-73
Chpf	3.69560719122021e-77	0.262648723179951	0.473	0.159	7.85833913141065e-73
Dad1	4.92734452847055e-77	0.501470380273889	0.98	0.835	1.04775054053398e-72
Nek7	5.73988616072307e-77	0.488053629837669	0.86	0.469	1.22052939321615e-72
Rras	6.0644787756865e-77	0.382731473922744	0.836	0.408	1.28955076686198e-72
Dock4	1.75261902055604e-76	0.315289924125385	0.61	0.242	3.72676908531036e-72
Tax1bp1	3.20747529423454e-76	0.460636444461634	0.984	0.824	6.82037546566033e-72
Ckap4	3.49954013220394e-76	0.408819579947708	0.745	0.346	7.44142213711845e-72
Fas	4.13005684953335e-76	0.283148781348874	0.571	0.219	8.78215288484772e-72
Sp3os	4.96639356081827e-76	0.266614783547711	0.524	0.192	1.0560539267724e-71
Myo18a	8.56929898452697e-76	0.330891268109312	0.685	0.293	1.82217573606982e-71
Tsen34	1.46009503766757e-75	0.37623926021736	0.792	0.378	3.10474608809633e-71
Tmem106b	1.60055834399311e-75	0.372326195834823	0.759	0.356	3.40342726266695e-71
Utrn	3.51907774883198e-75	0.289486975480442	0.777	0.352	7.48296692511633e-71
Dapk1	6.48193613345766e-75	0.270863112990495	0.579	0.224	1.37831889941844e-70
Ybx3	7.24928461868107e-75	0.493642081728012	0.932	0.604	1.54148788131634e-70
Arap2	7.96071638146306e-75	0.330482613043866	0.737	0.321	1.69276673135431e-70
Lyrm2	8.61786921153929e-75	0.349941604886854	0.711	0.321	1.83250370914172e-70
Txnip	1.12072552427218e-74	0.600968250777207	0.971	0.753	2.38311075481236e-70
St3gal1	1.64134509989072e-74	0.368306657109202	0.712	0.322	3.49015622040763e-70
Syne1	1.80832117640142e-74	0.253546343758466	0.545	0.199	3.84521414949998e-70
mt-Rnr1	1.91435087606064e-74	0.786852129238963	0.98	0.724	4.07067570285535e-70
Tgfbr2	3.22089668005257e-74	0.512274385532222	0.937	0.591	6.84891470046379e-70
Aes	4.30731887226789e-74	0.513888038630631	0.948	0.585	9.15908284999044e-70
Fech	5.95370782396469e-74	0.258374154117019	0.6	0.235	1.26599643168785e-69
Cp	1.42168545987766e-73	0.687960180062343	0.68	0.304	3.02307196188386e-69
Phlda3	2.05751834431989e-73	0.378845233740497	0.473	0.166	4.37510700736181e-69
Ccdc107	4.23703179721945e-73	0.330565013770557	0.738	0.338	9.00962441360744e-69
Itpr2	4.62803638896071e-73	0.377888716263927	0.657	0.289	9.84105657748606e-69
Copb2	4.98503366035022e-73	0.487455065501716	0.919	0.614	1.06001755753687e-68
Mtss1	1.0043453940442e-72	0.306120016784465	0.772	0.345	2.13564004589559e-68
Cep164	3.75480552214344e-72	0.271905021865799	0.538	0.206	7.9842184622858e-68
Aig1	4.34835358619834e-72	0.298629977498095	0.688	0.296	9.24633906569215e-68
Sypl	6.09093469529201e-72	0.48939881896181	0.902	0.522	1.29517635360689e-67
Prpf19	8.95885690917457e-72	0.381293973767081	0.802	0.401	1.90501133316688e-67
Pgrmc2	9.29855429954177e-72	0.306952607969582	0.73	0.325	1.97724458625456e-67
Zfp771	2.16704897061536e-71	0.270328561825496	0.618	0.249	4.6080129311165e-67
Nucb2	2.16743130044746e-71	0.404024840332694	0.774	0.381	4.60882591727148e-67
Spcs1	2.21804413270994e-71	0.501552932504199	0.954	0.725	4.71644904379441e-67
Mmp14	3.12196186548108e-71	0.2552388088323	0.709	0.297	6.63853971075897e-67
Hs2st1	6.8343372317579e-71	0.259333798842293	0.65	0.269	1.453253468961e-66
Impad1	3.18780343461656e-70	0.33981472101153	0.737	0.343	6.77854522336865e-66
Sec62	6.22593689384586e-70	0.45407798774453	0.984	0.823	1.32388322110738e-65
Eif3c	6.33613792090997e-70	0.479205228319485	0.987	0.849	1.3473163675023e-65
Galk1	9.07942302482939e-70	0.328581981677912	0.678	0.303	1.93064851199972e-65
Ssr3	1.41945697895532e-69	0.49419336680134	0.964	0.731	3.0183333200506e-65
Tmem223	2.36648656173223e-69	0.380988734851114	0.733	0.352	5.03209702486741e-65
Nfic	3.91603987168684e-69	0.414286042801472	0.932	0.572	8.3270671831549e-65
Kdelr1	4.5394138281597e-69	0.429925027419604	0.927	0.596	9.65260956419879e-65
Pamr1	7.77747296238309e-69	0.304889180146756	0.229	0.052	1.65380185072114e-64
Dnajc1	1.35306159833524e-68	0.436319044097676	0.833	0.457	2.87715018270005e-64
Ibtk	1.67646370982937e-68	0.327132279470407	0.589	0.247	3.56483243258118e-64
Npm1	3.43395214316427e-68	0.442298536754066	0.993	0.941	7.30195583722449e-64
Actn4	4.08148659760599e-68	0.439569649323015	0.928	0.61	8.67887310114937e-64
Iah1	4.33364663619873e-68	0.35002123517043	0.719	0.338	9.21506620721297e-64
Arl3	4.88096573306114e-68	0.327461714413686	0.699	0.318	1.03788855347812e-63
Mat2b	6.54924215705589e-68	0.440028637539517	0.828	0.47	1.39263085227636e-63
Ddost	2.66516827494173e-67	0.476550218895914	0.956	0.673	5.6672138198361e-63
Zbtb44	2.67036387156937e-67	0.275709380942515	0.623	0.262	5.67826173650511e-63
Slc25a39	2.83388415017135e-67	0.404382051618113	0.829	0.456	6.02597125692435e-63
Morf4l2	3.06749374825364e-67	0.444117114432524	0.927	0.615	6.52271870628654e-63
Mxd4	3.14142220676531e-67	0.411657629123355	0.915	0.528	6.67992018046576e-63
Cfap36	4.61869867120005e-67	0.281307509771	0.667	0.29	9.82120085443978e-63
Ankrd13c	5.8131996548458e-67	0.286991958989043	0.67	0.297	1.23611877460641e-62
Mbnl2	6.42647054556366e-67	0.433873449780919	0.961	0.665	1.36652469680866e-62
Mylip	7.80984792420319e-67	0.32647174512643	0.624	0.27	1.66068606260257e-62
Hadh	9.91282180062465e-67	0.308027092498146	0.709	0.333	2.10786242768483e-62
Klf10	1.89260028815455e-66	0.310725258881429	0.6	0.255	4.02442525273183e-62
Calu	2.0055518356228e-66	0.363160917980518	0.876	0.48	4.26460542326832e-62
Man1a2	5.56396073859709e-66	0.364093091748034	0.839	0.441	1.18312061145528e-61
Kdm5b	5.66109173898132e-66	0.270814969267935	0.618	0.26	1.20377454737699e-61
Ppib	5.89011748184875e-66	0.454321504325118	0.992	0.915	1.25247458134032e-61
Surf4	2.29385911314106e-65	0.469074179342115	0.932	0.619	4.87766201818314e-61
Uqcr11	2.44859984696164e-65	0.410821876053583	0.99	0.887	5.20670271457922e-61
Eef2kmt	3.56547914614441e-65	0.258913869558217	0.62	0.261	7.58163485636146e-61
Usp50	5.83092467210607e-65	0.250644837526723	0.545	0.219	1.23988782227664e-60
Ubr5	6.02465679973797e-65	0.421104335932906	0.798	0.434	1.28108302189628e-60
2410015M20Rik	1.21408012483299e-64	0.424542334513775	0.896	0.507	2.58161997744488e-60
Csrp1	1.95366832537143e-64	0.28439524813454	0.816	0.418	4.15428032706981e-60
Naxd	2.95385845086852e-64	0.317026082600202	0.766	0.369	6.28108460992683e-60
Mettl9	3.56528242154715e-64	0.392902362946244	0.805	0.431	7.58121654117786e-60
Nbdy	3.67466109542629e-64	0.260453288210069	0.631	0.269	7.81379935331446e-60
Cdc42ep2	4.20909211726654e-64	0.254369927356204	0.6	0.248	8.95021347815556e-60
Bag3	4.64577560101961e-64	0.270470188579856	0.628	0.268	9.8787772380081e-60
Selenow	5.77551483092542e-64	0.427391428584017	0.99	0.887	1.22810547364798e-59
Stat3	7.47033839977789e-64	0.457914999529264	0.953	0.697	1.58849275732877e-59
Rab2a	7.48389817508242e-64	0.449453374930763	0.974	0.807	1.59137610794953e-59
Pafah1b3	8.55053336464573e-64	0.266355121602042	0.631	0.273	1.81818541465827e-59
Rab12	8.80353320760553e-64	0.313586849222502	0.748	0.357	1.87198330126524e-59
Akr1b3	1.6717575210126e-63	0.427368919626006	0.875	0.536	3.55482519268118e-59
Fdx1	1.96655026540407e-63	0.263744153713969	0.644	0.284	4.18167248435522e-59
Pla2g4a	2.56679195391833e-63	0.260118917586483	0.633	0.272	5.45802641081194e-59
Swi5	3.23327749097553e-63	0.45625674146429	0.971	0.759	6.87524125681037e-59
Ppa2	3.65435213861067e-63	0.256540057434922	0.611	0.263	7.77061438754173e-59
Tmem109	4.00477408426841e-62	0.369741704629871	0.754	0.378	8.51575161278834e-58
Tpm4	6.21661572318053e-62	0.49207035317463	0.954	0.716	1.32190116737711e-57
Pcm1	1.91496580941973e-61	0.381935674411124	0.85	0.476	4.07198329715011e-57
Eny2	3.30082405370738e-61	0.440659044479133	0.904	0.587	7.01887226780337e-57
Parp4	4.58872497446788e-61	0.310117997932156	0.633	0.288	9.7574647857085e-57
Gm12250	6.37855316828341e-61	0.268079322986498	0.509	0.195	1.35633554570378e-56
mt-Rnr2	9.14495285804365e-61	0.420282133195713	0.98	0.727	1.9445827757344e-56
Tubb4b	2.01285332569779e-60	0.364857093687384	0.859	0.493	4.28013131176378e-56
Zfp260	2.27546174266537e-60	0.264737537067773	0.616	0.269	4.83854184960365e-56
Pafah1b2	2.39865443967729e-60	0.329199546154858	0.754	0.38	5.1004988005298e-56
Igf1r	3.15746283334917e-60	0.260324671413938	0.628	0.266	6.71402896883368e-56
Pdlim4	4.99267405622692e-60	0.343908053239054	0.754	0.381	1.06164221131609e-55
Frmd4b	7.11201174578019e-60	0.404295584215083	0.852	0.491	1.5122981776227e-55
Mindy3	9.4986546587746e-60	0.277284004579511	0.636	0.29	2.01979392664183e-55
Mycbp	1.60105346017846e-59	0.255228640230583	0.608	0.266	3.40448007772347e-55
Usp9x	2.51248862579246e-59	0.43273766221121	0.898	0.554	5.34255581388508e-55
Adss	3.98189168880385e-59	0.338113968531947	0.753	0.39	8.46709448707251e-55
Hacd2	8.11984527246102e-59	0.265247271646651	0.582	0.255	1.72660389873611e-54
Il13ra1	1.94141471676407e-58	0.263946963490538	0.743	0.356	4.12822425372713e-54
Hyi	2.71480958070939e-58	0.257047368904803	0.662	0.296	5.77277109242044e-54
Gbp5	2.90780023903659e-58	0.271036549551521	0.685	0.319	6.18314642828741e-54
Lats2	3.85728076035023e-58	0.259211422028225	0.572	0.247	8.20212180880874e-54
Pigp	9.44707345377338e-58	0.296509386411541	0.712	0.345	2.00882569921037e-53
Bst2	1.28833696269155e-57	0.626577722562929	0.971	0.731	2.7395197174673e-53
Carhsp1	1.36781146849449e-57	0.317827260366998	0.732	0.365	2.90851430660669e-53
Man2a1	7.37203926681842e-57	0.373343010224132	0.901	0.55	1.56759042969627e-52
Sod2	8.26686496405153e-57	0.454182207808126	0.911	0.661	1.75786616595592e-52
Tapbpl	9.78050597067833e-57	0.301382888197359	0.611	0.285	2.07972678960504e-52
Tmem147	1.3840434748308e-56	0.38254879035934	0.841	0.502	2.9430300448802e-52
Gsr	1.58426497982958e-56	0.257619673691338	0.763	0.38	3.36878105310962e-52
Eif4g2	1.7288022574748e-56	0.4203729952379	0.995	0.922	3.67612512029441e-52
Eci1	3.16068696937067e-56	0.265737672934716	0.659	0.305	6.72088477166979e-52
Cnot6	4.05282984263547e-56	0.403598318592674	0.774	0.436	8.61793737738007e-52
Vdac1	4.84331004407567e-56	0.419667377615941	0.932	0.64	1.02988144777225e-51
Add1	9.32737159199579e-56	0.357412872241275	0.842	0.489	1.98337229532199e-51
Hint2	1.44065426007131e-55	0.326822799667399	0.776	0.407	3.06340721861564e-51
Yipf3	1.52867069668354e-55	0.338372383406173	0.78	0.43	3.25056536942789e-51
Gm8730	1.72069254672636e-55	0.458240957454336	0.911	0.564	3.65888063135892e-51
Cdk4	1.96092403360039e-55	0.397349306262167	0.842	0.504	4.16970886504786e-51
Pdlim5	2.23777865615259e-55	0.282799606837737	0.73	0.361	4.75841253444287e-51
Rnf213	4.43692355284077e-55	0.368100402474129	0.805	0.451	9.43467424276061e-51
Sec31a	5.2072810463722e-55	0.360038006517104	0.833	0.47	1.10727624170058e-50
Pdha1	6.88704014858128e-55	0.352605548513434	0.797	0.449	1.46446021719432e-50
Arhgap1	8.02468849343818e-55	0.258634645535938	0.657	0.312	1.70636976124469e-50
Gclm	1.36336847252407e-54	0.279694872842785	0.649	0.308	2.89906671997519e-50
Naa38	1.85077220539133e-54	0.414929346560914	0.873	0.568	3.93548201754412e-50
Ttc3	2.79737876659814e-54	0.283755041843351	0.743	0.379	5.94834620929428e-50
1110008P14Rik	2.80590823902015e-54	0.318409959342933	0.696	0.356	5.96648327945244e-50
Slc38a10	3.90833719152497e-54	0.291603620681047	0.699	0.348	8.31068820405871e-50
Sp3	4.93028435836156e-54	0.367651391524293	0.855	0.503	1.048375665962e-49
Slc39a10	7.02673176277268e-54	0.281906044345753	0.502	0.216	1.49416424203598e-49
Slc8a1	1.34670540938593e-53	0.285253134089943	0.639	0.304	2.86363438251823e-49
Sec63	4.35915320207978e-53	0.353569192912117	0.833	0.477	9.26930336890245e-49
Zdhhc3	5.35322556804312e-53	0.287191565427594	0.698	0.35	1.13830988478869e-48
Rere	1.41637911589154e-52	0.253832373944691	0.702	0.334	3.01178855203176e-48
Dpm3	1.4203257636135e-52	0.391731245535708	0.969	0.718	3.02018070374775e-48
Erap1	1.99442115434347e-52	0.278317216625807	0.706	0.353	4.24093714259596e-48
Uqcr10	2.32117866639429e-52	0.366980211674132	0.99	0.871	4.93575431622083e-48
Ndufa13	3.43663625862378e-52	0.370503882440558	0.992	0.897	7.30766334033761e-48
Copg1	3.70910604804929e-52	0.29817749704713	0.715	0.365	7.88704310057201e-48
Aldh9a1	4.1515196532805e-52	0.269219830775325	0.699	0.347	8.82779139073566e-48
Ugp2	1.06752038002639e-51	0.379948760578711	0.854	0.534	2.26997533608811e-47
Igtp	1.55629835248492e-51	0.428260228483218	0.681	0.328	3.30931281672393e-47
Glrx2	1.72887702110172e-51	0.352723880187906	0.837	0.517	3.67628409767069e-47
Pgap2	2.73763837166057e-51	0.278397283403621	0.685	0.342	5.82131423349904e-47
Pld3	5.7661624243956e-51	0.275347294646985	0.746	0.38	1.22611677792348e-46
Ppp3ca	7.38466743615067e-51	0.409275218041358	0.937	0.665	1.57027568362308e-46
Agtrap	1.02038240984016e-50	0.287587098103155	0.764	0.399	2.16974115628412e-46
Hdgf	6.05201798647267e-50	0.394137644653606	0.925	0.653	1.28690110464355e-45
Ddx1	1.25162927143436e-49	0.303468839006584	0.769	0.417	2.66146448277802e-45
Paics	1.2710841873117e-49	0.326253607319658	0.831	0.479	2.7028334158996e-45
Tpd52l2	1.84717111294055e-49	0.33490714796777	0.824	0.487	3.92782465455679e-45
Dock11	2.32990678921329e-49	0.316743029416184	0.642	0.326	4.95431379658314e-45
Senp6	2.50477552765522e-49	0.337721071694327	0.883	0.551	5.32615468200607e-45
Hmg20b	4.3034648721036e-49	0.33159144096104	0.8	0.463	9.1508877040411e-45
H2-K1	4.44568271100789e-49	0.47130835944687	0.998	0.967	9.45329971668719e-45
Camta1	4.55560606656267e-49	0.25693842041826	0.585	0.278	9.68704073993886e-45
Zmynd8	7.54432513230719e-49	0.351931372523331	0.795	0.461	1.6042252961338e-44
Micu2	8.28814997532119e-49	0.290603346113919	0.719	0.379	1.7623922107523e-44
Vapb	1.16834094608294e-48	0.358294110459535	0.836	0.498	2.48436018775075e-44
Gbp9	1.20061302632811e-48	0.265540209324123	0.582	0.277	2.5529835391841e-44
Cltb	2.03071632982045e-48	0.337445006304581	0.813	0.47	4.31811520373021e-44
Yif1a	2.63030477266856e-48	0.270857048452393	0.724	0.374	5.59308006860243e-44
Anxa11	2.68280754974203e-48	0.277823905812579	0.681	0.344	5.70472197377145e-44
Raly	2.78823951625259e-48	0.38996977295286	0.922	0.675	5.92891250735951e-44
Mrpl48	3.24552240664532e-48	0.325993358491417	0.816	0.476	6.9012788454906e-44
Arl1	4.97248295463255e-48	0.355809321783403	0.902	0.627	1.05734877547307e-43
Bbx	1.31174538265116e-47	0.274376981528208	0.728	0.382	2.78929538166943e-43
Atxn10	1.41839752266749e-47	0.276064239318225	0.772	0.406	3.01608049220015e-43
Rabl6	1.51170900516927e-47	0.251887993336496	0.663	0.33	3.21449802859194e-43
Htatsf1	1.75788070179932e-47	0.254146565645662	0.634	0.311	3.73795752430608e-43
Erlec1	1.78610177475342e-47	0.255875307303874	0.732	0.387	3.79796681383566e-43
Dynlt3	2.15383943296661e-47	0.299546259582532	0.79	0.449	4.57992417026019e-43
Slc39a1	2.19479038570437e-47	0.419797832669561	0.902	0.599	4.66700227616176e-43
Acaa1a	2.44141452588624e-47	0.34735243670773	0.865	0.552	5.19142384784451e-43
Emc10	2.63540699628935e-47	0.332074835634011	0.881	0.547	5.60392943690967e-43
Ccdc34	5.23326364183555e-47	0.289011963824979	0.579	0.272	1.11280118079991e-42
Trio	5.28441531188695e-47	0.297798761524709	0.686	0.36	1.12367807191964e-42
Gcc2	8.31585602766516e-47	0.291244425665909	0.769	0.409	1.76828362572272e-42
Stt3b	1.51180531203979e-46	0.305517472561295	0.758	0.415	3.21470281552141e-42
Chd3	1.55037508247891e-46	0.300594390504968	0.737	0.396	3.29671757538315e-42
Vezf1	2.0806612021436e-46	0.253940626594187	0.741	0.388	4.42431798023815e-42
Ufc1	2.57861507344746e-46	0.368618056676015	0.914	0.626	5.48316709217867e-42
Slc50a1	3.1902250101132e-46	0.284173624177044	0.772	0.434	6.7836944615047e-42
Gtf2i	4.22508375604266e-46	0.26312966226649	0.72	0.383	8.98421809884911e-42
Mrfap1	5.5375968700057e-46	0.350769215771042	0.976	0.828	1.17751459843801e-41
Bad	5.69067732962999e-46	0.299575488644245	0.751	0.417	1.21006562737252e-41
Guk1	6.90753329521241e-46	0.269404453004709	0.776	0.418	1.46881787989397e-41
Tmsb10	9.67752449364821e-46	0.265351917652527	1	0.921	2.05782880832936e-41
Sar1a	1.20589315625815e-45	0.350764770785485	0.868	0.568	2.56421120746734e-41
Btbd7	1.2327446419763e-45	0.285650556637698	0.797	0.452	2.62130820669841e-41
Elob	1.61520382009473e-45	0.371721807252313	0.99	0.942	3.43456940304943e-41
Dynll1	1.7096374469333e-45	0.485042942204663	0.989	0.877	3.63537306715897e-41
Mlec	4.38358929943622e-45	0.388691302589633	0.836	0.524	9.32126428632118e-41
C1d	4.59654346808629e-45	0.353002629865515	0.8	0.494	9.77409003053868e-41
Arid5b	6.28781562661064e-45	0.308912210238126	0.813	0.478	1.33704111484249e-40
Anxa3	7.81974914011282e-45	0.309016087638265	0.836	0.491	1.66279145715359e-40
Fkbp2	8.86706036672641e-45	0.41075907759676	0.924	0.68	1.8854917163807e-40
Hmgb1	1.27156375728746e-44	0.321077693546407	0.998	0.93	2.70385317349605e-40
Sec61a1	1.80117418522844e-44	0.357577341067117	0.85	0.529	3.83001678746976e-40
Cast	1.10862099877913e-43	0.347092433204602	0.893	0.611	2.35737169180395e-39
Slc31a2	1.56409869288734e-43	0.265150667283769	0.707	0.376	3.32589946055563e-39
Trim28	5.97090702071714e-43	0.260820802768408	0.702	0.375	1.26965366888529e-38
Agfg1	9.334493193257e-43	0.253080102081323	0.735	0.403	1.98488663261417e-38
Zfand6	1.0885255959612e-42	0.334206590537319	0.863	0.554	2.31464082725189e-38
Znrf2	1.55857240152446e-42	0.287470779137977	0.728	0.402	3.31414835460161e-38
Nub1	2.0287256887716e-42	0.265721036412703	0.759	0.419	4.31388230460394e-38
Tmco1	2.03953771553712e-42	0.341184024985599	0.943	0.727	4.33687299831813e-38
Prdx1	3.55651041280714e-42	0.258962020240689	0.993	0.931	7.56256374179311e-38
App	3.74851548287942e-42	0.356848946453978	0.993	0.863	7.9708433227948e-38
Pebp1	7.8953265254866e-42	0.347640564905486	0.951	0.748	1.67886223237947e-37
Huwe1	8.33106819145255e-42	0.332440060422611	0.868	0.572	1.77151834023047e-37
Appbp2	1.25564332697186e-41	0.261731115919262	0.675	0.36	2.66999997047296e-37
Dnajc3	1.77590346746276e-41	0.396139290502057	0.956	0.717	3.77628113321281e-37
Ankrd12	1.85244343162365e-41	0.37265852413553	0.862	0.545	3.93903571300453e-37
Got2	3.98730379034657e-41	0.263008134690784	0.722	0.397	8.47860277979294e-37
Naxe	4.36068284725412e-41	0.264108792158802	0.74	0.409	9.27255600640116e-37
Tubb2a	6.27629709712572e-41	0.273342933452652	0.78	0.447	1.33459181473281e-36
Park7	6.45741111922294e-41	0.336645413040735	0.974	0.801	1.37310390039157e-36
Nucb1	7.21891093947546e-41	0.328726983530868	0.881	0.574	1.53502922217006e-36
Gas5	9.85889623980111e-41	0.370198500041097	0.954	0.762	2.09639569643131e-36
Kdelr2	1.23743783752219e-40	0.343209978542498	0.85	0.553	2.63128781770719e-36
Polr3k	1.35637824485535e-40	0.287982428540138	0.598	0.317	2.88420269986042e-36
Ccng1	2.63997977142248e-40	0.353142081732382	0.701	0.391	5.61365298595277e-36
Ctdsp2	3.15148006349332e-40	0.303613221931051	0.844	0.505	6.70130720701219e-36
H2-T22	4.15519763378968e-40	0.355805812876176	0.766	0.457	8.83561224849037e-36
Bcap31	7.26341064416037e-40	0.338903293125834	0.911	0.647	1.54449163937426e-35
Sppl2a	9.67551224057189e-40	0.387128389659602	0.935	0.711	2.05740092283521e-35
Birc2	1.03369837493347e-39	0.255048741479324	0.641	0.334	2.19805622445852e-35
Uba1	1.88617653329714e-39	0.351795469520416	0.885	0.612	4.01076578040304e-35
Aff4	2.35457204978954e-39	0.266208164828532	0.839	0.511	5.00676200667248e-35
Grina	3.14264561706556e-39	0.328504231517271	0.907	0.619	6.68252164012821e-35
Mvb12a	3.18927868680011e-39	0.263978287379333	0.772	0.434	6.78168219961176e-35
Uqcc3	3.40969081422271e-39	0.285089816727238	0.8	0.469	7.25036654736317e-35
Hsd17b10	3.89804606548983e-39	0.275375564800788	0.789	0.462	8.28880515365758e-35
Kcnq1ot1	8.8252753093613e-39	0.254462411822132	0.706	0.389	1.87660654178259e-34
Rab18	1.42682304070491e-38	0.295705814117007	0.868	0.565	3.03399651375492e-34
Usp34	2.13620238677908e-38	0.28956118140531	0.834	0.534	4.54242075524703e-34
Tap2	2.65195548439604e-38	0.318509508093063	0.78	0.483	5.63911814201974e-34
Gm5425	4.64655431309782e-38	0.317114739940136	0.808	0.47	9.8804330913712e-34
Fuca1	5.14233506496795e-38	0.286902132869563	0.88	0.577	1.09346612821478e-33
Tnrc6b	5.17240304051157e-38	0.294780803733212	0.849	0.541	1.09985978253438e-33
Pkn2	5.81737747187339e-38	0.268452591751514	0.875	0.569	1.23700714561916e-33
Rpl41	7.8069753256845e-38	0.29432591078468	1	0.999	1.66007523325355e-33
Ndufs2	1.26203601006064e-37	0.304359920112952	0.888	0.613	2.68359337179295e-33
Copb1	3.14899564823357e-37	0.275650845542543	0.875	0.567	6.69602434640387e-33
Lman1	4.02158747548398e-37	0.307681428768295	0.875	0.581	8.55150360786913e-33
Romo1	4.16515461171753e-37	0.3076123252662	0.967	0.778	8.85678476635616e-33
Atp5o.1	6.71087654312473e-37	0.31386641283053	0.956	0.606	1.42700078813004e-32
Map1lc3b	1.85941718666968e-36	0.296079606448379	0.977	0.859	3.9538647057344e-32
Tecr	1.93380485344498e-36	0.257037044539975	0.891	0.602	4.1120426403654e-32
Ubxn4	5.49095784384447e-36	0.315430134251279	0.902	0.64	1.16759727591509e-31
Usp25	5.86729737085097e-36	0.292381255282684	0.839	0.542	1.24762211293775e-31
Matr3	1.75561105442808e-35	0.295892638698152	0.85	0.559	3.73313134613587e-31
Ccdc47	3.28343555968974e-35	0.260598323087056	0.758	0.464	6.98189737412426e-31
Mtch1	3.6741336556085e-35	0.28351262667241	0.914	0.632	7.81267780528592e-31
Ech1	5.17576876763949e-35	0.270327256611584	0.889	0.58	1.10057547075086e-30
Pdcd6ip	8.65011837660629e-35	0.302986971917467	0.912	0.677	1.83936117160156e-30
Ifnar2	1.47460190598642e-34	0.289890757790835	0.95	0.726	3.13559349288953e-30
Rab6a	2.98061168316442e-34	0.264688108237882	0.839	0.533	6.33797268308083e-30
Lrp10	4.43080713508206e-34	0.26889457553109	0.834	0.522	9.42166829203849e-30
Cbx3	8.52875826061934e-34	0.267579756324895	0.951	0.731	1.8135551565381e-29
H2afv	1.55440245609314e-33	0.276820460548882	0.87	0.558	3.30528138263644e-29
Fam120a	3.11854397759288e-33	0.278646412905447	0.849	0.552	6.63127191395351e-29
Stub1	5.20847880493891e-33	0.30318966303392	0.859	0.596	1.10753093308221e-28
Uap1	7.80373565997277e-33	0.372006895161824	0.45	0.226	1.65938635073661e-28
Eef1d	3.61812470110411e-32	0.282746996633713	0.977	0.84	7.69358036442779e-28
Fis1	3.89007343143833e-32	0.290155010367331	0.964	0.8	8.27185214461045e-28
Fundc2	5.13128545227631e-32	0.253213099233003	0.865	0.562	1.09111653857204e-27
Myl12a	5.26635307373982e-32	0.303991173258927	0.977	0.846	1.11983731760004e-27
Ube2r2	5.98630779226718e-32	0.276246474117957	0.876	0.593	1.27292848894769e-27
Arf5	6.71823679408928e-32	0.287884183031747	0.976	0.88	1.42856587189515e-27
Taok1	8.28437958808015e-32	0.272578572673991	0.855	0.558	1.76159047560936e-27
Ift20	1.1961234621737e-31	0.284390513339132	0.898	0.629	2.54343692996617e-27
Rock2	1.83046275866688e-31	0.283968172526234	0.924	0.668	3.89229601002925e-27
Tmem59	2.65028129794886e-31	0.270829447116607	0.963	0.783	5.63555815195845e-27
Ubb	2.7423349696687e-31	0.257509651486247	0.997	0.978	5.83130107950352e-27
Etfb	5.8106774093738e-31	0.275005365601712	0.924	0.683	1.23558244432924e-26
P4hb	6.39167326862409e-31	0.313798195076791	0.954	0.769	1.35912540384023e-26
Gspt1	1.34785282747222e-30	0.28273910299955	0.868	0.614	2.86607425233694e-26
Prkar1a	1.41895145709532e-30	0.269697862479408	0.967	0.78	3.0172583783675e-26
Tm9sf3	1.52666691652208e-30	0.292205303406072	0.966	0.8	3.24630453129255e-26
Vamp8	2.82871439903771e-30	0.292068635325449	0.977	0.833	6.0149782981138e-26
Mpc1	2.8780979087614e-30	0.263544435575416	0.896	0.648	6.11998739319025e-26
Sfr1	8.30117317058751e-30	0.25336729776584	0.93	0.708	1.76516146299373e-25
Rnf10	8.71429557716103e-30	0.252489054930327	0.841	0.562	1.85300781152752e-25
Eprs	1.30176784776365e-29	0.271135072671408	0.859	0.577	2.76807915148462e-25
Eid1	2.13253880460018e-29	0.25919822073571	0.925	0.673	4.53463051410181e-25
mt-Nd1	3.91628728558026e-29	0.25596311386761	1	0.993	8.32759328405787e-25
Bnip3l	1.17179007309499e-28	0.263371198677982	0.894	0.655	2.4916944114292e-24
Slc38a2	2.76978032665146e-28	0.275899243534867	0.94	0.713	5.88966088659167e-24
Ywhaq	1.21192942290412e-27	0.260105041065936	0.932	0.732	2.57704672486332e-23
Eif4g1	5.87042728824331e-27	0.256544443670492	0.889	0.657	1.24828765857206e-22
Nucks1	7.82449280542338e-27	0.261900962232616	0.937	0.713	1.66380015014523e-22
Atg3	1.00825683185634e-26	0.263750439030397	0.852	0.581	2.14395732725931e-22
Pdia6	1.43735017375263e-25	0.279308853670166	0.963	0.806	3.05638140946759e-21
Ssr4	8.60374679459467e-24	0.276781159557731	0.964	0.841	1.82950071840261e-19
H2-Q7	1.24585574613673e-21	0.326675575993538	0.691	0.463	2.64918765858515e-17
Stmn2	6.03775916912483e-19	0.362952196570283	0.125	0.045	1.2838691097227e-14
