id	p_val	avg_log2FC	pct.1	pct.2	p_val_adj
Emcn	3.04842052372031e-162	1.27757952978753	0.974	0.043	6.48216140163886e-158
Mmrn2	8.87635096310503e-148	1.0884067847719	0.923	0.042	1.88746726879465e-143
Cdh5	9.69530276787242e-140	1.50378009074057	1	0.053	2.06160918056039e-135
Myct1	1.28550923006691e-135	0.768524317605629	0.821	0.036	2.73350682681428e-131
Gpihbp1	1.96147665082745e-130	1.25244871428296	0.821	0.038	4.17088395031949e-126
Sox18	1.58071796513421e-117	0.718815959093421	0.769	0.037	3.36123868106138e-113
C1qtnf9	1.2961571192439e-114	0.67663135378656	0.718	0.033	2.75614849836023e-110
Ptprb	5.63819634916135e-113	1.23376706013444	0.923	0.056	1.19890607168567e-108
Adgrl4	3.04624529284297e-107	0.75689842342305	0.769	0.04	6.47753599070129e-103
Aqp7	7.68374173186076e-103	0.480594358608522	0.513	0.019	1.63387084186287e-98
Cyyr1	3.6967433998194e-102	0.631911602008082	0.718	0.037	7.86075516537598e-98
Tcf15	1.32077561108685e-98	0.922372642564085	0.667	0.033	2.80849725941507e-94
Meox2	2.94556767436146e-94	0.59349104735715	0.564	0.025	6.26345510276221e-90
Egfl7	4.41917882723134e-91	1.52883257731311	1	0.085	9.39694185822472e-87
Thrsp	1.67777509246842e-86	0.285967929097607	0.436	0.016	3.56762095662485e-82
Sox17	7.43335598822674e-83	0.830905552057333	0.564	0.028	1.58062881733653e-78
Ly6c1	1.32290570402195e-82	1.83781299681012	0.949	0.083	2.81302668903228e-78
Grrp1	5.302580108491e-78	0.611074783838194	0.538	0.027	1.12754063426953e-73
Gm32688	3.17624530521594e-77	0.264151230496713	0.359	0.012	6.75396801701117e-73
Aqp1	3.75244483188283e-77	2.4284109307066	0.923	0.09	7.97919869051565e-73
Cd300lg	1.29935311670518e-73	0.836849376189159	0.718	0.052	2.7629444673619e-69
Tie1	6.12834651444792e-72	0.529145127135925	0.59	0.035	1.30313160283221e-67
Podxl	7.53721583306025e-72	1.24032795592727	0.974	0.103	1.60271357474193e-67
Dll4	1.51923657777505e-70	0.341138401185201	0.41	0.018	3.23050465898086e-66
Cdh13	7.34354025520524e-69	0.419557859721038	0.538	0.031	1.56153039986684e-64
Arhgef15	1.87388971138015e-68	0.366501810813104	0.513	0.028	3.98463908227875e-64
Scgb3a1	1.97538916395764e-67	0.526521817256716	0.359	0.014	4.20046751823952e-63
Ecscr	1.1254910140866e-65	0.812082814193947	0.949	0.101	2.39324409235375e-61
Adgrf5	2.0986447146236e-65	1.40800057650107	0.923	0.102	4.46255812117563e-61
Ushbp1	2.52861339273429e-64	0.381618280900767	0.462	0.024	5.37684351831019e-60
Edn1	5.07439011749423e-64	0.585801749747611	0.564	0.036	1.07901831458397e-59
Fabp4	1.98531711900744e-63	2.6083296352412	0.923	0.111	4.22157832185742e-59
Aplnr	4.49401150269932e-63	0.62747604107434	0.462	0.025	9.55606605933983e-59
Kdr	1.15337555668202e-62	0.93970372301972	0.795	0.075	2.45253778372864e-58
Flt1	3.2734113913433e-61	1.38562600240678	0.923	0.107	6.9605819825524e-57
Ramp2	1.18045705142425e-59	1.08969476203709	0.923	0.103	2.51012387414852e-55
Rasip1	1.48240119390378e-59	0.561578500573351	0.615	0.046	3.15217789871699e-55
Cyp4b1	9.38787703484608e-57	0.472932536186199	0.41	0.022	1.99623817268967e-52
Upk1b	1.69478205026339e-56	1.69987693436427	1	0.132	3.60378455168008e-52
Muc16	1.28991732662325e-55	1.79870916845645	1	0.132	2.74288020333167e-51
Palmd	4.06469776490531e-54	1.3101801792362	0.974	0.138	8.64317332729464e-50
Ablim3	8.05721539353029e-54	0.534118813061893	0.59	0.048	1.71328628128028e-49
Lrrn4	1.65194305495104e-53	1.91576139174855	1	0.135	3.51269171204789e-49
Upk3b	1.81977150344628e-53	2.26508200155835	1	0.137	3.86956212492818e-49
Gpm6a	2.09702035624822e-53	2.2049289887991	1	0.142	4.45910408552621e-49
Clic5	6.83562892811274e-53	0.490983765773619	0.615	0.051	1.45352813527389e-48
Pkhd1l1	1.40582134822991e-52	1.58960997492451	1	0.135	2.98933851487608e-48
Sox7	1.50772797751299e-52	0.289329348848189	0.359	0.018	3.20603277138362e-48
Bnc1	4.35290395985844e-52	0.944731712200465	0.872	0.108	9.25601498024298e-48
Msln	6.7479212885535e-51	2.03800021305258	1	0.139	1.43487798279802e-46
Krt18	9.03668573655697e-51	1.83683189796883	1	0.141	1.92156085502147e-46
Tmem151a	1.086250442809e-50	1.14140847178762	0.923	0.122	2.30980294158907e-46
Fgd5	1.45062331899781e-50	0.346123669602026	0.59	0.048	3.08460542551695e-46
Myrf	2.06572874720626e-50	1.00403367245138	0.949	0.128	4.39256560805939e-46
Cxadr	8.31268359729836e-50	1.75481296412124	0.974	0.143	1.76760904012952e-45
Cldn15	1.66111200366594e-49	1.34497037153388	1	0.148	3.53218856459526e-45
Myo5b	2.95352012267141e-49	1.06691292016581	0.923	0.123	6.28036518884848e-45
Tek	4.13498968832487e-49	0.533960523182587	0.564	0.046	8.79264207325401e-45
Cgn	6.11173571119105e-49	0.833476498058528	0.744	0.086	1.29959948162767e-44
Efna1	8.19335764869208e-49	0.688309713572899	0.744	0.085	1.74223557041788e-44
Tinagl1	1.04355977879955e-48	0.574138781141525	0.615	0.056	2.21902551363936e-44
Esam	2.64793543205168e-48	1.50203340679641	0.974	0.157	5.63056990271469e-44
Clec14a	5.75211273995454e-48	0.686096822461386	0.59	0.053	1.22312925302393e-43
Robo4	6.10927420623585e-48	0.430054294911315	0.436	0.029	1.29907606721399e-43
Krt7	6.62095110663415e-48	1.64569815934257	0.974	0.139	1.40787904331469e-43
Wt1	9.16048300539758e-48	1.32653126209681	1	0.151	1.94788510626774e-43
Prss12	1.75231179548433e-47	0.728635810321724	0.769	0.091	3.72611580191788e-43
Zfp185	2.50726367430343e-47	0.655957213247025	0.667	0.071	5.3314454770388e-43
Rspo1	2.87353006718375e-47	1.74622513091184	0.974	0.153	6.11027433485953e-43
Adamtsl1	4.06863942678178e-47	1.27820923222078	0.949	0.148	8.65155487710877e-43
Nrarp	4.98076819204405e-47	0.348477265704738	0.462	0.033	1.05911054835625e-42
Zdbf2	5.46394877374583e-47	0.679881178369942	0.744	0.082	1.16185406724931e-42
Lmo7	6.11485025891381e-47	0.961756332374787	0.872	0.123	1.30026175905543e-42
Cxcl12	7.5691213355018e-47	1.89744989586771	0.923	0.146	1.6094979607811e-42
Krt19	5.49760045226858e-46	2.09881331364844	1	0.152	1.16900976017039e-41
Il17re	7.52303179836945e-46	0.768611460755942	0.846	0.111	1.59969748160528e-41
Kcnab1	8.96670099868901e-46	0.996128736527451	0.846	0.116	1.90667930036123e-41
Slc7a4	2.87489944817315e-45	0.547432442339235	0.667	0.073	6.1131861865954e-41
Dach1	2.88332534879051e-45	0.360424832612993	0.385	0.024	6.13110302166815e-41
Prr15l	3.05866336583062e-45	0.861925924593075	0.897	0.12	6.50394178110223e-41
Abcb1a	5.68868191697684e-45	0.849270478716069	0.821	0.107	1.20964132282595e-40
Shank3	9.58956566059451e-45	0.307834488752989	0.359	0.021	2.03912524206882e-40
Cobl	3.54512270572144e-44	0.863118362258746	0.872	0.122	7.53834892144607e-40
Adgrg1	4.86975691040715e-44	0.577649213348008	0.692	0.079	1.03550510942898e-39
Ccdc85a	5.02042010822002e-44	0.306401455522193	0.462	0.035	1.06754213181191e-39
Afap1l1	9.63610854105029e-44	0.399446328078515	0.615	0.059	2.04902212016893e-39
Bace2	1.0604159688485e-43	1.2829821920697	0.923	0.142	2.25486851615945e-39
Ebf1	1.58002460385383e-43	0.302906695751295	0.795	0.092	3.35976431763478e-39
Anxa8	2.26682116665295e-43	1.03310167114314	0.795	0.104	4.82016852877083e-39
Atp6v0a4	2.83972947881665e-43	0.826900334666681	0.744	0.094	6.03840076375573e-39
Lrp2	3.49942257521925e-43	0.75226908591449	0.821	0.107	7.44117216394622e-39
Chst4	3.82600936674302e-43	1.08782940160627	0.821	0.116	8.13562631744236e-39
Slc39a8	9.54865671272085e-43	1.88937424909007	0.974	0.171	2.03042636339296e-38
Sema3c	1.01480577486427e-42	1.63654081903595	0.923	0.15	2.15788299967138e-38
Mecom	1.26329390694881e-42	0.342691168047067	0.41	0.029	2.68626816373595e-38
Efnb2	1.52202968766871e-42	0.392673158174362	0.538	0.049	3.23644392785875e-38
Sema3d	1.99485467071165e-42	1.38926895526388	0.872	0.137	4.24185897180126e-38
Fmod	2.29623925783124e-42	0.327157744001037	0.41	0.029	4.88272315785235e-38
Cybrd1	3.7284732093488e-42	0.857984645323697	0.846	0.119	7.9282254323593e-38
Krt8	4.62247153105379e-42	1.48138913943827	0.974	0.149	9.82922346363279e-38
Ptprg	6.24496481318807e-42	0.821659998408465	0.846	0.124	1.32792931787631e-37
Arhgap44	6.91779124782083e-42	0.461352434545532	0.667	0.076	1.47099913093662e-37
Bmp6	1.21314835916178e-41	0.683394802475574	0.641	0.073	2.57963867092162e-37
C2	1.50615985188871e-41	1.53533395559096	0.949	0.158	3.20269830905615e-37
Fgf9	1.53855600154317e-41	0.902190207656049	0.821	0.118	3.2715854816814e-37
Tmem98	2.28137808856951e-41	1.31404207385399	0.949	0.154	4.85112236753421e-37
Fmo1	2.5465609325316e-41	0.567044435016244	0.564	0.054	5.4150071669352e-37
Esyt3	2.86289757486181e-41	0.393090438388679	0.59	0.061	6.08766540318615e-37
Slc23a4	3.24468043629058e-41	0.434661692645389	0.41	0.031	6.89948847972828e-37
Apold1	4.11576980611759e-41	0.567186944323759	0.564	0.054	8.75177291572844e-37
Unc45b	5.31810183222566e-41	0.610933607184098	0.692	0.084	1.13084117360446e-36
Fmo2	1.02437678603156e-40	2.35444534116187	0.974	0.188	2.1782347978175e-36
Cavin2	1.16200967095137e-40	2.28230226516418	1	0.222	2.47089736431099e-36
Ildr2	1.26181571515894e-40	1.34115376761416	0.949	0.167	2.68312493671398e-36
Arhgap28	2.4024329495782e-40	0.588478539984895	0.795	0.107	5.10853342398307e-36
Wipf3	3.00873818544628e-40	0.921330937327131	0.795	0.11	6.39778087753298e-36
Rapgef5	4.66849645316455e-40	1.03974050841719	0.897	0.15	9.92709085800909e-36
Ano1	5.25972329249989e-40	1.15299959405229	0.949	0.164	1.11842756091718e-35
Gjb5	7.72855003433014e-40	0.877703903647766	0.769	0.106	1.64339887929996e-35
Crb2	1.04478714184048e-39	0.457846084142753	0.615	0.069	2.2216353784096e-35
1700023F06Rik	1.16273060331185e-39	0.416343819014104	0.564	0.058	2.47243035488232e-35
Plvap	1.54050128517906e-39	0.891425456279042	0.641	0.077	3.27572193280475e-35
Nkain4	1.98563036068975e-39	1.67708511922052	1	0.182	4.22224439897068e-35
Plxna2	2.66425104412991e-39	0.463373903546034	0.538	0.053	5.66526342023785e-35
Dsg2	3.21362326600198e-39	1.37778105266429	0.872	0.138	6.83344851282662e-35
Cyp2s1	3.59204833959382e-39	0.7760347674068	0.769	0.108	7.6381315893123e-35
Star	5.31940912760382e-39	0.496398634641517	0.641	0.074	1.13111915689368e-34
Npr1	7.53485652628628e-39	0.834036812801766	0.923	0.155	1.60221189174951e-34
C130074G19Rik	9.19987451512341e-39	0.39018975591657	0.462	0.04	1.95626131689584e-34
Plscr2	1.16241728327523e-38	0.845884813176485	0.897	0.147	2.47176411115646e-34
Clu	1.34767326778463e-38	1.65010047974266	1	0.192	2.86569243661724e-34
Sfrp2	1.58147252799125e-38	1.03174566989819	0.59	0.066	3.3628431835206e-34
Tm4sf1	2.03866652446622e-38	2.29670084569661	1	0.21	4.33502049762497e-34
Prr15	2.40667182363685e-38	1.56364016497395	0.923	0.158	5.11754696578139e-34
Prex2	2.42636740250482e-38	0.523825576519857	0.744	0.093	5.15942764468625e-34
Ninl	3.04866352149184e-38	0.648540655560836	0.744	0.103	6.48267811210025e-34
Kank3	3.7947043250453e-38	0.653742878925352	0.744	0.103	8.06905927677633e-34
Bcam	4.05547980134752e-38	1.6841030734251	0.974	0.19	8.62357224958536e-34
Fam189a2	4.48060099303773e-38	0.269200181111575	0.41	0.032	9.52754995159544e-34
Cldn5	4.52546984574188e-38	0.531385894621211	0.359	0.025	9.62295907998553e-34
Gpc3	6.89997005859924e-38	1.55702960541337	0.949	0.173	1.46720963326054e-33
Samd12	8.04576966848526e-38	0.345887045243423	0.564	0.06	1.7108524623067e-33
Tspan12	8.48764760420544e-38	0.31013263026633	0.436	0.036	1.80481338655824e-33
Aldh1a2	9.49769073909607e-38	1.3537457556791	1	0.193	2.01958895876139e-33
Rpp25	2.00136390634998e-37	0.704975824845183	0.718	0.1	4.2557002104626e-33
Smim22	2.1975642503303e-37	0.573561444764889	0.769	0.107	4.67290062190236e-33
Nrxn2	2.62626055223944e-37	0.735757466152065	0.718	0.099	5.58448043828195e-33
Mgll	3.22468308767938e-37	1.44857866697557	0.949	0.197	6.85696611764143e-33
Rapgef4	3.63390164199275e-37	0.27074958070379	0.308	0.019	7.72712845153338e-33
Plcb4	3.78331773489735e-37	0.536132601926613	0.667	0.082	8.04484683148573e-33
Filip1	4.4238667552513e-37	0.484986725035362	0.769	0.106	9.40691026836637e-33
AI661453	5.44267093879062e-37	0.406188138389384	0.564	0.062	1.15732954842444e-32
Lnx1	5.44327048763617e-37	0.366600603128012	0.385	0.03	1.15745703649095e-32
Cav1	6.4323081047767e-37	2.26497961567946	1	0.237	1.36776599539972e-32
Ptprf	6.85854233760794e-37	1.18380649237636	0.923	0.17	1.45840044266895e-32
Myo1d	7.42557285238765e-37	0.804765877532597	0.795	0.126	1.57897381133171e-32
Arhgap29	7.61405422940725e-37	1.7846515930701	1	0.223	1.61905249134116e-32
Bnc2	1.06604361534377e-36	0.594575657292805	0.744	0.105	2.266835143667e-32
Zbtb7c	1.16971676319031e-36	0.719582724006108	0.795	0.119	2.48728572524787e-32
Kank1	1.17704005698753e-36	0.695025338944259	0.846	0.132	2.50285797717829e-32
Kng2	1.18166840821132e-36	0.680435550985203	0.692	0.09	2.51269970322056e-32
Ntm	1.41836295300142e-36	0.368780274060202	0.385	0.031	3.01600698326223e-32
N4bp3	1.46303859432057e-36	0.427646616836467	0.564	0.062	3.11100526696326e-32
Wwc1	2.16607406623501e-36	0.70051879650685	0.641	0.084	4.60593989444213e-32
Cyp26b1	2.24570197598698e-36	0.749157063521529	0.513	0.052	4.77526068173871e-32
G930009F23Rik	2.68745391867653e-36	0.276208427362888	0.462	0.043	5.71460201267378e-32
Lgals2	4.49384073512902e-36	0.822735241667892	0.795	0.121	9.55570293917834e-32
AU021092	4.70280843640326e-36	0.277840241370238	0.385	0.03	1.00000518591679e-31
Tspan7	4.98104990307273e-36	0.927785030939193	0.821	0.137	1.05917045138939e-31
Apbb1	5.90002792382306e-36	0.569602707875232	0.821	0.123	1.25458193772174e-31
Cobll1	1.25466267456999e-35	0.855187987904945	0.923	0.165	2.66791471120562e-31
Rasgrp3	1.37021025573686e-35	0.919794816085044	0.872	0.155	2.91361508779886e-31
Lama3	1.37506790752742e-35	0.307489868622158	0.359	0.027	2.9239443985663e-31
Kcnb1	1.59245580422121e-35	0.267435954129411	0.564	0.06	3.38619802209598e-31
Cdon	1.8015846627582e-35	0.98335572347314	0.923	0.172	3.83088962688905e-31
Epas1	1.84406262946257e-35	0.94747301626279	0.897	0.162	3.92121477528922e-31
Efemp1	1.84962114120349e-35	1.65615797003672	1	0.201	3.9330343946551e-31
Fam180a	1.96401290575266e-35	0.432986951085466	0.615	0.074	4.17627704279246e-31
Gas1	2.44439664261862e-35	2.25834650631122	1	0.232	5.19776502086423e-31
2010001K21Rik	2.4786545049606e-35	0.407392758176784	0.564	0.064	5.27061093934823e-31
Gata6	3.10139239264798e-35	0.84125560294985	0.872	0.143	6.59480078372666e-31
Cav2	3.61652568219279e-35	0.716656176323624	0.872	0.151	7.69018021061475e-31
Sbsn	4.84940007052189e-35	0.994278047444494	0.846	0.138	1.03117643099577e-30
Jam2	5.44744874012033e-35	0.498876612493536	0.795	0.115	1.15834550009919e-30
Eda2r	5.80385640210544e-35	0.348673982968676	0.41	0.036	1.2341320253437e-30
Cd200	7.14870792844845e-35	1.75320147299595	1	0.237	1.52010125390528e-30
Podn	8.36123638941084e-35	0.764104685008925	0.795	0.124	1.77793330584432e-30
Wfdc1	8.41626828697607e-35	0.708903590410132	0.744	0.109	1.78963528854259e-30
Lrrc1	1.07627887586268e-34	0.774446915181693	0.846	0.145	2.28859940163441e-30
Slc16a1	1.65093302152741e-34	1.50402738794163	0.949	0.204	3.51054397697588e-30
Fhl1	1.77844278793713e-34	0.725531942288139	0.846	0.14	3.78168074426951e-30
Ahnak2	2.10386321199125e-34	1.28783234696263	0.923	0.176	4.47365473397819e-30
Igfbp3	2.1920651893235e-34	0.86375386302416	0.692	0.097	4.6612074185775e-30
Tspan15	2.55572810283629e-34	0.585016407041653	0.692	0.096	5.43450023787109e-30
Tmeff2	2.58581244137918e-34	0.522417248205118	0.513	0.058	5.49847157534868e-30
Hspa12b	2.86375431889832e-34	0.271664290348752	0.359	0.027	6.08948718370538e-30
Flrt2	3.88946106275685e-34	1.30678466774604	0.949	0.198	8.27055000384617e-30
Myo1b	7.86865174636546e-34	0.283725733574674	0.538	0.058	1.67319010734715e-29
Piezo2	9.68689949943789e-34	0.698215906674477	0.821	0.135	2.05982230956047e-29
Tmtc1	1.03166573203721e-33	0.552338576174121	0.692	0.1	2.19373401260392e-29
Rasgrf2	1.46340612372914e-33	0.280546965964378	0.462	0.045	3.11178678149765e-29
Eps8l2	1.46569059443089e-33	0.391025014362378	0.538	0.062	3.11664447999785e-29
Ces2g	2.50589145638477e-33	0.542452699669998	0.692	0.1	5.32852759285657e-29
Limch1	3.03539167724893e-33	0.581318630741269	0.769	0.116	6.45445686250212e-29
Lims2	3.13264471302965e-33	0.548565163028459	0.692	0.096	6.66125571778624e-29
Col18a1	3.60942985400774e-33	1.09600430808246	0.974	0.199	7.67509164156206e-29
Stk26	3.99289711384315e-33	1.13408243585364	0.949	0.199	8.49049642287607e-29
Chrnb1	4.37113717608822e-33	0.357458623833192	0.538	0.062	9.29478609123399e-29
Sept4	4.47197536882991e-33	0.49751292948893	0.667	0.089	9.50920842427992e-29
Fam84b	4.96709594664797e-33	0.564026214630231	0.718	0.107	1.05620328209522e-28
Evpl	5.06421352158081e-33	0.309519788049746	0.487	0.052	1.07685436322894e-28
Rhpn2	5.21599370993183e-33	0.507600950642552	0.564	0.07	1.1091289024799e-28
Abi3bp	6.299638730957e-33	0.635330374262448	0.846	0.142	1.3395551797507e-28
Ltbp4	8.64599169057545e-33	1.57671355640918	1	0.235	1.83848367308396e-28
Ppl	8.85916436755547e-33	0.845015925106802	0.692	0.105	1.88381271111699e-28
Sema3f	1.05943307223219e-32	0.482311166240572	0.538	0.065	2.25277848479453e-28
Fam184a	1.20972099044362e-32	0.451021794662731	0.59	0.075	2.57235071407931e-28
Cplx2	1.21548731554682e-32	0.649241004964091	0.513	0.059	2.58461222777876e-28
Apol9b	1.23779628663266e-32	0.370827272925754	0.564	0.068	2.63205002389569e-28
Slc4a4	1.35393054437387e-32	1.19781846547148	0.872	0.167	2.8789979095566e-28
Tcim	1.9643128983974e-32	0.650935647951699	0.769	0.122	4.17691494715222e-28
Cd34	2.06293889777635e-32	1.31647436493194	0.974	0.215	4.38663327223162e-28
F11r	2.3238674266718e-32	1.28047945844521	0.974	0.226	4.94147169607491e-28
Fzd6	3.59329881547501e-32	0.338134282338284	0.462	0.047	7.64079060122606e-28
Perp	4.26589433821316e-32	0.460214291908607	0.641	0.087	9.07099772077646e-28
Adamts2	4.3428745044597e-32	0.657787787254969	0.872	0.154	9.23468834628311e-28
Clic3	5.37496865460111e-32	0.436450472866062	0.513	0.058	1.14293333471438e-27
Gng11	7.38378340036723e-32	1.40914919636536	0.949	0.223	1.57008770225409e-27
Sncg	7.71498433584905e-32	0.508717076076728	0.436	0.043	1.64051426917494e-27
Spns2	8.48301491864452e-32	0.53880761824318	0.692	0.103	1.80382829230057e-27
Bicc1	9.19757373923384e-32	1.42030009835531	1	0.224	1.95577207991068e-27
Olfr1372-ps1	9.5633597319813e-32	0.350850993590174	0.513	0.057	2.0335528134085e-27
A730046J19Rik	1.11518716338655e-31	0.293070265487916	0.462	0.047	2.37133398422515e-27
Slc9a3r2	1.16360687136251e-31	0.677442550561221	0.846	0.147	2.47429365126524e-27
C1s1	1.22230415880948e-31	1.83985576022131	1	0.224	2.59910756329249e-27
Pecam1	1.66735349386901e-31	1.15277749593695	0.974	0.223	3.54546046936305e-27
Smim1	1.77730828295571e-31	1.23304545704888	0.974	0.209	3.77926833287702e-27
Cpeb1	1.90017246446445e-31	0.276542324472821	0.462	0.048	4.04052672843721e-27
Tst	1.96886727949415e-31	0.684474285440404	0.795	0.135	4.18659938311636e-27
Ehd2	1.97611597310391e-31	1.21366904899912	0.974	0.243	4.20201300520816e-27
Gsta4	2.00618018691752e-31	1.01956374136355	0.897	0.172	4.26594154946142e-27
Sema5a	2.05999619016015e-31	1.15675973427976	0.872	0.17	4.38037589875654e-27
Plet1	3.95487097319099e-31	0.531279105292189	0.692	0.106	8.40963763739332e-27
Aebp1	4.21323873508891e-31	2.06550967289575	1	0.239	8.95903084629306e-27
Cavin1	4.67735107595537e-31	1.97817752760694	1	0.284	9.9459193279115e-27
Ptprm	4.91827357025464e-31	0.251256561060626	0.487	0.052	1.04582169197895e-26
Pawr	5.7217845140608e-31	0.626444925508438	0.667	0.099	1.21668025906989e-26
Mcc	5.82064949191773e-31	0.4843353293641	0.641	0.091	1.23770290796139e-26
P3h4	6.72294609258353e-31	0.886888729294649	0.923	0.179	1.42956725712696e-26
Asns	9.85541769073577e-31	0.582619133276981	0.718	0.118	2.09565601775805e-26
Runx1t1	1.50117671346318e-30	0.919603947731418	0.769	0.139	3.19210216350811e-26
Shroom3	1.73329082207781e-30	0.525744735782289	0.692	0.104	3.68566960406626e-26
Sorbs2	2.69714005154731e-30	0.297525407300577	0.615	0.081	5.7351986056102e-26
Emp2	4.0811765022689e-30	1.08047100636825	0.923	0.205	8.67821371442458e-26
Itga3	4.32382460616551e-30	0.60638593360826	0.692	0.111	9.19418064255035e-26
Fam13c	5.01581044912186e-30	0.353695651610837	0.462	0.051	1.06656193390127e-25
Rarres2	5.41509632867932e-30	2.50884239322045	1	0.305	1.15146608333037e-25
Slc16a4	6.23054642296325e-30	0.271765905257274	0.462	0.05	1.32486339137891e-25
Ptgis	7.67245601494805e-30	1.52857816077935	1	0.227	1.63147104701855e-25
Cldn10	8.50379363065344e-30	0.769231398563534	0.718	0.114	1.80824667762215e-25
Tmem108	8.77919084398092e-30	0.630175294902532	0.641	0.095	1.8668071410641e-25
Crym	9.32245313766235e-30	0.788867056155675	0.692	0.113	1.98232643519252e-25
Hspb1	1.33203023881781e-29	1.93216680954083	1	0.285	2.8324290998222e-25
Cdh3	1.42005766532487e-29	0.392351247456268	0.641	0.091	3.01961061954681e-25
Bvht	1.45529636247441e-29	0.26832453102509	0.462	0.05	3.09454218516559e-25
Il7	1.65356359001315e-29	0.337827908317242	0.462	0.052	3.51613761780397e-25
Tjp1	1.69249991828135e-29	1.02994807024274	0.897	0.207	3.59893182623345e-25
Epb41l4a	2.33194596939312e-29	0.450320712404968	0.615	0.088	4.95864990931754e-25
Hoxc4	2.63940537473342e-29	0.361733394134178	0.641	0.092	5.61243158883314e-25
Igfbp6	2.94817520539722e-29	2.4269175076279	1	0.307	6.26899975675665e-25
Pcnx2	3.05714516587822e-29	0.294781826907935	0.513	0.062	6.50071348072346e-25
Il18r1	3.36765382650221e-29	1.16682048915232	0.872	0.178	7.1609790966743e-25
Stap2	3.51069537792058e-29	0.338261722729524	0.513	0.064	7.46514265161032e-25
Gipc2	5.64343087969422e-29	0.580178634420719	0.615	0.092	1.20001914225818e-24
Pdpn	5.92027224956626e-29	1.38798945045987	1	0.235	1.25888669114777e-24
Tmem132a	6.41093095258063e-29	0.761813227548065	0.795	0.147	1.36322035775674e-24
Apbb2	7.18383123253032e-29	0.605799705772585	0.692	0.112	1.52756987328525e-24
Parva	7.32678897111791e-29	1.05384952559841	0.974	0.224	1.55796840681851e-24
Col4a5	8.36831864169089e-29	0.549697811455213	0.667	0.104	1.77943927596915e-24
Lvrn	8.98803582189352e-29	0.54420141365865	0.564	0.08	1.91121593716744e-24
Efna5	9.08221429973659e-29	0.932354388389909	0.923	0.196	1.93124204869599e-24
Spock2	1.27986719922228e-28	0.602377759664592	0.744	0.124	2.72150961242626e-24
Rassf9	1.40585045126416e-28	0.372095184825282	0.513	0.064	2.98940039956811e-24
Smtnl2	1.50556244185155e-28	0.485462961181476	0.641	0.098	3.20142797635314e-24
Itgb4	1.57454792581112e-28	0.590912585254429	0.692	0.113	3.34811870944477e-24
Igfbp5	1.92503528052675e-28	1.29668138948336	0.821	0.166	4.09339502051207e-24
Sema6a	1.94162722528384e-28	0.78455283139794	0.718	0.126	4.12867613184356e-24
Nfib	2.4693807908521e-28	1.72541216324058	1	0.305	5.2508913136679e-24
Rab40b	2.48440020231566e-28	0.470404322510074	0.59	0.085	5.28282859020402e-24
Tgfbr3	2.82422319333232e-28	0.971097091356857	0.949	0.218	6.00542819830184e-24
Cmah	2.95739407432378e-28	1.46061785869404	0.897	0.222	6.28860275964209e-24
Jcad	3.08847751911314e-28	0.340158288779887	0.513	0.064	6.56733859664219e-24
Ccdc80	3.51100200387145e-28	1.39098182981531	1	0.232	7.46579466103226e-24
Ackr3	3.73080948596699e-28	0.714887082863453	0.692	0.114	7.93319329096021e-24
Crip2	4.15892982701434e-28	1.45791639500596	1	0.275	8.84354838416329e-24
Barx2	4.25253632006882e-28	0.632514911115032	0.564	0.079	9.04259323099434e-24
Samd5	4.78764668663873e-28	0.285959995075215	0.333	0.029	1.01804519144686e-23
Tm4sf5	5.54005572439133e-28	0.594767101870015	0.692	0.112	1.17803744923457e-23
AW551984	6.03111292209492e-28	0.479721655835712	0.564	0.08	1.28245585175426e-23
Ifi203-ps	8.92217387288246e-28	0.364264637568157	0.462	0.054	1.89721105232973e-23
Sulf1	9.28571774206114e-28	1.24097392853732	0.795	0.157	1.97451502067188e-23
C1ra	9.72080892415626e-28	1.56887004905772	1	0.28	2.06703280963259e-23
Medag	9.75653908561668e-28	0.627953733599922	0.744	0.129	2.07463047116553e-23
Gdpd5	1.04214892687476e-27	0.351611738499254	0.59	0.085	2.2160254781065e-23
Hoxa7	1.18024329941501e-27	0.616724053177239	0.615	0.094	2.50966935187607e-23
Hoxb7	1.18296478055995e-27	0.615444557786424	0.615	0.097	2.51545630938267e-23
Serpinb6b	1.20428996061148e-27	1.30970558404621	0.949	0.228	2.56080217224426e-23
Pdlim3	1.28386414059851e-27	0.532385581336618	0.667	0.109	2.73000870856867e-23
Il17rd	1.32412080377432e-27	0.340334508733944	0.487	0.061	2.81561047714571e-23
Cd55	1.38433222548959e-27	1.1705123096786	0.872	0.183	2.94364404428106e-23
Ctdspl	1.54222745468133e-27	0.949453474797278	0.923	0.22	3.27939245963439e-23
Wnt5a	1.80585890796419e-27	1.22816306244304	0.846	0.176	3.83997838189506e-23
Ephb4	1.85821974956089e-27	0.334759956337191	0.487	0.06	3.95131847546627e-23
Clec3b	2.03719091088008e-27	1.35291295322837	0.949	0.204	4.33188275289541e-23
Pcsk6	2.24446188322503e-27	0.494345808735719	0.564	0.081	4.77262374848971e-23
Zfp521	2.7078031100601e-27	0.289302445099456	0.436	0.049	5.7578725332318e-23
S1pr1	2.89664549416026e-27	0.612380570538011	0.744	0.129	6.15942697878238e-23
Nav2	3.71896684257656e-27	0.728079495629219	0.769	0.141	7.9080110940548e-23
Loxl1	3.78796591196323e-27	0.919881594260297	0.974	0.221	8.05473071519861e-23
Fgf1	3.94509792795917e-27	0.702850664586451	0.667	0.111	8.38885623401239e-23
Col4a2	4.17990677579568e-27	0.744886806981352	1	0.238	8.88815376805193e-23
Fbln2	6.22512816353836e-27	0.682285258124478	0.897	0.197	1.3237112526948e-22
Serpinb1a	6.28396422717213e-27	0.984515350334619	0.897	0.198	1.33622215326588e-22
Scarb1	6.66333377099354e-27	1.04234544725219	0.821	0.194	1.41689129306407e-22
Ptpn14	1.29225984415965e-26	0.580444592609907	0.718	0.128	2.74786133262108e-22
Nbl1	1.3469606741417e-26	1.46959090307522	0.949	0.252	2.86417717749492e-22
Npdc1	1.40892971941877e-26	1.0617272456287	1	0.25	2.99594815537207e-22
Ctla2a	1.78131436378747e-26	0.66602712325867	0.897	0.192	3.78778686315767e-22
Rflnb	1.87622204947062e-26	0.888718387517594	0.718	0.135	3.98959856599432e-22
Sox12	1.88625354708663e-26	0.451972606151345	0.59	0.089	4.01092954252502e-22
Bend7	2.02821019064746e-26	0.488457318235176	0.538	0.078	4.31278614939275e-22
Timp3	2.18667317492271e-26	1.12563373806588	1	0.257	4.64974183915566e-22
Lsr	2.1981688047167e-26	0.825889567316473	0.872	0.192	4.6741861463496e-22
Csrp2	2.28769180799715e-26	1.49126239209044	1	0.291	4.86454786052514e-22
Tcea3	2.77184625216836e-26	0.897115898051626	0.872	0.193	5.89405387061081e-22
Pdzd2	2.97894651879393e-26	0.598047645389277	0.718	0.126	6.33443187756341e-22
Nnat	3.00599978612767e-26	0.569775005990207	0.59	0.089	6.39195794522188e-22
Gpr39	3.11943105824418e-26	0.423951810659992	0.513	0.07	6.63315820225043e-22
Rab27b	3.40271710988586e-26	0.484288965503578	0.538	0.076	7.2355376624613e-22
S100a16	4.78331766190481e-26	1.00863859186096	1	0.262	1.01712466762744e-21
Atp1b1	4.83065375264067e-26	0.853878248810824	0.974	0.235	1.02719021396151e-21
Mpzl2	5.13777861838286e-26	0.574202012558793	0.641	0.108	1.09249724541293e-21
Bicd1	5.3355620703693e-26	0.767321502429811	0.821	0.166	1.13455391864333e-21
Gabarapl1	5.75613095740834e-26	1.525070050533	1	0.362	1.22398368678331e-21
Rapgef3	6.48219251902722e-26	0.256378165542396	0.436	0.051	1.37837341724595e-21
Atp6v0e2	6.94279711365664e-26	0.698675868900126	0.692	0.127	1.47631637824795e-21
Crim1	7.90452400693027e-26	1.46896925482416	0.949	0.307	1.68081798483365e-21
Slc23a3	8.70551888125586e-26	0.274600699989956	0.487	0.063	1.85114153491025e-21
C4b	8.97046440057279e-26	1.74051587935611	1	0.298	1.9074795501378e-21
Gm49708	8.97456853124703e-26	1.0805367752454	0.821	0.167	1.90835225248437e-21
Met	1.0670521638453e-25	0.514287481877598	0.718	0.129	2.26897972120065e-21
Syne2	1.07358706179099e-25	1.44132889277963	0.974	0.294	2.28287552819237e-21
Icam2	1.13713356306391e-25	0.468608634373573	0.538	0.076	2.41800080849911e-21
Cyp2d22	1.38034016932984e-25	0.594242036335449	0.744	0.141	2.93515533606297e-21
Ogn	1.46317748524891e-25	0.784030494935634	0.897	0.199	3.11130060463328e-21
Mylk3	1.5621872366314e-25	0.254091906250558	0.385	0.042	3.321834939973e-21
Abcg2	1.65071177680613e-25	0.690455089866254	0.821	0.179	3.51007352220055e-21
Plxna4	1.67987484061958e-25	0.861802889929161	0.949	0.223	3.57208586109347e-21
Sertad4	1.72200790013359e-25	0.281378939216617	0.462	0.058	3.66167759884406e-21
2010300C02Rik	1.94805117027253e-25	0.293708926735231	0.462	0.059	4.14233600846751e-21
Dpp4	2.00443998938891e-25	1.02639830993696	0.846	0.205	4.26224119343659e-21
Caskin2	2.47299792946292e-25	0.27914426694162	0.436	0.052	5.25858279720995e-21
Sh3bp4	2.50836052607212e-25	0.480305803892789	0.692	0.125	5.33377782263976e-21
Cttnbp2	2.52936446510342e-25	0.254757006612793	0.359	0.037	5.37844059859591e-21
Cep170b	2.67519512457565e-25	0.362690323692785	0.59	0.091	5.68853491289767e-21
Alad	2.88461551887323e-25	0.991684489115416	0.949	0.25	6.13384643933205e-21
Cmtm8	3.12135186245018e-25	0.338815258912162	0.41	0.047	6.63724260031407e-21
Ctnnal1	3.19438660294697e-25	0.488642260963431	0.667	0.116	6.79254367250643e-21
Nos1ap	3.49299275980197e-25	0.388228668888945	0.564	0.086	7.42749980444291e-21
Lmcd1	3.64062872017938e-25	0.371280495694195	0.359	0.037	7.74143291058944e-21
Nectin2	4.18481362973939e-25	0.750347227223659	0.846	0.187	8.89858770227785e-21
Kiz	4.27122534987853e-25	0.595423505998488	0.821	0.167	9.0823335839817e-21
Gstt1	4.89903470872816e-25	0.610655675927831	0.872	0.186	1.04173074046396e-20
Pcdh7	4.9283490638345e-25	0.763754953050202	0.795	0.164	1.04796414493377e-20
Tnks1bp1	5.0746596081749e-25	0.670206264879145	0.846	0.188	1.07907561908231e-20
Prkcz	5.28309376006203e-25	0.41175021644664	0.59	0.094	1.12339705713959e-20
Ghr	5.36226908796647e-25	0.545126459881529	0.795	0.157	1.14023289886519e-20
Plekhg5	5.52061267027776e-25	0.383530156734625	0.667	0.113	1.17390307820786e-20
Cracr2b	7.06857491082483e-25	0.617182769005767	0.795	0.165	1.50306176903779e-20
Pcolce	7.11871842768803e-25	1.3333282072343	0.974	0.252	1.51372428646358e-20
Apol7a	7.67905031978674e-25	0.357142901135652	0.487	0.067	1.63287325999945e-20
Ndrg1	7.85432424837335e-25	0.957844379027327	0.974	0.283	1.67014350817411e-20
Flrt1	7.87603861872204e-25	0.589298524715619	0.538	0.082	1.67476085188505e-20
Slpi	8.08598508856614e-25	2.38748454481484	1	0.38	1.7194038692327e-20
Gm47101	8.7536227906935e-25	0.331058679663743	0.487	0.067	1.86137035021307e-20
Cdh11	9.43834947667968e-25	1.01645123082738	0.897	0.207	2.00697063272117e-20
Afdn	9.80699090351476e-25	1.04576083511141	0.923	0.26	2.08535854572338e-20
Id1	9.97249631802525e-25	0.823163676797641	0.667	0.127	2.12055161706489e-20
Gata5	1.026442872335e-24	0.409715220082412	0.436	0.056	2.18262812373314e-20
Dock9	1.11231871185119e-24	0.442255254304407	0.692	0.125	2.36523450888038e-20
Lama5	1.15440632272092e-24	0.379636645012875	0.564	0.086	2.45472960463376e-20
Pla2r1	1.19702500691304e-24	0.494474594221841	0.564	0.089	2.54535397469988e-20
Espn	1.27505976858599e-24	0.73167917119567	0.692	0.134	2.71128709192125e-20
Adora1	1.4105814917121e-24	0.402964696659848	0.538	0.08	2.99946048397661e-20
Krt14	1.54009734825516e-24	0.477023381508664	0.538	0.077	3.27486300132978e-20
Rian	1.72650007500944e-24	0.802184117289527	0.59	0.097	3.67122975950008e-20
Arhgef5	1.89897378395496e-24	0.635121234140723	0.795	0.167	4.03797785420182e-20
Il17rc	2.19991087457043e-24	0.378334423192772	0.667	0.115	4.67789048368657e-20
Snhg18	2.34213749757651e-24	1.04764335683367	0.949	0.234	4.9803211748467e-20
Cgnl1	2.51985942993595e-24	0.755266798570639	0.744	0.16	5.35822909181581e-20
Tspan8	3.15714954305469e-24	0.37791027272805	0.564	0.087	6.71336278835149e-20
Dmkn	3.29159319789412e-24	1.55107076160557	0.846	0.2	6.99924377600205e-20
Pik3ip1	3.45443468979793e-24	0.583396380420327	0.744	0.146	7.34550992438633e-20
Cavin3	3.4698699175594e-24	1.35200831784086	0.974	0.267	7.3783313926983e-20
Meis2	3.57499860757489e-24	0.880066015697546	1	0.256	7.60187703914725e-20
Pcdh19	4.12220413009275e-24	0.352974718629725	0.487	0.067	8.76545486222922e-20
Uaca	4.18358470218987e-24	0.477380856852356	0.641	0.113	8.89597451073655e-20
Gm12840	4.95478042210535e-24	1.76602945199012	0.923	0.253	1.05358450895648e-19
Cdc42ep1	4.96281709491573e-24	0.561801800883768	0.667	0.122	1.05529342706288e-19
Foxq1	5.02708218545945e-24	0.310751250348186	0.385	0.045	1.0689587559161e-19
Tnfrsf11b	5.09185800343633e-24	0.489130670154158	0.615	0.103	1.0827326858507e-19
Fzd4	5.44576306645742e-24	0.696711280465409	0.692	0.133	1.15798705845151e-19
Smpd3	5.9947339939359e-24	0.92099807975084	0.744	0.153	1.27472023647053e-19
Ppfibp2	7.00748665080838e-24	0.998465601730895	0.846	0.224	1.49007196142789e-19
Vgll3	7.06960816619482e-24	0.274290078546624	0.564	0.085	1.50328148045967e-19
Col6a2	7.51556764634485e-24	0.762600476166353	1	0.246	1.59811030431877e-19
Prg4	8.18957968093016e-24	1.05217813688434	0.59	0.098	1.74143222335299e-19
Isl1	9.65719356799678e-24	0.33627801243789	0.359	0.039	2.05350564029884e-19
Dbp	1.16829628691488e-23	0.860406261190296	0.923	0.228	2.48426522449579e-19
Dcn	1.34050511535025e-23	1.86262480859322	1	0.308	2.85045007728078e-19
Cfb	1.40280903538175e-23	1.23249460336304	0.897	0.239	2.98293313283575e-19
Cul7	1.54376276741824e-23	0.36459404918874	0.667	0.118	3.28265714863815e-19
Sox4	1.6975939311215e-23	1.12581839672351	0.872	0.235	3.60976373513677e-19
Cryab	1.96456925586579e-23	0.861352334155672	0.974	0.257	4.17746006567303e-19
Arhgap8	2.00586862962976e-23	0.273344041437958	0.436	0.057	4.26527905404471e-19
Pear1	2.12997202074935e-23	0.480609543047732	0.667	0.126	4.52917250492142e-19
Ntf3	2.13207477519671e-23	0.311375313536111	0.41	0.051	4.53364380197828e-19
Gstm2	2.42427657992024e-23	0.694420862117375	0.949	0.224	5.15498171954239e-19
Myo10	2.43544942445498e-23	0.666760691744768	0.641	0.117	5.17873965616106e-19
Gas6	2.46410992844954e-23	1.87574413184714	1	0.441	5.23968335185509e-19
Fam213a	2.46869863411944e-23	0.872532377543704	0.923	0.225	5.24944077559158e-19
Tdo2	2.58101962652158e-23	0.751958055775715	0.513	0.076	5.4882801338355e-19
Gpx3	3.01003753811426e-23	1.61770945266732	0.974	0.304	6.40054382104616e-19
Vnn1	3.04084816815549e-23	0.34736286385653	0.513	0.075	6.46605954476583e-19
Eml1	3.31639185329567e-23	0.438845247555401	0.641	0.114	7.05197563684791e-19
Sh2d4a	3.64888008370631e-23	0.361147050539541	0.513	0.077	7.7589786099931e-19
Mgp	3.74178477529854e-23	1.09794960254622	1	0.264	7.95653114619482e-19
Akap2	3.87184329850254e-23	0.352644974188557	0.513	0.076	8.2330875899358e-19
Col6a1	3.97839994942475e-23	1.09850980339428	1	0.265	8.4596696524568e-19
Casp12	4.17104230060068e-23	0.604325438486665	0.795	0.175	8.86930434799728e-19
Cdc42bpa	6.03529179924172e-23	0.804662599131219	0.872	0.211	1.28334444819076e-18
A330076H08Rik	6.08112905737607e-23	0.312621849900426	0.308	0.031	1.29309128276045e-18
Tshz2	6.08781705923446e-23	0.805136752711895	0.974	0.257	1.29451341947562e-18
Serping1	6.42608181780493e-23	1.58766276549556	1	0.277	1.36644203773804e-18
Lgals7	7.24819539348452e-23	1.19182392093009	0.641	0.122	1.54125626847055e-18
Best1	7.31389103726878e-23	0.33062308638384	0.487	0.071	1.55522579016483e-18
Nkx2-3	8.65794056814504e-23	0.493325996304376	0.769	0.156	1.84102448241036e-18
Eml2	8.89784400576613e-23	0.606998904028262	0.744	0.161	1.89203754938611e-18
Flt4	1.05657550085662e-22	0.443333518339317	0.333	0.036	2.24670214502152e-18
Pxdn	1.10097885112499e-22	0.43157148876304	0.718	0.137	2.34112142903219e-18
Sparcl1	1.14163109164053e-22	0.818684381728804	0.923	0.226	2.42756435326443e-18
Colec12	1.54944497031786e-22	0.800325868719919	0.974	0.249	3.29473978488389e-18
Adgrd1	1.66931698951793e-22	0.518792570186323	0.769	0.157	3.54963564651093e-18
Msrb3	1.7198905754512e-22	0.448606297570811	0.692	0.134	3.65717531963943e-18
Id3	1.95325933707465e-22	1.05036137034242	0.949	0.279	4.15341065435554e-18
Il18	1.9628921848195e-22	0.837870670389075	0.923	0.245	4.17389394180018e-18
Zc2hc1a	2.24499793524828e-22	0.545154555075367	0.795	0.174	4.77376360951194e-18
Sorbs3	2.32351304569771e-22	0.4871617415703	0.667	0.128	4.9407181403716e-18
Rasl11a	2.5624637720988e-22	0.608666133557169	0.615	0.111	5.44882296499089e-18
Yes1	2.67381424878627e-22	0.470106273702292	0.59	0.104	5.68559861861912e-18
Bmp4	3.23744479738549e-22	0.539102845297295	0.667	0.128	6.8841026171605e-18
Rhoj	3.35397965629697e-22	0.781092280823387	0.949	0.238	7.13190234114988e-18
Tanc1	3.37313919835732e-22	0.426577219197238	0.641	0.12	7.17264319138701e-18
Cd151	4.07285694206585e-22	1.26138656385704	1	0.372	8.66052300160882e-18
Ptpn13	4.20773156365835e-22	0.515611356440229	0.744	0.155	8.94732039696312e-18
Smarcd3	4.49226329145426e-22	0.326964055035332	0.564	0.092	9.55234866294834e-18
Dync2li1	4.66373006902791e-22	0.397732062100868	0.667	0.125	9.91695561878096e-18
Amotl2	5.24674510172113e-22	0.664620812116126	0.795	0.181	1.11566787842998e-17
Efnb1	5.37544028829346e-22	0.596992612096627	0.718	0.155	1.14303362290272e-17
Osmr	5.61053254453805e-22	0.551197162229723	0.744	0.158	1.19302364027057e-17
Jup	5.67819264177459e-22	0.782012156116432	0.923	0.26	1.20741088334695e-17
Heg1	6.3988194916024e-22	0.840562136824895	0.949	0.263	1.36064497669433e-17
Tead1	8.037254312743e-22	0.681946630234556	0.846	0.196	1.70904175706167e-17
Anxa9	8.4122050272705e-22	0.345769275238674	0.436	0.061	1.7887712769988e-17
Gpr88	9.06624003752518e-22	0.364626535702267	0.513	0.08	1.92784528157935e-17
Adgrg2	9.24624156938261e-22	0.28375315635321	0.41	0.054	1.96612080731352e-17
Tsc22d1	9.55577895476696e-22	1.32006270534705	0.974	0.352	2.03194083694165e-17
Igfbp7	1.13682433183331e-21	1.83578211731728	1	0.395	2.41734325921036e-17
Spsb1	1.25729642179381e-21	0.615391914813453	0.795	0.18	2.67351511130235e-17
Fam84a	1.27068143345372e-21	0.437711315244389	0.385	0.05	2.70197700009599e-17
Nnmt	1.2961478453471e-21	0.925219958453943	0.821	0.195	2.75612877834607e-17
Spint2	1.30854729689197e-21	1.08257044532918	0.897	0.244	2.78249497211109e-17
Thsd4	1.42799437336698e-21	0.355192130596218	0.564	0.096	3.03648723552754e-17
Meg3	1.49666643240567e-21	1.68155665108115	0.795	0.189	3.18251150186742e-17
Col14a1	1.51190981534113e-21	1.0179289405379	0.949	0.268	3.21492503134137e-17
Nhsl1	1.56277235652671e-21	0.371897730354207	0.564	0.097	3.3230791389184e-17
Ptprk	1.65394872272378e-21	0.318129832661276	0.59	0.102	3.51695656399984e-17
Trp53i11	1.79764543448136e-21	0.41301161584349	0.59	0.103	3.82251325188116e-17
Stard10	1.80305209554545e-21	0.449531527423388	0.692	0.139	3.83400997596785e-17
Miga1	1.96398204823487e-21	0.380338268234322	0.564	0.097	4.17621142736663e-17
Pamr1	2.064617878546e-21	0.412234156037373	0.436	0.061	4.39020345694022e-17
Xpnpep2	2.60248632167601e-21	0.32361674289468	0.256	0.023	5.53392691441187e-17
Mgst1	2.68015652164695e-21	1.74918998769774	1	0.408	5.69908482763008e-17
Gstt3	3.94361355074456e-21	0.373112177409445	0.615	0.115	8.38569985430323e-17
Nr1d1	3.96910436076374e-21	0.808962722983887	0.872	0.227	8.43990351272802e-17
Col1a2	4.36649757195854e-21	0.867793173126906	1	0.285	9.28492043701263e-17
Zfp503	4.52876302064043e-21	0.673389128638568	0.769	0.18	9.62996168708981e-17
Mpdz	5.3069374326531e-21	0.546300963482986	0.744	0.163	1.12846717567936e-16
Il6st	6.82710945059319e-21	1.52185494922503	1	0.549	1.45171655357414e-16
Stmn2	6.8628943609619e-21	0.482586055619487	0.385	0.048	1.45932585691494e-16
Steap4	7.23185233446966e-21	1.02058047625142	0.769	0.178	1.53778108040163e-16
Lmo1	7.81768252615623e-21	0.338966216255064	0.538	0.091	1.66235201236186e-16
Ddr1	8.28248100302309e-21	0.794447532718044	0.744	0.185	1.76118676048283e-16
Crtap	8.75198787571601e-21	0.780344192513087	0.974	0.294	1.86102270189225e-16
Smo	9.23347653193482e-21	0.749574972474905	0.795	0.199	1.96340644975062e-16
Akr1b8	9.38596989794792e-21	0.332967123992371	0.615	0.112	1.99583263909965e-16
Tspan9	9.62626854099572e-21	0.330395050270446	0.615	0.112	2.04692974255733e-16
Tmem204	9.82374647976389e-21	0.312022212096116	0.462	0.067	2.08892145145699e-16
2900026A02Rik	1.07655401736e-20	0.419365624382785	0.615	0.116	2.28918446251431e-16
Wwtr1	1.34545112492379e-20	0.680158921531933	0.846	0.21	2.86096727203794e-16
Ssbp3	1.37374434388671e-20	1.20929801378661	0.949	0.362	2.92112997284071e-16
C3	1.4354074819583e-20	2.41951736300763	1	0.585	3.05225046963613e-16
Ccn1	1.5770272849671e-20	0.398437682406849	0.641	0.123	3.35339081875404e-16
Twsg1	1.67416108586125e-20	0.827160801403751	0.897	0.253	3.55993613297536e-16
Hspg2	2.17383875394043e-20	0.49981280252474	0.872	0.207	4.62245072637894e-16
Baiap2l1	2.25295763072787e-20	0.615655915846313	0.692	0.144	4.79068910597974e-16
Atp9a	2.54596074913871e-20	0.435425317935618	0.744	0.159	5.41373093696856e-16
Cers4	2.57565417242671e-20	0.607360347974046	0.897	0.231	5.47687103224815e-16
Maged1	2.610364370673e-20	0.892569496645639	0.974	0.288	5.55067879779906e-16
Bmpr1a	2.97855683577367e-20	0.636686368092191	0.872	0.222	6.33360325558914e-16
Meis1	3.21029949891804e-20	0.479650010141962	0.795	0.184	6.82638085449933e-16
Mras	3.61602430547626e-20	0.584694157636277	0.795	0.194	7.68911408316471e-16
Col4a4	3.95381613792423e-20	0.297468934507798	0.359	0.045	8.40739463568208e-16
Dag1	5.01551379738052e-20	1.17413801174306	0.974	0.378	1.06649885387499e-15
Il33	5.07029636845127e-20	0.452507044321307	0.744	0.161	1.07814781978748e-15
Slc9a3r1	5.15078474319683e-20	1.46547460001266	0.974	0.469	1.09526286779337e-15
Amigo2	5.74425159328772e-20	0.352210841981247	0.436	0.065	1.2214576587967e-15
Dlc1	6.69244618928559e-20	0.621246104287502	0.846	0.215	1.42308175768969e-15
Angptl4	8.68755711763762e-20	0.690117956945753	0.718	0.157	1.84732214549446e-15
Kifc3	9.18935033632129e-20	0.540097389500856	0.769	0.184	1.95402345551536e-15
Magi3	9.23554066202321e-20	0.454631582212506	0.641	0.13	1.96384536637261e-15
Lamb1	1.04039713836785e-19	0.351098127311079	0.897	0.216	2.2123004750254e-15
Ltbp3	1.06234407111972e-19	0.90476822451083	0.872	0.258	2.25896843282897e-15
Tfdp2	1.37395229908831e-19	0.634022239544669	0.872	0.238	2.92157216878138e-15
Hspb8	1.46579606271379e-19	0.307766375947754	0.59	0.108	3.1168687477546e-15
Tcaf1	1.50200933799542e-19	0.459392661273546	0.718	0.159	3.19387265631346e-15
Gpx8	1.52480609833171e-19	0.74300192392659	0.923	0.242	3.24234768749254e-15
Nr2f2	1.53879472690632e-19	0.526347933491779	0.769	0.176	3.2720931072936e-15
Cc2d2a	1.58260976073969e-19	0.37976705416003	0.564	0.104	3.36526139523688e-15
Etl4	1.82424481062391e-19	0.350983933547763	0.615	0.119	3.87907416531069e-15
Tmem88	1.8740078372411e-19	0.47966200310446	0.59	0.117	3.98489026510947e-15
Col3a1	2.01262017157318e-19	0.689089646954144	1	0.318	4.27963553283321e-15
Tob1	2.40810710850562e-19	0.627331926790347	0.949	0.267	5.12059895552635e-15
Bcar1	2.4891560406787e-19	0.297144168829979	0.513	0.088	5.29294140489919e-15
Plce1	2.67290794517255e-19	0.517870244381004	0.744	0.17	5.68367145461492e-15
Creb3l1	2.72300136800124e-19	0.570528108602408	0.692	0.156	5.79019010891784e-15
Inf2	2.76517686754388e-19	0.431863684152844	0.667	0.143	5.8798720911453e-15
Cys1	2.98920249045723e-19	0.268212370482802	0.513	0.086	6.35624017570826e-15
Lysmd2	2.99669984399526e-19	0.377830444156189	0.667	0.137	6.37218254827152e-15
Scrn1	3.06692630864446e-19	0.407199659855322	0.538	0.099	6.52151210270157e-15
Rdh10	3.27547104519234e-19	0.610330261951617	0.744	0.174	6.96496163049699e-15
Mpzl1	3.53205911191926e-19	0.337271958702616	0.538	0.094	7.51057049558511e-15
Arhgef12	3.58065584710691e-19	0.964460069598798	1	0.372	7.61390659328813e-15
Ckmt1	3.62379017685404e-19	0.340093484104252	0.385	0.054	7.70562743206244e-15
Epn2	3.67851686904194e-19	0.473738416706317	0.718	0.162	7.82199827033079e-15
Serpinh1	3.71612859141283e-19	1.11924741728482	1	0.31	7.90197583678023e-15
Ezr	3.74035533865591e-19	1.51417192804843	1	0.523	7.95349159211793e-15
Serpina3n	4.45033831549237e-19	0.867489241851504	0.692	0.156	9.46319939406298e-15
Mapk12	4.51379149130046e-19	0.297002142095887	0.513	0.089	9.59812622710129e-15
Cpne8	4.51994500569881e-19	0.652110798992749	0.718	0.173	9.61121106011795e-15
Cd36	4.69064074087078e-19	1.13695228878743	0.872	0.267	9.97417847138763e-15
Cyb5r3	5.30625315530792e-19	1.25130641754269	1	0.465	1.12832167094468e-14
Bmp3	5.46718535879654e-19	0.254412422785582	0.256	0.026	1.1625422946945e-14
Rhou	5.63073395298909e-19	0.994003466288894	0.897	0.308	1.1973192677636e-14
Mustn1	5.72074966289358e-19	0.443534320352033	0.487	0.084	1.21646020831769e-14
Itga1	5.76553151838428e-19	0.736054952511939	0.949	0.293	1.22598262206923e-14
Fah	6.55166342352437e-19	0.30894504903236	0.487	0.084	1.39314571037822e-14
Sod3	6.62514447421145e-19	0.772409435934816	0.821	0.205	1.40877072099632e-14
Pls3	7.19865662867883e-19	0.683733486675051	0.821	0.218	1.53072234552227e-14
Me1	7.48903061917811e-19	0.320125935197616	0.538	0.096	1.59246747086203e-14
Clec11a	7.73236305326633e-19	0.506918560109279	0.487	0.086	1.64420967964655e-14
Rab6b	7.89054435440858e-19	0.490882994575529	0.718	0.161	1.67784535152144e-14
Bsg	8.91023048847053e-19	1.51885016811099	1	0.866	1.89467141106837e-14
Wdr35	8.92012570897418e-19	0.388703739688781	0.564	0.109	1.89677553075627e-14
Pard6b	8.96579381289894e-19	0.377407329914723	0.436	0.071	1.90648639637483e-14
Cdc42ep3	9.58806003220317e-19	0.868068214331434	0.923	0.303	2.03880508524768e-14
Thbd	1.0249004301085e-18	0.820229167656555	0.744	0.195	2.17934827458271e-14
Tmem107	1.0741407781354e-18	0.334257111127654	0.59	0.116	2.28405295062712e-14
Col4a1	1.11451044573295e-18	0.569748292120582	0.949	0.285	2.36989501180655e-14
Nckap1	1.1600320495956e-18	0.787001740643805	0.846	0.248	2.46669215026008e-14
Rpap3	1.37769462424886e-18	0.716426903637664	0.846	0.239	2.92952984900278e-14
Hs3st1	1.45161598527786e-18	0.365340454946387	0.615	0.124	3.08671623109485e-14
Sema4c	1.50440518733232e-18	0.375779819658143	0.641	0.135	3.19896719034344e-14
Arhgef17	1.60517075376992e-18	0.276635816460689	0.59	0.111	3.41323509081635e-14
Bmper	1.64545698143872e-18	0.264465300684514	0.41	0.062	3.4988997253313e-14
Evc2	1.82129738196988e-18	0.265204813653441	0.41	0.062	3.87280675302075e-14
Ift122	1.83799137385915e-18	0.412774433428083	0.538	0.104	3.90830485737409e-14
Nid2	1.88232167382584e-18	0.441738676712357	0.641	0.137	4.00256880722326e-14
Plxnb1	1.96998774507393e-18	0.274674816151258	0.436	0.07	4.18898194112521e-14
Lrrn4cl	2.01801099609304e-18	0.252777274264186	0.462	0.076	4.29109858209224e-14
Nradd	2.09374864386309e-18	0.495291319227922	0.615	0.135	4.45214711631048e-14
Itga6	2.46502291415231e-18	0.7805649521383	0.795	0.226	5.24162472465347e-14
Sptbn1	2.87984245004708e-18	1.46342883352458	1	0.679	6.12369698578012e-14
Ntn4	2.96364276031477e-18	0.28266930788359	0.436	0.069	6.30188996553333e-14
Sox6	2.98058244914503e-18	0.453033931480659	0.513	0.095	6.33791051986199e-14
Hoxc8	3.13084697329342e-18	0.438494234192206	0.385	0.056	6.65743300401113e-14
Kitl	3.28449163840732e-18	0.603949308369226	0.949	0.286	6.98414301990932e-14
Nedd4	3.4381011026776e-18	1.36683266384148	1	0.411	7.31077818473364e-14
Plpp3	3.70682803516155e-18	0.688370837488298	0.795	0.199	7.88219913396753e-14
Fam198b	4.00547748502916e-18	0.342002698483727	0.538	0.098	8.51724732416601e-14
Eng	4.01960951018907e-18	0.750175410302121	0.846	0.246	8.54729766246603e-14
Btbd3	4.08527087411147e-18	0.356797174311119	0.744	0.172	8.68691998671062e-14
Mcf2l	4.25944416802108e-18	0.343864243475613	0.462	0.077	9.05728207888002e-14
Ctf1	4.59450525504275e-18	0.253233009597088	0.41	0.064	9.76975597432291e-14
Ndrg2	4.71578005187463e-18	0.274189767027264	0.667	0.14	1.00276347023062e-13
Ryk	5.16089063044402e-18	0.634667596945614	0.897	0.245	1.09741178365762e-13
Apol9a	5.21388331503077e-18	0.39562384272938	0.513	0.094	1.10868014810814e-13
Ttc28	5.46827632303921e-18	0.714601447197351	0.846	0.246	1.16277427733106e-13
Krtcap3	6.20915194007383e-18	0.340621963941629	0.462	0.079	1.3203140685373e-13
Mpp6	6.87856264284071e-18	1.11478088449858	0.949	0.444	1.46265756037365e-13
Steap2	7.27017058562104e-18	0.317213432820562	0.513	0.092	1.54592907332646e-13
Enpp4	7.4495273755797e-18	0.526010650051183	0.744	0.184	1.58406750114327e-13
Tspan4	7.87936650214448e-18	0.795299331610828	0.974	0.336	1.675468493016e-13
Pkia	8.10532095012317e-18	0.389050361743174	0.615	0.128	1.72351544683419e-13
Vwf	8.52721627633781e-18	0.569961193561741	0.462	0.081	1.81322726900047e-13
Aldh1a1	8.99972269994794e-18	0.784491109469112	0.872	0.233	1.91370103491693e-13
Rab34	9.1071476635921e-18	0.480273602866261	0.821	0.205	1.93654387918622e-13
Plpp1	9.85160346880433e-18	0.699479235266931	0.821	0.227	2.09484496160655e-13
Fads2	1.06600432086994e-17	0.383703181066179	0.744	0.173	2.26675158789784e-13
Cachd1	1.15055102650215e-17	0.255941442049513	0.385	0.057	2.44653170275416e-13
Mettl7a1	1.16558749404177e-17	0.55365158407656	0.692	0.164	2.47850524733043e-13
Laptm4a	1.18230587821458e-17	1.33904259432178	1	0.834	2.51405521943548e-13
Lurap1l	1.2011619441515e-17	0.36885373440876	0.487	0.09	2.55415075804375e-13
Crebl2	1.29503547591171e-17	0.427010917316946	0.667	0.15	2.75376343597866e-13
Dab2ip	1.39254646385763e-17	0.472735208749828	0.769	0.194	2.96111080074686e-13
Smoc2	1.4222089983506e-17	0.545694563308526	0.821	0.216	3.02418521409271e-13
Stxbp6	1.44609343604528e-17	0.553843800667027	0.744	0.197	3.07497308240668e-13
Casc4	1.70041712345314e-17	0.490619554511837	0.769	0.19	3.61576697131076e-13
Zadh2	1.73154435315092e-17	0.492491197122805	0.744	0.191	3.68195591254012e-13
Disp1	1.74733228846617e-17	0.322917237401137	0.59	0.12	3.71552737819447e-13
Ak5	1.77465579078015e-17	0.277652541379164	0.359	0.053	3.7736280735149e-13
Ppm1l	1.89036676793718e-17	0.387996153019922	0.59	0.124	4.01967589534161e-13
Pbx1	1.89936917544922e-17	0.963732075291181	0.923	0.326	4.03881861467522e-13
Zc2hc1c	1.90734663555089e-17	0.29824309576709	0.333	0.046	4.05578188583542e-13
Agr2	1.94725889561137e-17	0.350347933827499	0.256	0.028	4.14065131562803e-13
Prss23	2.25324525165207e-17	0.817430679255041	0.769	0.201	4.79130070311295e-13
Tjp2	2.25545024499115e-17	0.455584590232319	0.718	0.178	4.79598940094917e-13
Epb41l4b	2.38649230530063e-17	0.308689781202552	0.462	0.081	5.07463723799126e-13
Ar	2.56505888010079e-17	0.441326734274741	0.615	0.133	5.45434120264632e-13
Chil1	2.73282518779555e-17	1.40441521096838	0.744	0.206	5.81107947932846e-13
Vangl1	2.86271276552284e-17	0.365328183275456	0.487	0.09	6.08727242460776e-13
Ptger3	3.0415453090284e-17	0.440745271511938	0.513	0.097	6.46754194511799e-13
Ppic	3.23164528710496e-17	0.556428449534319	0.769	0.199	6.87177053849999e-13
Fry	3.70654053438603e-17	0.564212117794343	0.744	0.198	7.88158779231845e-13
Cyb561	3.74980273808155e-17	0.300562973666998	0.462	0.082	7.97358054225661e-13
Tubb2b	4.02993959111452e-17	0.455695663457086	0.564	0.118	8.56926354654592e-13
Per3	4.48439710366394e-17	0.290932862590996	0.667	0.144	9.535622001231e-13
Zfp579	4.63283999765148e-17	0.453966331997378	0.615	0.133	9.8512709710061e-13
Syne1	4.65594525683516e-17	0.740497051029835	0.769	0.216	9.90040199413429e-13
Nr1d2	4.77208890856897e-17	0.557259462647491	0.846	0.235	1.01473698551811e-12
Pmm1	4.99807699380532e-17	0.447887157300887	0.846	0.226	1.06279109196276e-12
Cmbl	5.3772025593133e-17	0.450552236741277	0.538	0.11	1.14340835221238e-12
Cdkn1c	5.96926085826125e-17	0.38991268331986	0.667	0.154	1.26930362890067e-12
Bcr	6.13072656516696e-17	0.585552550186051	0.692	0.174	1.3036376968171e-12
Cadm1	6.240110790563e-17	0.468534564468001	0.718	0.176	1.32689715850532e-12
B3gnt9	6.50082416077183e-17	0.3376429111563	0.513	0.102	1.38233524954652e-12
Fads3	6.52867042829344e-17	0.457194806953112	0.615	0.137	1.38825647987232e-12
Ptch1	6.70474686728534e-17	0.472728584095961	0.615	0.14	1.42569737385955e-12
Clstn1	6.9532280479724e-17	0.475390623804114	0.821	0.223	1.47853441212085e-12
Flnb	8.22962185964099e-17	0.588210555185787	0.769	0.21	1.74994679223406e-12
Mical2	8.24516251689183e-17	0.371487807614868	0.615	0.136	1.75325135759188e-12
Fcor	8.54748310454138e-17	0.308995785170399	0.692	0.155	1.81753680734968e-12
Slc43a3	8.8827096879433e-17	0.441491118394775	0.846	0.23	1.88881938804426e-12
Scnn1a	9.16380222848177e-17	0.309717203544474	0.436	0.075	1.94859090586436e-12
Cfh	9.47317234316237e-17	1.2812628223933	0.974	0.501	2.01437536705005e-12
1190002N15Rik	1.04101186697151e-16	0.459702897796441	0.667	0.159	2.21360763392822e-12
Hist1h2bc	1.16359120221729e-16	1.0414782789752	0.923	0.373	2.47426033239484e-12
Htra1	1.21944991146447e-16	0.447946608298221	0.718	0.177	2.59303829173805e-12
Ier5l	1.32229568335095e-16	0.444259216462549	0.718	0.182	2.81172954107746e-12
Mast4	1.33855982281834e-16	0.633210871197099	0.846	0.246	2.84631360724093e-12
Hand2	1.41799626157127e-16	0.389233289184582	0.821	0.216	3.01522725060515e-12
Laptm4b	1.52395624308254e-16	0.577239161382165	0.769	0.207	3.24054055529072e-12
Prlr	1.59067167155887e-16	0.451371826224796	0.487	0.093	3.38240424240279e-12
Rbp1	1.62298699704989e-16	0.606972285976228	0.872	0.244	3.45111955052688e-12
Cuedc1	1.77815816224076e-16	0.362983764750587	0.692	0.163	3.78107551618875e-12
Ndn	1.79082606251665e-16	0.344304702440946	0.667	0.15	3.80801253933541e-12
Megf9	1.93357671209726e-16	0.275222478953137	0.667	0.15	4.11155752060362e-12
Hmgn3	2.02935136721224e-16	0.486111401016845	0.872	0.246	4.3152127472401e-12
Crip1	2.29268050208775e-16	1.50077968551975	1	0.908	4.8751558196394e-12
Lynx1	2.29714701065084e-16	0.288059937781911	0.513	0.099	4.88465340344796e-12
Sytl1	2.32728988127425e-16	0.28654838414241	0.436	0.077	4.94874920354156e-12
Slc44a1	2.43801457832573e-16	0.762078694841708	0.872	0.286	5.18419419935183e-12
Cdc42ep5	2.44566558742515e-16	0.319729865000943	0.667	0.149	5.20046330510083e-12
Rnd1	2.52058140113274e-16	0.499551672231497	0.41	0.071	5.35976429136865e-12
Sparc	2.61485447487332e-16	1.11719236477222	1	0.364	5.56022655537063e-12
Slc4a8	2.62270285776562e-16	0.299229826131788	0.436	0.077	5.57691535675282e-12
Mgmt	2.93489403034394e-16	0.32157919524966	0.564	0.12	6.24075866612336e-12
Lbp	2.94812323378638e-16	0.705356816742475	0.667	0.169	6.26888924432335e-12
2810025M15Rik	3.03545793487798e-16	0.569234085961235	0.744	0.21	6.45459775272454e-12
H6pd	3.19874824644729e-16	0.571435480754154	0.769	0.216	6.80181827124551e-12
Nenf	3.36531426119872e-16	1.06550179076669	1	0.544	7.15600424501296e-12
Cystm1	3.41521889774028e-16	0.501080699489203	0.821	0.228	7.26212146415493e-12
Cd2ap	4.00622677499038e-16	1.29484213039378	1	0.711	8.51884061433955e-12
Lcn2	4.06981527362653e-16	0.663160974453207	0.718	0.197	8.65405519783945e-12
Trip6	4.36350691838853e-16	0.38874337844866	0.641	0.15	9.27856111126137e-12
Map1b	4.57018986306124e-16	0.501924558211013	0.744	0.192	9.71805172481342e-12
Gm26526	4.61509032045875e-16	0.287281415534319	0.538	0.11	9.81352805742348e-12
Ccdc92	4.88772664858153e-16	0.265509066627718	0.41	0.07	1.03932619455438e-11
Frk	4.89277078738131e-16	0.289531917220256	0.436	0.078	1.04039878022876e-11
Fkbp7	5.82410925257439e-16	0.448549999595092	0.846	0.227	1.23843859146742e-11
Lama4	5.8893683783683e-16	0.358944283136556	0.718	0.175	1.25231529197623e-11
Gsdme	6.14433044649381e-16	0.542249543748386	0.692	0.18	1.30653042614244e-11
Tmem238	6.3476829532336e-16	0.614931855802913	0.769	0.232	1.34977130317559e-11
Neo1	6.54498485010011e-16	0.434655504739344	0.564	0.125	1.39172557852529e-11
Slc39a4	6.57864758982469e-16	0.316325363296848	0.462	0.087	1.39888362350032e-11
4931406P16Rik	7.1359010789346e-16	0.817976795796362	0.897	0.34	1.51737800542465e-11
Cttn	7.95587218463826e-16	0.27515960258365	0.744	0.178	1.69173666134148e-11
Gm20186	8.53004899447811e-16	0.935069005071414	0.795	0.228	1.81382961818583e-11
Mprip	8.78374239961857e-16	0.900931247702042	0.949	0.413	1.86777498385489e-11
Anxa1	9.15171166565811e-16	1.37021097181072	0.949	0.473	1.94601996858554e-11
Tspan13	9.24507907354764e-16	1.08757498347423	0.923	0.427	1.96587361419917e-11
Trove2	9.33749943775839e-16	0.5293985088498	0.769	0.213	1.98552588044494e-11
Map4k3	9.55922968662264e-16	0.377652884120767	0.692	0.172	2.03267460056344e-11
Ctxn1	9.93892828694286e-16	0.353203804480544	0.487	0.095	2.11341371093553e-11
Ly75	1.07020921731426e-15	0.264211818802197	0.487	0.094	2.27569287969704e-11
Zfhx4	1.0719514346397e-15	0.538298513359689	0.692	0.176	2.27939753061786e-11
Spib	1.20642277553448e-15	0.327451242570585	0.308	0.043	2.56533738989651e-11
Mt2	1.20869609688652e-15	1.04500658552794	0.897	0.316	2.57017138041949e-11
Coq8a	1.22125889239618e-15	0.271631458103143	0.41	0.072	2.59688490879124e-11
Sdc2	1.42217285347189e-15	0.469907913334813	0.795	0.214	3.02410835562263e-11
Ptgds	1.4599149676801e-15	0.432746449222926	0.385	0.065	3.10436318727496e-11
Itm2a	1.52992480284371e-15	0.580396695898268	0.795	0.22	3.25323210076686e-11
Vwa1	1.60290016623579e-15	0.286341622962889	0.513	0.1	3.40840691348378e-11
Plod2	1.6984932820239e-15	0.574023797776269	0.769	0.213	3.61167611489562e-11
Phldb2	1.69864301933047e-15	0.278349286203109	0.513	0.102	3.6119945163043e-11
Gm17455	1.78444280490201e-15	0.446884867593027	0.41	0.073	3.79443918034363e-11
L3hypdh	1.96101689479933e-15	0.267697280110638	0.462	0.088	4.1699063251013e-11
Fbxw9	2.0473122496883e-15	0.252763489006429	0.538	0.113	4.3534047677372e-11
Tgfb3	2.10193456523787e-15	0.440044582524013	0.615	0.15	4.46955365952182e-11
Dmwd	2.17338861106515e-15	0.253292246268688	0.487	0.095	4.62149354256894e-11
Pdlim1	2.29933954220052e-15	0.754119813661107	0.949	0.35	4.88931560253518e-11
Ypel2	2.3858833750619e-15	0.357192247880324	0.538	0.117	5.07334240873162e-11
Ablim1	2.89963122502333e-15	0.64047424731974	0.897	0.294	6.1657758368896e-11
Lima1	2.92821922718678e-15	0.897889228533565	1	0.445	6.22656536468998e-11
Hdgfl3	3.28100525254079e-15	0.439148335706889	0.667	0.168	6.97672956900274e-11
Clca3a2	3.46303462176577e-15	0.291797572942345	0.256	0.032	7.36379681972274e-11
Creg1	3.57751702397344e-15	0.984444085091343	1	0.702	7.60723219977712e-11
Fermt2	3.64414863928416e-15	0.575042378319468	0.897	0.268	7.74891766657384e-11
Myo1c	3.81973777230782e-15	0.726603354416365	0.974	0.42	8.12229039903534e-11
Vasn	4.40115285626075e-15	0.311825500069809	0.487	0.098	9.35861143355286e-11
Dcbld2	4.6374129900919e-15	0.548439397588562	0.641	0.169	9.86099498213142e-11
Zfyve21	5.957015876175e-15	0.507260165353499	0.795	0.236	1.26669985590985e-10
Ephx1	7.07124826060052e-15	0.858518302281939	0.718	0.215	1.50363023013409e-10
Mmd	7.53051209248575e-15	0.398287468300748	0.744	0.204	1.60128809134617e-10
Ncoa4	7.53228726759095e-15	0.870995811221982	0.974	0.427	1.60166556458054e-10
Pigyl	7.75764430117704e-15	0.657149500935869	0.949	0.355	1.64958548420229e-10
Nr2f6	7.86209186730979e-15	0.471000730588891	0.821	0.251	1.67179521466475e-10
Isyna1	8.27371835399544e-15	0.769127554731179	0.846	0.302	1.75932347079359e-10
Smtn	8.29666792718388e-15	0.291822428010021	0.615	0.144	1.76420346803638e-10
Ube2l6	8.62235022125044e-15	0.60279526457636	0.821	0.265	1.83345655104669e-10
Copz2	9.11259732614913e-15	0.535484892480085	0.795	0.24	1.93770269543235e-10
Oat	9.19508255468351e-15	0.957034227100458	1	0.539	1.9552423544279e-10
Arl6	9.43349953090467e-15	0.280551975354329	0.538	0.118	2.00593934025157e-10
Zfyve9	9.46629328831795e-15	0.274986647919323	0.615	0.143	2.01291260482793e-10
Agrn	1.00045801955251e-14	0.273647042053883	0.564	0.124	2.12737393277646e-10
Vsig10	1.11171396981308e-14	0.268219643659314	0.436	0.081	2.36394858541053e-10
Ly6e	1.17467982792245e-14	1.13181883280723	1	0.902	2.4978391860943e-10
Igf1r	1.25268432703834e-14	0.609948549017972	0.846	0.284	2.66370795301433e-10
Pkdcc	1.38280137578308e-14	0.382558512298898	0.744	0.202	2.94038884546514e-10
Hlcs	1.39048762570261e-14	0.337356225693482	0.59	0.143	2.95673288729404e-10
Rab12	1.41404092118863e-14	0.702623412228522	0.949	0.376	3.00681661481551e-10
B4galt4	1.55763183975168e-14	0.353473531970314	0.564	0.133	3.31214834404798e-10
2010111I01Rik	1.71933489667757e-14	0.65563851271919	0.923	0.326	3.65599372429518e-10
Rras2	1.72432594267775e-14	0.360372371156522	0.667	0.172	3.66660668450997e-10
Pard6g	1.80802309672148e-14	0.394709578574988	0.359	0.059	3.84458031286855e-10
Prkd2	1.81047043294744e-14	0.270631939092515	0.487	0.1	3.84978432861943e-10
Adamts1	1.82420573653892e-14	0.340065319259193	0.462	0.09	3.87899107817636e-10
Synpo	1.88466331378616e-14	0.341449873579078	0.538	0.122	4.00754807043489e-10
Csrp1	2.0051179022557e-14	0.717250780277501	0.974	0.438	4.26368270735651e-10
Mxra8	2.04598424131978e-14	0.615837810273085	0.795	0.236	4.35058089074237e-10
Rbfox2	2.16745195634006e-14	0.498744278688474	0.744	0.211	4.6088698399615e-10
Avpi1	2.19216908017744e-14	0.493957651541379	0.795	0.237	4.66142833208932e-10
Smco4	2.26851018434512e-14	0.492526425275557	0.667	0.177	4.82376005599145e-10
Gkap1	2.27524477090446e-14	0.583953026843438	0.846	0.278	4.83808048085124e-10
St3gal2	2.28110540285887e-14	0.46149809867521	0.641	0.167	4.8505425286391e-10
Wdtc1	2.2828338154015e-14	0.322513149670844	0.692	0.179	4.85421782506976e-10
Ptprd	2.41517507931259e-14	0.402486775982686	0.436	0.088	5.13562828865029e-10
Rtn1	2.43290710467281e-14	0.620016820142759	0.692	0.2	5.17333366737626e-10
Oasl2	2.51587529844273e-14	0.817895265214189	0.974	0.412	5.34975723460863e-10
Ift43	2.72145828517326e-14	0.424241409065069	0.718	0.201	5.78690889759242e-10
Gbp2	2.77196117164007e-14	1.2223427306173	1	0.519	5.89429823537544e-10
Tspan5	3.07751915219266e-14	0.34915803304885	0.692	0.186	6.54403672522248e-10
Fam92a	3.70282001840509e-14	0.410931972767576	0.821	0.241	7.87367648713659e-10
Tns3	3.83531877520661e-14	0.681184162471687	0.923	0.337	8.15542184359933e-10
Tbl1x	4.00967919448669e-14	0.874091355985794	0.949	0.474	8.52618183915649e-10
Cald1	4.34873296771332e-14	0.587791728729384	1	0.384	9.2471457825456e-10
Sil1	4.35539679671566e-14	0.47112830837274	0.744	0.208	9.26131574853619e-10
Smpd1	4.53101060344221e-14	0.485600750620027	0.821	0.26	9.63474094715951e-10
Qser1	4.86861096936426e-14	0.443354944010534	0.667	0.183	1.03526143652562e-09
Gnas	4.88424825142937e-14	0.929000115387076	1	0.94	1.03858654818394e-09
Sh3glb2	5.0549995751752e-14	0.441646075941158	0.821	0.26	1.07489510966526e-09
Cd93	5.09581552424289e-14	0.652106995636397	0.872	0.291	1.08357421307501e-09
Ak3	5.55170508759663e-14	0.633076521765466	0.897	0.315	1.18051456982655e-09
Pef1	6.82442390806659e-14	0.420776241909601	0.769	0.228	1.45114549981128e-09
Actn1	7.03369824154444e-14	0.785008502362945	0.872	0.332	1.49564559408201e-09
Cbx6	7.49578539444756e-14	0.449987740079213	0.769	0.226	1.59390380627533e-09
Gna11	7.50715507875058e-14	0.514922232395793	0.897	0.303	1.59632145594552e-09
Alcam	7.53997616172024e-14	1.07677294842765	0.872	0.369	1.60330053102819e-09
Gga2	7.6841595952725e-14	0.377801617675239	0.667	0.183	1.63395969633874e-09
Selenom	7.71234603056514e-14	0.800902029114422	1	0.447	1.63995325993937e-09
Utrn	7.89628336978616e-14	0.826715170281463	0.897	0.373	1.67906569575133e-09
2510002D24Rik	8.09128961284046e-14	0.363459171770433	0.795	0.228	1.7205318232744e-09
Maoa	8.23360266320462e-14	0.269651084578152	0.59	0.142	1.75079327030383e-09
Hcfc1r1	8.34391841137182e-14	0.83851852998761	1	0.596	1.7742508109941e-09
Igf2r	9.17300641500012e-14	0.426052458681822	0.821	0.249	1.95054808408562e-09
Serpinb6a	9.21860510092574e-14	0.840705197864334	0.974	0.439	1.96024418866085e-09
Gcnt2	9.63806707209685e-14	0.701095200230558	0.872	0.325	2.04943858221067e-09
Vegfd	9.96421713800405e-14	0.342124246111105	0.436	0.09	2.11879113222518e-09
Rbpms	1.02945495304901e-13	0.536328447539608	0.974	0.447	2.18903301216342e-09
Ripor1	1.03812608851146e-13	0.377569314132312	0.615	0.159	2.20747131461076e-09
Fxyd6	1.09426265709221e-13	0.376858041540198	0.718	0.199	2.32684011404087e-09
Ly6a	1.2767316688244e-13	0.654865223142179	0.949	0.377	2.7148422205882e-09
Csf1	1.34688834172844e-13	0.621781953223975	0.744	0.244	2.86402336985135e-09
Zfp651	1.4509932767115e-13	0.268468022500125	0.462	0.096	3.08539210359933e-09
Lhfp	1.59333574779631e-13	0.271041959812926	0.692	0.183	3.38806913411407e-09
Rgcc	1.81433978196761e-13	0.524835808155062	0.641	0.174	3.85801211237592e-09
Chpf	1.84015418769141e-13	0.39440536500113	0.667	0.175	3.912903864707e-09
C1qtnf1	2.13826461320442e-13	0.257397862880282	0.615	0.15	4.54680587351788e-09
Nfix	2.35265902529572e-13	0.762399882402655	0.974	0.441	5.00269415138882e-09
Synm	2.40570950936145e-13	0.339925232429494	0.538	0.127	5.1155007007062e-09
Enpp5	2.41729919699858e-13	0.252420950745008	0.615	0.15	5.14014501249778e-09
Arhgap10	2.48285293457169e-13	0.50627418376336	0.846	0.281	5.27953848007325e-09
Map1lc3a	2.67606768440806e-13	0.755475739301409	1	0.472	5.69039032412529e-09
Marveld1	2.92589975695484e-13	0.384798321403895	0.667	0.18	6.22163324318877e-09
Mapk13	2.95022315192367e-13	0.408820910741192	0.615	0.162	6.2733545102505e-09
Gpx7	3.0038916021508e-13	0.250179414349826	0.564	0.132	6.38747510281345e-09
Chek2	3.07535701385622e-13	0.326445737724251	0.513	0.119	6.53943915426387e-09
Mfsd6	3.0853513735185e-13	0.273799818224184	0.692	0.183	6.56069116064973e-09
Nfia	3.09646328862211e-13	0.768902089350315	0.949	0.414	6.58431953692605e-09
Iscu	3.43063002636991e-13	0.935062235075138	0.974	0.626	7.29489168807298e-09
Vcl	3.96608222374193e-13	0.524766823568619	0.897	0.323	8.43347724056484e-09
Vim	4.40263147026166e-13	1.17055144391365	1	0.891	9.3617555583644e-09
Pdgfa	4.53309833564541e-13	0.351428607262177	0.821	0.272	9.63918030091639e-09
Ccser2	4.75793168778644e-13	0.522122234929933	0.821	0.285	1.01172659409091e-08
Kdelc2	5.04204295755393e-13	0.418422970655646	0.667	0.185	1.07214001449427e-08
Yap1	5.17629925427803e-13	0.295072908755347	0.487	0.11	1.10068827342968e-08
S100a1	5.28981971072011e-13	0.784364803675974	1	0.516	1.12482726328752e-08
Bicdl1	5.31629337275199e-13	0.315127127802416	0.487	0.112	1.13045662278198e-08
Serinc5	5.36929147146939e-13	0.393401608746644	0.59	0.157	1.14172613849325e-08
Hoxa5	5.45301662894752e-13	0.370276701727622	0.487	0.113	1.1595294559794e-08
Tnfaip1	5.49418857912051e-13	0.43207281442536	0.897	0.29	1.16828425946419e-08
Tpm1	6.20773885812144e-13	0.674677008573392	0.974	0.492	1.32001359079094e-08
Ppp1r13b	6.33387562188736e-13	0.456244819281995	0.641	0.187	1.34683531223813e-08
Agap1	6.47518374812223e-13	0.724324502979125	0.795	0.277	1.37688307220071e-08
Phlda3	6.65069417997222e-13	0.621946421808996	0.641	0.181	1.41420361042929e-08
Myo6	6.70124747582878e-13	0.345118560461449	0.615	0.159	1.42495326326023e-08
Map3k20	7.61791488303405e-13	0.454688035624519	0.667	0.191	1.61987342072836e-08
Fas	7.96863965477263e-13	0.48525551238963	0.744	0.236	1.69445153619085e-08
Calcoco1	7.97005066377608e-13	0.279584662210532	0.641	0.168	1.69475157314535e-08
Pkd2	8.41453021551886e-13	0.60435791580822	0.821	0.272	1.78926570502793e-08
Mylip	8.67858139726859e-13	0.641272173715852	0.821	0.287	1.84541354831519e-08
Cd9	9.3193485483093e-13	0.73190038611927	1	0.484	1.98166627531249e-08
Pam	9.3214383056399e-13	0.529293174167033	0.897	0.328	1.98211064131127e-08
Rras	1.12941926132846e-12	0.669479632743774	0.949	0.43	2.40159711728884e-08
Hmcn1	1.20178491029919e-12	0.449011396809522	0.41	0.084	2.55547543326021e-08
Arhgap5	1.21002047484457e-12	0.66350822074221	0.974	0.435	2.5729875377095e-08
Tmem176a	1.26881944547159e-12	1.30952525585367	1	0.677	2.69801766885078e-08
Psip1	1.34817050638568e-12	0.65451809998411	0.974	0.411	2.8667497647785e-08
Cpq	1.34936190735623e-12	0.678482031490857	0.949	0.39	2.86928315980228e-08
Amotl1	1.45808067482929e-12	0.424622217567201	0.641	0.179	3.10046274695701e-08
Timp2	1.49382639190549e-12	1.08185942646758	1	0.648	3.17647243974782e-08
Grb10	1.65186334032829e-12	0.404222837969601	0.615	0.167	3.51252220687407e-08
Aldh4a1	1.89284883639671e-12	0.283217694383489	0.436	0.096	4.02495376571397e-08
Tmem109	1.91079112104968e-12	0.615155711933219	0.923	0.397	4.06310623980005e-08
Arl6ip5	2.0029893071675e-12	0.81468395473891	0.974	0.608	4.25915646276097e-08
Dync1i2	2.16749210545145e-12	0.805465597179011	1	0.858	4.60895521303197e-08
Cds2	2.22477791686528e-12	0.446616867980024	0.769	0.244	4.73076776242234e-08
Plp2	2.30266054945396e-12	0.61400608260749	0.923	0.373	4.8963773923589e-08
Gpam	2.30473112809714e-12	0.260415873370086	0.538	0.132	4.90078027078575e-08
Ephb1	2.42783932508095e-12	0.295206755214555	0.282	0.046	5.16255754085214e-08
Tapbp	2.46708799765413e-12	0.763133882221582	1	0.79	5.24601591821175e-08
Nxnl2	2.55179325676968e-12	0.251739346450753	0.359	0.069	5.42613318119506e-08
Rcn3	2.59930132110905e-12	0.701536368188759	0.923	0.358	5.52715432920628e-08
Rabac1	2.74364608161297e-12	0.809817169204814	1	0.766	5.83408902794182e-08
Smad5	3.05129228751204e-12	0.475363700293168	0.769	0.25	6.4882679201656e-08
Sntb2	3.26477301398688e-12	0.591859318170307	0.897	0.355	6.94221333694171e-08
C1qtnf12	3.40605222223857e-12	0.356624236620988	0.564	0.151	7.24262944536809e-08
Sp3os	3.58336179084871e-12	0.411308638885609	0.692	0.208	7.6196605120607e-08
Tbrg1	3.67732139665483e-12	0.77137205882611	0.949	0.522	7.81945621784682e-08
Tmem176b	4.10174451029698e-12	1.40182570931605	0.974	0.725	8.72194952669549e-08
Vit	4.17420742510683e-12	0.281361912359881	0.41	0.086	8.87603466874716e-08
Gstp1	4.34714047687224e-12	0.453964457333396	0.718	0.226	9.24375951002114e-08
Tmem140	4.6836480024761e-12	0.366762182610859	0.744	0.229	9.95930911246518e-08
Wwc2	4.82337436032181e-12	0.577821078529694	0.769	0.285	1.02564232397883e-07
Trp53inp2	4.88013407711203e-12	0.388575435705819	0.744	0.228	1.0377117101571e-07
Gstm1	4.89160980742467e-12	0.55569483553382	0.949	0.374	1.04015190945078e-07
Scarf2	5.21590860691607e-12	0.265689734267526	0.538	0.135	1.10911080617463e-07
Gimap6	5.46032300933354e-12	0.273811174200697	0.718	0.202	1.16108308470468e-07
St3gal6	5.52604246849676e-12	0.465836663947177	0.923	0.342	1.17505767050115e-07
Tacc2	5.52885281986635e-12	0.271759647972738	0.513	0.125	1.17565526361638e-07
Dalrd3	5.63859925204432e-12	0.331819407062331	0.692	0.205	1.1989917449547e-07
Acaa2	5.88125012860654e-12	0.730084437140493	0.923	0.437	1.2505890273469e-07
Stk39	6.00291140169563e-12	0.455051244486698	0.641	0.194	1.27645908045656e-07
Ube2h	6.01827979702705e-12	0.788005034674722	0.897	0.463	1.27972701603983e-07
Dst	6.11834665460974e-12	0.504121900477099	0.949	0.375	1.30100523263622e-07
Ctps	6.22170773100523e-12	0.331645238123457	0.615	0.172	1.32298393192095e-07
B9d1	6.43364662092558e-12	0.353256039533352	0.487	0.122	1.36805061747362e-07
Fzd2	6.66667563905707e-12	0.2969513839024	0.564	0.145	1.4176019078891e-07
Ifitm3	6.74588062263313e-12	1.03056831659934	1	0.925	1.43444405559671e-07
Thra	7.35077127867122e-12	0.49609821723228	0.872	0.303	1.56306800469665e-07
Gng12	8.5178492423552e-12	0.850183182637466	0.949	0.579	1.81123546289441e-07
Wdr6	8.61578583052614e-12	0.320461928006575	0.59	0.162	1.83206069900308e-07
Cyb5a	8.74577337490787e-12	0.807459849221674	0.974	0.686	1.85970125044041e-07
Endod1	8.81027414628952e-12	0.343392099052243	0.744	0.232	1.873416694467e-07
Usp53	9.24983458685782e-12	0.303638027742552	0.564	0.149	1.96688482654945e-07
Fkbp9	9.42809581866516e-12	0.429011463355513	0.718	0.223	2.00479029488096e-07
Rhobtb1	9.59338614701264e-12	0.27675356901706	0.564	0.145	2.03993763030077e-07
Zfp945	1.02678537538522e-11	0.309364446871099	0.667	0.192	2.18335642221913e-07
Col5a2	1.13175667450863e-11	0.447163734127261	0.795	0.252	2.40656739267515e-07
Ktn1	1.17919211910407e-11	0.773163753564185	0.974	0.531	2.50743412206289e-07
Afap1	1.21077576773991e-11	0.377539938344548	0.615	0.17	2.57459359252214e-07
Plec	1.21497330331764e-11	0.743991537711962	0.949	0.462	2.58351923217463e-07
Dpysl3	1.31007988801844e-11	0.393103399294376	0.59	0.166	2.78575387388241e-07
Adam33	1.31066278479283e-11	0.292958948013068	0.487	0.117	2.78699334558348e-07
Atp10d	1.31254247905888e-11	0.329145353113029	0.564	0.152	2.7909903274708e-07
Rbms3	1.31779927859557e-11	0.27600173238851	0.538	0.134	2.80216838600563e-07
Fth1	1.33222729349437e-11	1.30457360759363	1	0.999	2.83284811688643e-07
Abhd14a	1.44794063579413e-11	0.271909757853595	0.59	0.159	3.07890096795264e-07
Hspa12a	1.46194544123012e-11	0.276726414989356	0.487	0.118	3.10868078623172e-07
Mpp5	1.47488092382301e-11	0.334293333592964	0.667	0.2	3.13618679641725e-07
S100a6	1.50440726888974e-11	1.04977340429094	1	0.794	3.19897161656714e-07
Ap4e1	1.69630252993127e-11	0.286759592677209	0.564	0.151	3.60701769964586e-07
Tef	1.69770505795195e-11	0.416687864877217	0.615	0.181	3.61000003522903e-07
Ctnnb1	1.75572479961509e-11	0.721408928565856	1	0.689	3.73337321390153e-07
Zfp664	1.85413501559347e-11	0.380731849025897	0.821	0.279	3.94263269715794e-07
Glis2	1.87429352601092e-11	0.309934220661521	0.436	0.103	3.98549775370963e-07
Lzts2	1.94825039569091e-11	0.366592476313368	0.538	0.146	4.14275964139716e-07
Rnase4	2.00840713805289e-11	0.867038178910893	1	0.569	4.27067693835567e-07
Hmgn1	2.06256513147591e-11	0.817907883278637	1	0.649	4.38583849557039e-07
Morn2	2.07601262154685e-11	0.32856194096049	0.538	0.145	4.41443323845722e-07
Pde4dip	2.09050983666377e-11	0.426382555994663	0.641	0.2	4.44526011668184e-07
Cd81	2.19400237630128e-11	0.971718970346979	1	0.632	4.66532665296704e-07
Lamb2	2.40937136046292e-11	0.280222554871906	0.615	0.168	5.12328726088836e-07
Il11ra1	2.77324098093315e-11	0.49369395531945	0.923	0.36	5.89701962185625e-07
Rcan1	2.8044965831416e-11	0.344916928563234	0.487	0.124	5.9634815343923e-07
Serpinb9	2.8521481693657e-11	0.374261083349787	0.821	0.289	6.06480786733921e-07
Abhd2	2.92895232260988e-11	0.676299139217965	0.846	0.329	6.22812421879764e-07
Eef2k	3.03178613141233e-11	0.39721566241906	0.641	0.195	6.44679002983519e-07
Abcb1b	3.09880774209899e-11	0.62208890866871	0.744	0.266	6.5893047827993e-07
Spsb2	3.13400659811548e-11	0.351839690856869	0.692	0.22	6.66415163023275e-07
Man1a	3.35054700495381e-11	0.77024749778679	0.974	0.57	7.12460315133378e-07
2700081O15Rik	3.35748253579828e-11	0.265981092635991	0.487	0.121	7.13935086412147e-07
Ppfibp1	3.76848578624156e-11	0.462712019197843	0.744	0.26	8.01330817586405e-07
Atl3	4.25009479462572e-11	0.569121006502077	0.949	0.407	9.03740157129214e-07
Ssbp2	4.34453530759398e-11	0.437768133731208	0.744	0.254	9.23821987806784e-07
Anxa11	4.48254767982812e-11	0.567338162975357	0.872	0.361	9.53168938638652e-07
Bag3	4.61129244194274e-11	0.382583556397181	0.821	0.286	9.80545224854704e-07
Procr	4.70335456180647e-11	0.294765298443405	0.462	0.116	1.00012131402253e-06
Mospd1	4.78498953251629e-11	0.263920204087235	0.513	0.133	1.01748017419426e-06
Plcb1	4.81128588458338e-11	0.296396668379368	0.641	0.186	1.02307183049781e-06
Cd320	4.89316428853798e-11	0.421512039620489	0.615	0.185	1.04048245431472e-06
Actn4	5.00471138074533e-11	0.759277968126559	0.974	0.626	1.06420182800169e-06
Golm1	5.46577929646547e-11	0.448777904981892	0.769	0.263	1.16224330960042e-06
Hdac7	5.67882644374548e-11	0.314337693603287	0.641	0.184	1.20754565499804e-06
Ankrd46	5.76727438529201e-11	0.263160515455254	0.538	0.144	1.22635322528849e-06
Pdlim4	5.81942941162278e-11	0.55794441047413	0.923	0.399	1.23744347008747e-06
Klf9	6.53452966410269e-11	0.634211130704031	0.897	0.383	1.3895023877748e-06
Abca3	7.34840886554167e-11	0.304793051456755	0.769	0.252	1.56256566116878e-06
Hmgcs2	7.55828683801118e-11	0.661828643481515	0.462	0.119	1.6071941132347e-06
Plekhh2	8.44743909968127e-11	0.274720773736201	0.462	0.115	1.79626345015623e-06
Kctd17	8.68483654297534e-11	0.292387628039993	0.59	0.169	1.84674364249828e-06
Clic4	8.70841531426846e-11	0.880653923030998	0.949	0.656	1.85175743242605e-06
Ilvbl	8.78986720921012e-11	0.50474175197287	0.744	0.26	1.86907736336644e-06
Gstp-ps	9.50411268343145e-11	0.428620590977809	0.667	0.21	2.02095452100486e-06
Hoxc6	9.59982409988076e-11	0.271752391545843	0.359	0.076	2.04130659659864e-06
Il18bp	1.06072003050076e-10	0.439363811528755	0.692	0.231	2.25551507285682e-06
Slc44a2	1.08873086715695e-10	0.456610373461932	0.795	0.285	2.31507731592255e-06
Insig2	1.17840462943017e-10	0.347966518422853	0.821	0.291	2.50575960402032e-06
Camsap2	1.18028620041115e-10	0.307965529606791	0.667	0.202	2.50976057655427e-06
Nxn	1.26589908736941e-10	0.260820342713656	0.615	0.181	2.69180781938231e-06
Lrba	1.29096656697874e-10	0.609244838380204	0.692	0.248	2.74511130802359e-06
Usp2	1.56043502582953e-10	0.367109340541575	0.462	0.12	3.31810903892392e-06
C1qtnf4	1.59016817428497e-10	0.292730194556206	0.282	0.052	3.38133360579956e-06
Plekhb2	1.60867777301355e-10	0.478158589987634	0.872	0.349	3.42069241653601e-06
Snrk	1.85021970914418e-10	0.303677424679574	0.795	0.269	3.93430718952418e-06
Maged2	1.85520108830005e-10	0.352051829494139	0.692	0.217	3.94489959416122e-06
Egfr	1.924595376827e-10	0.295258265083357	0.538	0.148	4.09245960928494e-06
Dhx32	2.12649716413751e-10	0.283568429176824	0.59	0.174	4.521783569822e-06
Wls	2.38584553165168e-10	0.731749060189482	0.923	0.51	5.07326193850413e-06
Ccdc85b	2.45208336371655e-10	0.596881810076763	0.897	0.444	5.21411006460687e-06
Cadm4	2.45800360629383e-10	0.271155810770517	0.436	0.109	5.22669886842321e-06
Fgf2	2.54391797783365e-10	0.265763618756573	0.436	0.108	5.40938718806546e-06
Ptgfrn	2.60610514336887e-10	0.399110965677758	0.59	0.186	5.54162197685957e-06
Foxo1	2.63860519650583e-10	0.347772297130617	0.769	0.266	5.61073008985e-06
Armcx1	2.72448071067029e-10	0.277919152136991	0.41	0.099	5.79333578316931e-06
Aplp2	2.96990534688033e-10	0.791428528986161	1	0.734	6.31520672960632e-06
Lrrc42	2.97327124179057e-10	0.330175241532378	0.59	0.18	6.32236396854347e-06
Tspan17	3.06748776773226e-10	0.319048902218381	0.564	0.17	6.52270598930588e-06
Lix1l	3.09974760073397e-10	0.283866017551089	0.641	0.194	6.59130329820072e-06
Atp2b4	3.22318756091117e-10	0.473869654877892	0.821	0.307	6.85378602952152e-06
Dbi	3.52287076917316e-10	0.889132558864608	1	0.858	7.49103240356981e-06
Ldhb	3.73020343341563e-10	0.481866209810162	0.769	0.291	7.93190458081501e-06
Cnpy2	3.86873572585818e-10	0.630095882882949	0.974	0.521	8.22647964746484e-06
Tapbpl	4.15342782679484e-10	0.401794817592275	0.821	0.301	8.83184893089655e-06
Trim35	4.2750974839753e-10	0.417752352782537	0.949	0.407	9.09056728992509e-06
Mid1ip1	4.3134906525308e-10	0.545171338854081	0.744	0.299	9.17220652354149e-06
Hspb2	4.91709729361429e-10	0.252130442219675	0.385	0.091	1.04557156851414e-05
Cdc42ep2	4.97754612894038e-10	0.408615854600639	0.744	0.266	1.05842540885788e-05
Cbx5	5.03839357591823e-10	0.576468365601388	0.872	0.405	1.07136400998325e-05
Ddr2	5.2485201218043e-10	0.339447020535261	0.538	0.154	1.11604531870047e-05
Gstt2	5.35013211303955e-10	0.260714827816126	0.59	0.174	1.13765209251673e-05
Tshz1	5.43469286559266e-10	0.387841630585684	0.692	0.235	1.15563309093962e-05
Tmem119	5.43586724123554e-10	0.345622981126562	0.538	0.155	1.15588281017633e-05
Tmcc3	5.44012669609845e-10	0.34349069514121	0.667	0.218	1.15678854065837e-05
Anxa3	5.57037678038608e-10	0.674760736088215	0.923	0.508	1.1844849185813e-05
Bcl9l	6.12463965659402e-10	0.314471456592157	0.641	0.206	1.30234337657815e-05
Igfbp4	6.24522051775477e-10	1.07026087757804	0.872	0.48	1.32798369089537e-05
Tbcd	6.26371198298383e-10	0.281882164166844	0.564	0.166	1.33191571606168e-05
Fryl	6.62820247348947e-10	0.41926265712161	0.769	0.287	1.4094209739628e-05
Lrrc8a	6.64186641200203e-10	0.398704841829612	0.641	0.217	1.41232647384811e-05
1600012H06Rik	6.7775687748741e-10	0.387749444330363	0.744	0.267	1.44118222428923e-05
Ece1	6.95128067600075e-10	0.441310824733448	0.897	0.37	1.4781203229448e-05
Ei24	7.98271702305968e-10	0.432782543864153	0.872	0.351	1.69744494778341e-05
Dapk1	8.39897779287811e-10	0.301107523510744	0.718	0.242	1.7859586378776e-05
Fnbp1l	8.56923984765466e-10	0.281742007352997	0.615	0.192	1.82216316120529e-05
Echdc1	8.58410130560527e-10	0.252967639824827	0.487	0.135	1.82532330162391e-05
Tceal8	8.75596132652787e-10	0.489456197863365	0.872	0.351	1.86186761647289e-05
Nbeal1	8.82122815447383e-10	0.57793433663415	0.923	0.424	1.87574595476731e-05
Timp1	8.90889346412864e-10	0.402203377733969	0.846	0.378	1.89438710621231e-05
Rabgap1l	8.97573590974964e-10	0.515218143504705	0.769	0.301	1.90860048384916e-05
Cyb5r1	9.19781757885435e-10	0.316484775921781	0.538	0.161	1.95582392996759e-05
2010320M18Rik	9.21170738407169e-10	0.265277584926374	0.487	0.137	1.958777458149e-05
Iigp1	9.61187360070779e-10	0.284291079879097	0.821	0.325	2.0438688024545e-05
Ndufa4	9.76915190501695e-10	0.649720329377454	1	0.919	2.0773124610828e-05
Dctn6	1.03418251538108e-09	0.468225435246527	0.949	0.418	2.19908570070633e-05
Isoc1	1.1433628361042e-09	0.609669546936194	0.949	0.494	2.43124673469197e-05
Cbr1	1.21217370907597e-09	0.293347524113742	0.718	0.24	2.57756617497914e-05
Zmat3	1.29413736508796e-09	0.371656549333738	0.513	0.153	2.75185369312303e-05
Scd1	1.36286809126232e-09	0.283283319730557	0.462	0.126	2.8980027092602e-05
Cd82	1.36625931638198e-09	0.353934875289141	0.897	0.342	2.90521381035465e-05
Hexim1	1.37810280101554e-09	0.40844775410614	0.872	0.344	2.93039779607944e-05
Rnf11	1.46954123083952e-09	0.534117309208593	0.872	0.42	3.12483247325716e-05
Rbm28	1.48504856644834e-09	0.883787018055149	0.872	0.503	3.15780727169575e-05
Itpr3	1.58779409844829e-09	0.359339322387963	0.59	0.19	3.37628537094045e-05
Mta1	1.62830877116014e-09	0.271802299922778	0.667	0.221	3.46243577099492e-05
Dock4	1.67712556201371e-09	0.29890751764393	0.744	0.26	3.56623979506595e-05
Vamp5	1.71133823265895e-09	0.330466357491084	0.692	0.242	3.63898961792599e-05
Slco2a1	1.75043364159973e-09	0.291320982811408	0.205	0.032	3.72212209549766e-05
Kat6b	1.96280521941118e-09	0.329176324873806	0.641	0.213	4.17370901855593e-05
Ano6	2.1134330850585e-09	0.536339066425412	0.897	0.425	4.4940041120684e-05
Saa3	2.17842992709094e-09	2.34972602185562	0.641	0.279	4.63221339696618e-05
Sptan1	2.22217263726541e-09	0.746982518218266	0.923	0.515	4.72522789588118e-05
Hotairm1	2.28923477903712e-09	0.313775634485379	0.59	0.19	4.86782883414454e-05
Ctnna1	2.34803514842911e-09	0.741382496335233	0.949	0.614	4.99286193961966e-05
Reln	2.38910822309408e-09	0.283448135917944	0.103	0.009	5.08019972558726e-05
Mbnl2	2.61347631674025e-09	0.700849183826656	0.974	0.68	5.55729603991647e-05
Aaed1	2.65565119560857e-09	0.355631455115678	0.744	0.275	5.64697670234205e-05
Ifi27	2.80038402187179e-09	0.632161347732586	0.949	0.567	5.95473658410817e-05
Mmrn1	3.00399353282003e-09	0.467279956029671	0.103	0.009	6.38769184818851e-05
Plscr4	3.18221540935205e-09	0.27952924903281	0.564	0.173	6.76666284644621e-05
Cdc42bpb	3.19170874203816e-09	0.330014797228701	0.744	0.272	6.78684946906995e-05
1110065P20Rik	3.50750076171921e-09	0.393400297255319	0.744	0.281	7.45834961971972e-05
Ctso	3.66822977040068e-09	0.40309850162404	0.846	0.321	7.80012378378e-05
Ctnnbip1	4.09392160504705e-09	0.299436953081751	0.897	0.338	8.70531490097205e-05
Ergic3	4.1201246577641e-09	0.599287420849989	1	0.58	8.76103307226959e-05
Fam114a1	4.12508883766558e-09	0.33651350422806	0.615	0.209	8.77158890441208e-05
Bod1	4.19817287581994e-09	0.384270432039507	0.615	0.215	8.92699480314353e-05
Crybg3	4.82637798035513e-09	0.487099843778046	0.795	0.338	0.000102628101374271
Phf11d	4.94089641218518e-09	0.250216855331399	0.718	0.252	0.000105063221308706
Trp53inp1	5.03829326137833e-09	0.345302593680518	0.564	0.179	0.000107134267909949
Scaper	5.07316795313155e-09	0.259870604839623	0.513	0.153	0.000107875843355389
Ahnak	5.1476544463819e-09	0.810287988117528	1	0.859	0.000109459724147865
Vps13a	5.25396112302785e-09	0.419099093347058	0.846	0.352	0.000111720229320064
Mbd1	5.2794223181938e-09	0.318143692212002	0.692	0.236	0.000112261636174073
Cep290	5.57579110428763e-09	0.334326189945298	0.59	0.186	0.000118563622041572
Prrc2b	5.68012953528764e-09	0.467234629681625	0.872	0.397	0.000120782274438356
Slc50a1	5.92598955239908e-09	0.491046772954868	0.897	0.451	0.000126010241842214
Mrtfb	6.00409628842614e-09	0.282165388591479	0.59	0.194	0.000127671103477094
Zbtb20	6.01437807564441e-09	0.392918146864885	1	0.524	0.000127889735400503
Hacd4	6.16572439135425e-09	0.677571989991528	0.923	0.527	0.000131107963457757
Txnip	6.76258971695323e-09	0.751484780760718	1	0.764	0.000143799707741293
Wnt4	6.87768993580535e-09	0.272584009638936	0.385	0.096	0.000146247198794965
Cox6b2	7.01783890279342e-09	0.29871273499454	0.564	0.172	0.000149227326428999
Aes	7.37001391758633e-09	0.659950094219256	1	0.603	0.000156715975943556
Rasal2	7.59431352302895e-09	0.252766899953096	0.487	0.143	0.000161485482753688
Myof	8.15530644156122e-09	0.54813874889821	0.974	0.497	0.000173414436173358
Ppp2r3a	8.47347423268617e-09	0.268647629208387	0.615	0.201	0.000180179956083839
Hoxb4	9.16998202704423e-09	0.327174048177648	0.538	0.171	0.000194990497823068
Ifitm2	9.27488542170156e-09	0.715041401478145	1	0.911	0.000197221163607062
Sfxn1	9.50907776844199e-09	0.432534296096809	0.949	0.441	0.000202201029668151
Ptms	1.02180339222926e-08	0.637042841633956	1	0.808	0.00021727627332363
St6galnac6	1.02670208727201e-08	0.25747031327733	0.513	0.154	0.00021831793183752
Raly	1.03937291906767e-08	0.589047077241668	0.949	0.688	0.000221012257510549
1110012L19Rik	1.0610376989398e-08	0.319263489477408	0.513	0.165	0.00022561905630256
Golgb1	1.10286752987836e-08	0.639768286591007	0.923	0.501	0.000234513751553335
Oaz2	1.11345258353136e-08	0.36249547206257	0.718	0.278	0.000236764557362108
Tnip1	1.13438229293033e-08	0.31278684929777	0.744	0.279	0.000241215050768706
Ecm1	1.15297857235974e-08	0.384907789424031	0.897	0.38	0.000245169363626574
Nod1	1.17320165797219e-08	0.316555904068815	0.564	0.187	0.000249469600551207
Ralgapa1	1.24565466631555e-08	0.26684087425626	0.744	0.27	0.000264876008245338
Bckdk	1.25825366338972e-08	0.262857122132259	0.769	0.283	0.00026755505898319
Trim2	1.3255481327103e-08	0.270247007794103	0.513	0.157	0.000281864554939517
Arhgap1	1.37383438580071e-08	0.337567740856834	0.821	0.329	0.000292132143796663
Palm	1.43080441736086e-08	0.287474962295145	0.538	0.171	0.000304246251307612
Nfe2l1	1.46671074402883e-08	0.562732777403925	0.974	0.55	0.000311881372610291
Ptov1	1.56668185502054e-08	0.456140706076617	0.923	0.436	0.000333139229651568
Rad50	1.5900987056034e-08	0.268869889540255	0.872	0.332	0.000338118588759507
Sgk1	1.60328831802308e-08	0.360228245505202	0.718	0.277	0.000340923227944428
Fzd1	1.68341233011865e-08	0.254754036175531	0.436	0.124	0.000357960797876429
Erc1	1.69490502977933e-08	0.268413278642368	0.436	0.126	0.000360404605532278
Dgcr6	1.82567821670787e-08	0.28227319958472	0.718	0.264	0.000388212216000762
Chchd6	1.87741065164589e-08	0.268497929513441	0.538	0.174	0.000399212600965982
Gm8730	1.95202169654871e-08	0.7807631546059	0.949	0.582	0.000415077893554117
Creb3l2	2.0412248301313e-08	0.357552957321171	0.692	0.265	0.00043404604787912
Klf2	2.1155158863912e-08	0.451999311235843	1	0.632	0.000449843298082226
Tgfbr2	2.27067861407686e-08	0.586647356221614	0.974	0.609	0.000482837100497303
Impad1	2.92400053923892e-08	0.421758838264995	0.846	0.363	0.000621759474663765
Ctr9	2.9457867473585e-08	0.29718951054411	0.795	0.317	0.000626392093958312
Skp1a	3.05815181418055e-08	0.639189941378794	0.923	0.62	0.000650285401767351
Sh3bp5	3.07871209575866e-08	0.341650995441782	0.744	0.292	0.000654657340042121
Luzp1	3.22316611837382e-08	0.318533950529812	0.821	0.343	0.00068537404341101
Arid5b	3.50520149567442e-08	0.559388058552255	0.923	0.494	0.000745346046040209
Rap2a	3.61039423239641e-08	0.586721391835691	0.872	0.459	0.000767714229576773
Lats2	3.77532111568269e-08	0.256401742807967	0.718	0.263	0.000802784282038766
Capns1	3.82346577240798e-08	0.550279320223097	1	0.831	0.000813021761844833
Anxa7	3.86131576363326e-08	0.409689477139194	0.897	0.413	0.000821070183978976
Selenow	4.04481668893808e-08	0.562233931104251	0.974	0.892	0.000860089820735793
Tubb4b	4.1389234626754e-08	0.572079157600498	0.949	0.511	0.000880100685103297
Mgat4b	4.16119520227592e-08	0.32940037223558	0.718	0.269	0.000884836547811952
Smarca2	4.38721022053155e-08	0.449662250818495	0.897	0.404	0.000932896381293828
Zfp704	4.72287166221546e-08	0.278355895965029	0.564	0.189	0.0010042714302535
Klf10	4.80227246863069e-08	0.284543618472286	0.718	0.272	0.00102115521772963
Tmem106b	5.13677894959149e-08	0.483946837256382	0.795	0.376	0.00109228467584113
Pla2g16	6.02413705364461e-08	0.499965126688927	0.872	0.398	0.00128097250308699
Dstn	6.0340302455179e-08	0.509936772527386	1	0.789	0.00128307619140693
Slc48a1	6.04478432674461e-08	0.438626943095536	0.795	0.36	0.00128536293923897
Pelp1	6.20489343013465e-08	0.26635359534336	0.667	0.234	0.00131940853898383
Nfic	6.23838009184676e-08	0.527332068483619	0.974	0.59	0.00132652914273029
Smad1	6.30853483466132e-08	0.30800353890194	0.718	0.273	0.00134144684724238
Vezf1	6.85147394824528e-08	0.504186616163666	0.821	0.405	0.00145689742035488
Glt8d1	7.51136095822944e-08	0.361100395931652	0.564	0.199	0.00159721579415791
Xdh	7.94924075969108e-08	0.511092083189165	0.923	0.493	0.00169032655514071
Minos1	7.95261773148311e-08	0.621117796983963	0.974	0.624	0.00169104463442257
Arhgap31	7.98347284817748e-08	0.431502606243297	0.846	0.419	0.00169760566643646
Cpsf7	8.06349608191e-08	0.256046612245987	0.795	0.302	0.00171462180685734
Psmd10	8.44748736867177e-08	0.326813247300187	0.795	0.319	0.00179627371407437
Ahi1	8.49046895066986e-08	0.292274167940687	0.538	0.19	0.00180541331767044
Myl12a	8.64762991014287e-08	0.560045906574921	0.974	0.852	0.00183883202409278
Gbp3	8.80947584955477e-08	0.521392312787173	0.897	0.435	0.00187324694464933
Haghl	8.92748374061635e-08	0.253205720820285	0.59	0.203	0.00189834014260466
Kif13a	8.99176060389786e-08	0.284672581115479	0.59	0.213	0.00191200797481284
Decr1	9.40391789107514e-08	0.328275922998395	0.667	0.253	0.00199964910035822
Ctsf	1.03953575177073e-07	0.353784690006611	0.564	0.195	0.00221046882256528
Hyi	1.04584346637022e-07	0.34727551865386	0.795	0.314	0.00222388154688964
Tusc3	1.05554889694726e-07	0.276862673017957	0.744	0.287	0.00224451917446865
mt-Rnr2	1.07631745661155e-07	0.625750962399284	1	0.74	0.00228868143973881
Paxx	1.11882725033249e-07	0.289547196076264	0.59	0.211	0.00237907426510702
Mbp	1.14778254307193e-07	0.322802952142078	0.769	0.31	0.00244064479958815
Ahcyl1	1.16092356386124e-07	0.315921896971814	0.846	0.362	0.00246858786619453
Tulp4	1.20171963826352e-07	0.569071737031203	0.846	0.429	0.00255533663880355
Jdp2	1.22708430628482e-07	0.259888006297605	0.821	0.332	0.00260927206888404
1700025G04Rik	1.27351665829959e-07	0.257687863917649	0.692	0.263	0.00270800582220824
Pdcd4	1.29075994221582e-07	0.480168921020189	0.897	0.506	0.00274467194112772
Acsl4	1.36018598455408e-07	0.574404259748431	0.872	0.471	0.00289229947755579
Ybx3	1.36280851819834e-07	0.50708453588834	0.974	0.62	0.00289787603309695
Tmco1	1.37444532571171e-07	0.510951920674264	0.974	0.738	0.00292262054059339
Bmpr2	1.37779891225919e-07	0.412348470685239	0.872	0.429	0.00292975160702794
Piezo1	1.41088772792197e-07	0.335596154369685	0.667	0.266	0.00300011166465327
Gbp4	1.42263271931646e-07	0.331157900762442	0.795	0.348	0.00302508621435451
Fam110a	1.45065762669223e-07	0.269897550899747	0.513	0.173	0.00308467837739836
Arsb	1.48811585745093e-07	0.278011542607388	0.59	0.216	0.00316432955928365
Mindy1	1.535348003418e-07	0.3974816525161	0.692	0.287	0.00326476399446804
Zbtb33	1.53540581961931e-07	0.270700547827985	0.513	0.17	0.0032648869348385
Slc25a4	1.59290010996551e-07	0.455869561237094	1	0.755	0.00338714279383067
Golim4	1.61570907472454e-07	0.369441824982974	0.744	0.321	0.00343564377649426
Anapc1	1.68677431531984e-07	0.320244668398837	0.846	0.355	0.00358675690409611
Kif1c	1.72998630562566e-07	0.399884290293126	0.692	0.293	0.0036786428802824
Crls1	1.77272576018867e-07	0.284790067390829	0.615	0.235	0.00376952405646519
Aprt	1.79097668233872e-07	0.578985028571743	1	0.736	0.00380833281732506
Clpp	1.79487795106075e-07	0.279548687979193	0.795	0.327	0.00381662847513558
Txndc12	1.8084429838075e-07	0.265128434329144	0.718	0.276	0.00384547316076827
Galnt6	1.83702659940825e-07	0.276821332744884	0.667	0.249	0.00390625336098171
Pgrmc1	1.9289203511853e-07	0.645397728356748	0.821	0.395	0.00410165623476042
Cpne3	1.93668787352402e-07	0.674258355711624	0.872	0.531	0.00411817309426147
Klf4	1.96689388059187e-07	0.715790496582964	0.949	0.552	0.00418240314769054
Anapc4	1.97062515673277e-07	0.324696572269351	0.692	0.29	0.00419033733327656
Tceal9	2.03338524561424e-07	0.529892248351166	0.949	0.611	0.00432379038627412
Esyt2	2.06473232261132e-07	0.425355057395302	0.846	0.388	0.00439044681080071
Exoc6b	2.12089957692504e-07	0.299367541626522	0.615	0.235	0.0045098808603734
Acvrl1	2.15798055197767e-07	0.304665394038766	0.718	0.287	0.00458872984572533
Lrrc41	2.20484294676163e-07	0.281399488738638	0.615	0.234	0.00468837804199394
Bst2	2.24730827997389e-07	0.6163546266837	1	0.743	0.00477867632653648
Anxa2	2.28516121703644e-07	0.671726675157175	1	0.722	0.0048591668119063
Iah1	2.30604993502945e-07	0.480481613460441	0.769	0.357	0.00490358458184662
Fdx1	2.32315938394563e-07	0.323103940307628	0.718	0.302	0.00493996611402198
Itgav	2.56845605011309e-07	0.379540831479191	0.872	0.408	0.00546156494496047
Tex264	2.71889023311421e-07	0.379739674735789	0.821	0.369	0.00578144819169406
Wasl	2.72459194464152e-07	0.328023196008487	0.769	0.335	0.00579357231108573
App	2.78004784700424e-07	0.566444927902932	1	0.87	0.00591149374186982
Sypl	2.9053278702538e-07	0.574605489302889	0.897	0.541	0.00617788918330769
Suclg2	2.93956157993005e-07	0.369970548520039	0.769	0.33	0.00625068374356326
Zcchc24	3.02700884636082e-07	0.352134693237419	0.821	0.368	0.00643663161090166
Csad	3.2220010564859e-07	0.271686185527643	0.59	0.221	0.00685126304651163
Ext2	3.39566340881637e-07	0.320146112678099	0.769	0.319	0.00722053867250712
Lpp	3.58227328394676e-07	0.476767560292208	0.949	0.567	0.00761734591098438
1810058I24Rik	3.60185697834661e-07	0.534178907075265	0.974	0.656	0.00765898867875622
Dhrs4	3.66025364690557e-07	0.265835902428357	0.744	0.293	0.00778316335478
Prr13	3.85455860948499e-07	0.523881363769239	0.974	0.665	0.00819633342720888
Tmem223	4.14375987138092e-07	0.425517924848251	0.821	0.372	0.00881129099050438
Sec62	4.24016533938654e-07	0.483693041081827	1	0.831	0.00901628757767154
Cpt1a	4.33142259937018e-07	0.317144674206489	0.821	0.358	0.00921033701530076
Tsen34	4.36082460828576e-07	0.366655210600335	0.872	0.398	0.00927285744705885
Ginm1	4.41915079309201e-07	0.306598571113319	0.795	0.351	0.00939688224643085
Rbbp8	4.51295384272558e-07	0.596156461242334	0.821	0.46	0.00959634505117168
Tut4	4.52970007423424e-07	0.453554171391473	0.949	0.519	0.00963195423785168
Tmem159	4.7828391193208e-07	0.257966316325534	0.641	0.247	0.0101702291033237
Prpf18	4.86825688065717e-07	0.319659465455618	0.718	0.311	0.0103518614310294
Irak1bp1	4.92219661972269e-07	0.264347462698986	0.436	0.141	0.0104665588921783
Exoc4	5.41639579703079e-07	0.404336269565061	0.744	0.334	0.0115174240228063
Tmed3	5.42021810665264e-07	0.552372691362207	0.974	0.588	0.0115255517819862
Creb3	5.42367057036047e-07	0.384610018743236	0.795	0.365	0.0115328931008145
Tax1bp3	5.42515408977067e-07	0.329809809401843	0.821	0.391	0.0115360476564884
Bag5	5.72065913174475e-07	0.262907553152507	0.667	0.262	0.012164409577742
Mxd4	5.90280814277903e-07	0.505975840454197	0.923	0.547	0.0125517312348053
Pltp	6.02058435040723e-07	0.44387271071389	0.923	0.495	0.0128021705627059
Fam102b	6.95515009844547e-07	0.301027726848416	0.821	0.355	0.0147894311693344
Ptgs1	6.97116133890987e-07	0.46440420460382	0.949	0.483	0.0148234774710579
Hbp1	7.16428722093779e-07	0.330648976711254	0.821	0.387	0.0152341403466021
Keap1	7.17089894009027e-07	0.335146683927532	0.821	0.378	0.0152481995062079
Tor1aip2	8.25252482069934e-07	0.312436949953174	0.795	0.364	0.0175481687787351
Oxnad1	8.39997135140934e-07	0.254530106706162	0.359	0.112	0.0178616990816368
Glul	8.53073985045591e-07	0.469101767505297	0.897	0.544	0.0181397652180095
Dynlt3	8.72897496507277e-07	0.424391697516824	0.872	0.467	0.0185612923657307
Ccs	9.2476135753602e-07	0.435527634645959	0.718	0.336	0.0196641255066459
Vkorc1	9.95682956693974e-07	0.42911870097295	0.846	0.456	0.0211722023911407
Glo1	1.00658676468869e-06	0.311224102203211	0.923	0.432	0.0214040609643403
Stbd1	1.04472941700023e-06	0.28027419913701	0.256	0.065	0.022215126323093
Trp53bp2	1.0949564883785e-06	0.266626349792051	0.564	0.212	0.0232831547688805
Dhrs7	1.12976685661708e-06	0.25965776713037	0.949	0.434	0.0240233624391057
Pcca	1.176095121829e-06	0.30334907277303	0.462	0.167	0.0250084866705719
6820431F20Rik	1.21102927485197e-06	0.351659416521591	0.821	0.371	0.0257513265004523
Arhgap18	1.21384098116229e-06	0.450467891289715	0.846	0.449	0.0258111146234349
Mapk3	1.21676188530962e-06	0.478896404956676	0.897	0.506	0.0258732247292237
Acp5	1.29727372791097e-06	0.271961141616203	0.744	0.317	0.0275852285502989
Mettl9	1.3097250565766e-06	0.310817922748086	0.949	0.449	0.0278499936030449
Fyco1	1.37294537739516e-06	0.262690522395275	0.59	0.23	0.0291943105049307
Cp	1.3944327138949e-06	0.465223363584997	0.718	0.323	0.0296512172282612
Chst12	1.40789023449209e-06	0.257433335127268	0.667	0.28	0.0299373779462399
Ppp3ca	1.54408004865819e-06	0.561190287488051	0.974	0.678	0.0328333181546678
Pmp22	1.5452371700158e-06	0.252888429622704	0.872	0.382	0.0328579231832161
Trim28	1.58392543241495e-06	0.338485903750088	0.821	0.392	0.0336805903948715
Txndc15	1.60108162766298e-06	0.308168509604141	0.846	0.393	0.0340453997306255
Selenof	1.63671191184888e-06	0.462782403731803	0.974	0.858	0.0348030420935546
Naxd	1.65649753338174e-06	0.322402836277657	0.846	0.389	0.0352237635498294
Fam168a	1.67686780540608e-06	0.259086104464541	0.821	0.351	0.0356569170141548
Pkn2	1.69709516796172e-06	0.492574933770355	0.974	0.584	0.0360870316515379
S100a10	1.73934157600886e-06	0.499558299985821	1	0.794	0.0369853592722523
Sfxn3	1.75487343994923e-06	0.2533817409836	0.615	0.248	0.0373156288270804
Rpl29-ps5	1.7954591216591e-06	0.40552855952175	0.821	0.418	0.038178642762959
Rab9	1.79640426847445e-06	0.327681625505406	0.744	0.336	0.0381987403648407
Itpr1	1.83407472714782e-06	0.34798986454058	0.692	0.319	0.0389997649980713
Cfl2	1.89799522298717e-06	0.350020955827711	0.821	0.41	0.0403589704215992
Bnip3l	1.9575182487658e-06	0.439073639023217	0.974	0.667	0.0416246680417561
Dnajc10	1.96014754794759e-06	0.435556633441979	0.821	0.413	0.0416805774595575
Echs1	2.04118990004411e-06	0.390173880861196	0.897	0.461	0.043403862034538
mt-Cytb	2.11804221363931e-06	0.339932446596779	1	0.998	0.0450380496308264
Man1a2	2.13727769356529e-06	0.329299464380214	0.923	0.461	0.0454470728759724
Nucb2	2.20369222651897e-06	0.260684255204185	0.897	0.401	0.0468593115046993
Hmg20b	2.27499370174644e-06	0.392721704339709	0.872	0.48	0.0483754660739364
Ppp1r2	2.3273015604376e-06	0.414760962971372	0.897	0.52	0.049487740381145
