id	p_val	avg_log2FC	pct.1	pct.2	p_val_adj
Slc45a3	0	1.50744652485414	0.75	0.005	0
Prox1	0	3.10753343028653	0.95	0.014	0
Duox2	0	1.13791064888809	0.533	0.001	0
Klhl4	0	2.25210109304347	0.933	0.013	0
Ccl21a	0	7.35189036194123	0.85	0.014	0
Reln	0	3.99221837062479	0.967	0.004	0
Dtx1	0	2.17070318997607	0.8	0.016	0
Mmrn1	0	5.35087651663405	1	0.004	0
Sh3gl3	0	1.57817480309597	0.75	0.008	0
Adgrg3	0	2.30934159278392	0.867	0.014	0
Foxc2	0	0.788807177786064	0.333	0.002	0
Ackr2	0	1.42979937769238	0.533	0.003	0
Flt4	0	3.3201913346098	0.983	0.032	0
Meox1	0	1.97616316848964	0.8	0.02	0
Cldn5	0	3.78808387073191	0.983	0.021	0
Hoxd9	0	0.791174942254357	0.483	0.003	0
Gm21541	0	1.85266143852034	0.45	0.001	0
Nts	0	1.33947237722365	0.567	0.002	0
Gpr182	0	1.11202074542271	0.483	0.004	0
Btnl9	0	0.733951227188513	0.333	0.002	0
Tc2n	0	0.970644532169303	0.45	0.003	0
Tbx1	0	1.60419831558328	0.7	0.001	0
Cyp4b1	3.6944698600918e-300	2.44061974703634	0.733	0.02	7.8559207104992e-296
Tie1	8.38416288472262e-294	1.87533389315377	0.917	0.032	1.78280839580742e-289
Dmtn	3.03111249456817e-290	1.13124031338277	0.65	0.015	6.44535760844975e-286
Cldn11	1.09214487674968e-276	0.412286026223871	0.15	0	2.32233686592053e-272
Prrt4	1.43964368656912e-273	0.703880490122645	0.283	0.002	3.06125833512058e-269
Duoxa2	2.6292565634485e-255	0.26478488439566	0.15	0	5.5908511565169e-251
Myzap	2.68585304808442e-236	1.48736379568756	0.65	0.02	5.7111979214467e-232
Mmrn2	1.11148318769506e-232	2.41857467575066	0.9	0.04	2.36345785031478e-228
Pard6g	1.29405311856501e-228	3.37928071246545	1	0.055	2.75167455131665e-224
Slc38a4	9.81219768224512e-226	1.50548875389227	0.6	0.018	2.0864657151526e-221
Emcn	2.88750290014965e-224	2.45384250924167	0.9	0.041	6.13998616687822e-220
A830019P07Rik	3.15752818978128e-221	0.657834213535524	0.267	0.003	6.71416794275091e-217
Col23a1	6.56001725368244e-210	1.55823904212628	0.65	0.023	1.39492206882303e-205
Sox18	2.07487584766008e-207	1.77113886154303	0.8	0.035	4.41201600246439e-203
Cdh5	4.72013396256439e-207	2.15414501469489	0.967	0.051	1.00368928579969e-202
Bmx	6.44752707832712e-205	1.12151095539118	0.467	0.011	1.37100215793548e-200
Clca2	7.9199905070591e-202	0.360757103594804	0.133	0	1.68410678142105e-197
4833422C13Rik	1.47519983879688e-201	0.593693164983173	0.3	0.004	3.13686493721769e-197
Mall	6.85888666076474e-195	1.1547993310878	0.55	0.017	1.45847365954501e-190
She	7.87157674486059e-195	1.14836130557392	0.567	0.018	1.67381207902715e-190
Shank3	1.24981058843877e-180	0.885061487457135	0.567	0.02	2.65759723525621e-176
Sema3a	5.08617796420164e-179	1.38238032690677	0.617	0.025	1.08152488230784e-174
Kdr	1.49508582447367e-176	2.86294060188635	1	0.072	3.1791504971608e-172
Clca3a1	2.18653740184216e-176	2.3113075398164	0.75	0.038	4.64945313127717e-172
Foxc1	5.93850665359041e-172	0.61032866528319	0.25	0.003	1.26276405481947e-167
Galnt18	3.05225666385626e-168	1.59487802777167	0.733	0.038	6.49031857002395e-164
Comp	1.09689573206995e-165	1.10823425101931	0.233	0.003	2.33243908467354e-161
Thsd7a	2.56132497725154e-163	1.35801199028187	0.6	0.025	5.44640143162767e-159
Scn3a	4.39399841762356e-159	0.932082130709145	0.333	0.007	9.34339823523474e-155
Slc16a12	8.21725115333423e-154	0.504230757859115	0.25	0.004	1.74731628524499e-149
Egfl7	2.59421614684468e-150	2.67725099900282	1	0.083	5.51634121465052e-146
Apold1	2.96322432540163e-150	1.98817211139952	0.817	0.052	6.30100020553402e-146
Myct1	4.74536138547079e-149	1.41590934199152	0.683	0.035	1.00905364500651e-144
Fam174b	4.06434945184668e-136	1.21582607331383	0.683	0.04	8.64243267440678e-132
Nqo1	1.40572075347835e-134	0.995746645770831	0.517	0.023	2.98912461019636e-130
Rasip1	1.40359962247263e-133	1.27351932394048	0.717	0.044	2.98461423722581e-129
Il7	1.52115530236291e-133	1.58360227307	0.733	0.05	3.2345846349445e-129
Gpihbp1	1.88828409879887e-133	1.79343253113094	0.667	0.038	4.01524730768591e-129
Pgm5	2.23171547759208e-133	1.20588148737169	0.617	0.033	4.7455197915518e-129
Sned1	4.22849119849781e-133	1.18051741090739	0.6	0.031	8.99146368448574e-129
Ecscr	2.18488061295333e-132	3.03499425465079	0.983	0.099	4.64593013538395e-128
Wscd1	4.99820702358266e-130	0.759831891111355	0.367	0.011	1.06281874149462e-125
Gm43719	6.85536013171809e-127	0.449791194357464	0.2	0.003	1.45772377840854e-122
Erg	3.5878308019152e-126	0.896812197076548	0.483	0.021	7.62916341719248e-122
Clic5	6.52729577220988e-123	1.4183194320554	0.717	0.049	1.38796417300271e-118
Unc5b	8.11609848214738e-123	1.24695789378035	0.6	0.034	1.72580718124382e-118
Fam189a2	8.57604866244616e-123	1.26348454953795	0.567	0.031	1.82361098758255e-118
Gja4	1.02277650436769e-122	1.14543427546487	0.383	0.013	2.17483195888745e-118
Tal1	1.2873236867625e-122	0.91106688500176	0.417	0.016	2.73736508753178e-118
Sgsm1	9.6674684115243e-120	0.351059774971314	0.217	0.004	2.05569048302653e-115
Prelp	3.07834497176707e-118	2.8711786653489	0.933	0.096	6.54579274796549e-114
Gm14964	1.3045061723448e-116	1.48650940219408	0.583	0.035	2.77390192487398e-112
Ramp2	2.25006594589199e-115	2.57712386026286	0.95	0.102	4.78454022734473e-111
Gchfr	1.83913634395659e-114	0.680934500964914	0.4	0.016	3.91073952178928e-110
Ptprb	2.28557289541938e-113	1.26947057924236	0.75	0.055	4.86004220481977e-109
Lyve1	8.00427981933778e-111	4.61461747805193	0.95	0.11	1.70203006078399e-106
Nxpe2	3.82283533715868e-109	0.456567401261212	0.233	0.005	8.12887706093422e-105
Tmod2	1.03142179169137e-108	1.72344735362493	0.817	0.073	2.19321529785253e-104
Sncaip	1.6177713947032e-106	0.863396839693376	0.5	0.026	3.44002909369689e-102
Lepr	1.69518368671281e-106	0.934513148009226	0.433	0.02	3.60463859142613e-102
Tril	9.06635730353585e-101	1.1765190156811	0.683	0.054	1.92787021702386e-96
Ntn1	1.16664435023425e-100	2.22894187691798	0.85	0.092	2.48075254633812e-96
Adgrf5	1.65474631017597e-96	1.95550959571955	0.883	0.101	3.51865255395817e-92
Podxl	7.28195277658338e-95	1.89665969675197	0.883	0.102	1.54843443841269e-90
Stmn2	1.75983026293393e-94	1.90107376694294	0.617	0.047	3.74210307110271e-90
Ldb2	4.97813839608195e-94	1.26343181261668	0.633	0.05	1.05855134854287e-89
Cyyr1	2.15684359570218e-93	0.952990782468277	0.55	0.036	4.58631222190111e-89
Tek	6.06341645413728e-92	1.14502923150808	0.6	0.045	1.28932487480775e-87
Kank3	1.2533646495543e-91	1.56036180399729	0.85	0.101	2.66515459081226e-87
Nsg1	3.10950154013902e-90	1.81349621741266	0.583	0.045	6.61204407495161e-86
Dock9	1.1207919738717e-89	1.98474661737845	0.917	0.123	2.38325205324078e-85
Cldn4	1.12473676031311e-89	0.301743370938495	0.133	0.002	2.39164024712981e-85
Afap1l1	2.24630293676586e-89	1.15157764554016	0.667	0.058	4.77653856473892e-85
S1pr1	5.07057399386682e-87	1.91188411665701	0.933	0.127	1.07820685405584e-82
Nr2f2	3.82685242257499e-84	2.67318392426958	1	0.174	8.13741899136346e-80
Htr2b	4.64644704819788e-84	0.863053012426702	0.333	0.015	9.88020500328798e-80
Dysf	5.07406515974271e-82	1.04885497109339	0.483	0.033	1.07894921556769e-77
Sema3f	5.22236969861084e-82	1.20617554191353	0.65	0.063	1.11048469271261e-77
Trpc3	2.07156297894836e-81	0.427666573069497	0.233	0.007	4.40497151843579e-77
Scn3b	1.69452074252737e-80	0.83298783077052	0.367	0.019	3.6032289069102e-76
F2rl1	7.28504840527849e-80	1.06680173638918	0.483	0.034	1.54909269289842e-75
Depp1	3.98132509334847e-79	0.67621376781559	0.25	0.009	8.46588967849619e-75
Efnb2	4.57195420410161e-79	1.3051714393287	0.567	0.048	9.72180341960165e-75
Rassf10	4.66743891343847e-79	0.606168803314199	0.283	0.011	9.92484210553556e-75
Prex2	5.89618635056406e-79	1.49596205410779	0.8	0.092	1.25376506558394e-74
Ddah1	2.04539709199991e-78	0.890225899979616	0.317	0.014	4.34933237642862e-74
Fzd6	7.58856876537691e-78	1.17147837829035	0.55	0.046	1.61363326226975e-73
Tnfaip8l3	2.91582599397126e-77	0.487610171520846	0.267	0.01	6.20021239358049e-73
Fxyd6	7.60626435058752e-77	3.23784659502138	1	0.197	1.61739605150893e-72
Rassf9	1.2464329193355e-76	1.25664449469242	0.633	0.063	2.65041495967501e-72
Fbln5	1.77454820569751e-76	1.5367448859572	0.8	0.099	3.77339930459519e-72
Pcsk6	2.37028211026293e-76	1.59728495772068	0.7	0.079	5.0401678792631e-72
Lbp	5.52304219238059e-75	2.34486695481491	0.967	0.167	1.17441969178781e-70
Ttc9	8.36481025222129e-74	1.0143033938517	0.433	0.03	1.77869325203233e-69
Fmo1	1.21411899943513e-73	1.21968825587608	0.583	0.053	2.58170264039885e-69
Apba2	5.24624534873864e-73	1.01819315036856	0.417	0.027	1.11556161095579e-68
Cav2	9.15618697690406e-73	2.05902636202993	0.9	0.149	1.94697159876888e-68
Bok	1.6482832769285e-72	1.14454646033614	0.583	0.057	3.50490956006076e-68
2900026A02Rik	1.77285709379495e-72	1.54739039931521	0.8	0.114	3.76980332424558e-68
Gng11	3.96053095121299e-71	3.46142785406796	1	0.221	8.42167301465931e-67
Angpt2	3.29834872460542e-70	0.914043178440924	0.367	0.022	7.01360872800096e-66
Hmcn1	3.60457468140478e-70	1.46251380422557	0.7	0.082	7.66476760253913e-66
Cavin2	1.77011640129701e-69	3.66961844668718	1	0.22	3.76397551571795e-65
Ptpn14	1.91488748428295e-69	1.52055962105404	0.817	0.126	4.07181674657927e-65
Rtkn	3.23082149020315e-69	0.715244478793392	0.417	0.029	6.87001881676797e-65
Ephb4	1.07962011123686e-68	1.01704601803652	0.583	0.058	2.29570420453405e-64
Thsd1	1.42391390219998e-68	0.41959388519467	0.283	0.013	3.02781052163804e-64
Robo4	1.68455387952194e-68	0.784394558707318	0.417	0.028	3.58203536941546e-64
Adgrl4	2.56858902100552e-68	0.801010731321616	0.5	0.04	5.46184769426614e-64
Lrg1	2.72905028950009e-68	2.69706847279134	0.817	0.123	5.80305253559299e-64
Thy1	7.24231999286047e-68	2.28890813677151	0.967	0.189	1.54000692328185e-63
Syn3	7.29244578347125e-67	0.946107165717311	0.5	0.043	1.55066567139733e-62
Fam124b	1.05499875666661e-66	0.25609338628764	0.15	0.004	2.24334935617589e-62
Nr3c2	1.56818818102465e-66	0.811244378697982	0.417	0.03	3.33459534813081e-62
Ebf1	3.57329780853973e-66	0.937339042403223	0.767	0.091	7.59826046007888e-62
Sema6a	2.58570751111551e-65	1.76755217452483	0.8	0.124	5.49824845163602e-61
Acer2	3.34990552862075e-64	0.650728337056239	0.283	0.014	7.12323911605915e-60
Timp3	2.54396154035092e-63	3.77193679559261	1	0.255	5.4094798194022e-59
Lcn2	5.15544311456049e-63	2.47401647067043	0.95	0.195	1.09625342388014e-58
N4bp3	7.54189263705303e-63	1.0342818686638	0.567	0.061	1.60370805034296e-58
Pecam1	1.41647311802002e-62	2.07797524241358	0.983	0.222	3.01198843815778e-58
Dock6	9.63508478617785e-62	0.972100287999153	0.567	0.061	2.04880442893286e-57
Slc9a3r2	2.22548280747611e-61	1.66201078226629	0.85	0.145	4.7322666418172e-57
Rhoj	2.83210068813629e-61	2.46860281647263	0.967	0.237	6.022178903253e-57
Lama4	1.24187945623415e-60	1.89570401857917	0.9	0.173	2.64073247573629e-56
Pcdh12	1.28358422468651e-60	0.362561740872536	0.233	0.01	2.72941349537339e-56
Lrrc32	6.03855045124962e-60	0.823874060951205	0.45	0.038	1.28403736795372e-55
Lmcd1	8.73979758927929e-59	0.861199390834937	0.433	0.036	1.85843055938435e-54
Fgd5	9.81254559972847e-59	0.706209931117565	0.5	0.048	2.08653969632626e-54
Dapk2	1.77434213266458e-58	0.830808824565162	0.533	0.055	3.77296111089795e-54
Clec1a	2.12935173159759e-58	0.842389040243493	0.483	0.046	4.52785352206911e-54
Chst1	2.5090518106352e-58	0.771015692379643	0.35	0.024	5.33524777013469e-54
Gata2	2.53650157129714e-57	0.519092713761273	0.25	0.012	5.39361694120624e-53
Ushbp1	3.26338785226675e-57	0.682643513729401	0.35	0.024	6.93926792906003e-53
Prss23	4.43557016921324e-57	2.54640860982862	0.917	0.199	9.43179640781504e-53
Ltbp4	5.60997762331579e-57	2.57130701119919	0.967	0.233	1.19290564182187e-52
Hspa12b	7.64561725850695e-57	0.654006739751256	0.367	0.027	1.62576405384892e-52
Kif26a	8.70399052606859e-57	0.406983826214783	0.25	0.012	1.85081654546322e-52
Slfn3	9.83100625733144e-57	0.488785395904629	0.283	0.016	2.09046517055896e-52
Gprc5b	2.17512667409631e-56	1.02653201867731	0.567	0.066	4.62518935979839e-52
Tns2	2.31481120592773e-56	1.18476028871927	0.7	0.105	4.92221454828472e-52
Rftn2	5.25554927825884e-56	0.881018159279752	0.517	0.053	1.11753999852896e-51
Tspan12	1.33889177303344e-55	0.777769761553067	0.417	0.035	2.84701946617831e-51
Ppfibp1	1.54364267091813e-55	2.36166134646358	0.95	0.258	3.28240177544031e-51
Sema3d	1.67636891612339e-55	1.49417081363207	0.8	0.136	3.56463086324478e-51
Pear1	1.25561800059628e-54	1.245729274518	0.733	0.125	2.66994611646793e-50
Scn1b	1.78560628269589e-54	1.58882935059084	0.917	0.217	3.79691319952455e-50
Efcc1	3.54482590186468e-54	0.387897309567246	0.233	0.011	7.53771779772505e-50
Cav1	4.06304684925692e-54	2.05327536091322	1	0.236	8.63966282025992e-50
Ecm2	6.65016233068834e-54	1.07690618512822	0.6	0.075	1.41409051799757e-49
Calcrl	1.1765046552135e-52	1.66635718660271	0.75	0.129	2.50171949884598e-48
Arl4a	4.70434205454669e-52	2.19159902323888	0.933	0.264	1.00033129447881e-47
Akap12	5.76910606998389e-51	1.84964777145009	0.817	0.157	1.22674271472137e-46
Efna1	6.12048217147338e-51	1.04287864133789	0.6	0.085	1.3014593289421e-46
Nxn	1.02768080134198e-50	1.63970344976033	0.817	0.179	2.18526045597359e-46
Mustn1	1.59068392585333e-50	1.14432444449321	0.6	0.083	3.38243029993453e-46
Cp	2.60905311516049e-50	2.60682925685356	1	0.321	5.54789054407726e-46
Tspan18	3.1217513369842e-50	1.08762783304502	0.55	0.067	6.6380920429632e-46
Arhgap29	1.24103080169879e-49	1.70412472568281	0.967	0.222	2.63892789673231e-45
Tnfaip8l1	7.97530596177257e-49	0.793392463384889	0.467	0.052	1.69586905971132e-44
Tmem64	8.04913183217585e-49	1.38097264663875	0.75	0.145	1.71156739279387e-44
Gpm6a	2.10038453423477e-48	1.12563214392517	0.867	0.141	4.46625767359681e-44
Ltbp1	2.75845385763696e-48	1.09796580066976	0.75	0.127	5.86557628287924e-44
Rbp7	2.82018359503043e-48	0.482273743966252	0.167	0.006	5.9968383964727e-44
Sept4	2.89442235860823e-48	1.13464899626336	0.617	0.089	6.15469970334455e-44
Trib3	4.75996451047801e-48	0.499443754022057	0.283	0.019	1.01215885350804e-43
Crip2	5.23611776165059e-48	2.04907114795844	0.983	0.274	1.11340808083738e-43
Msrb3	9.26383200381436e-48	1.28211536036455	0.717	0.133	1.96986123729108e-43
Abi3bp	1.12411637314033e-47	1.98562998460067	0.733	0.141	2.39032105584561e-43
Smad1	1.16504033831021e-47	1.79129812652378	0.917	0.271	2.47734177538283e-43
Arap3	2.1860043970211e-47	1.05666929127588	0.667	0.108	4.64831974982567e-43
Nova2	3.34092749819258e-47	0.590999282069045	0.283	0.019	7.10414823215671e-43
Pcp4l1	5.16584058075245e-47	1.33329000922782	0.7	0.118	1.0984643410912e-42
Cd300lg	9.02305562624031e-47	0.989585669047895	0.467	0.052	1.91866254836374e-42
Tshz2	1.53822741223344e-46	1.78932554386326	0.967	0.256	3.27088676937318e-42
S100a16	3.05764988045817e-46	1.73502105076987	0.95	0.261	6.50178670580625e-42
Palm	3.7878436807287e-46	1.4245801570503	0.767	0.169	8.05447080270152e-42
Cracr2b	9.83732906023631e-46	1.37191991282726	0.767	0.164	2.09180965136865e-41
Dll4	1.88032467061758e-45	0.482996146730847	0.267	0.018	3.99832237960122e-41
Ece1	2.0012008966768e-45	2.41230022706743	0.967	0.369	4.25535358669355e-41
Nr1h3	2.94986322379374e-45	0.941701460542347	0.55	0.078	6.27258915907501e-41
Enpp3	1.83950730743651e-44	0.74361907100895	0.367	0.034	3.91152833853299e-40
Rgs7bp	2.27670560027255e-44	0.946202850266333	0.5	0.063	4.84118678841956e-40
Pkn3	2.07676703291382e-43	0.445397992260014	0.267	0.019	4.41603741878794e-39
Tns1	2.9460459717505e-43	1.69893351203821	0.833	0.212	6.26447215433027e-39
Ccm2l	3.18922869891023e-43	0.416170009786267	0.233	0.014	6.78157590536271e-39
Tnxb	6.70000832513118e-43	1.70654163965516	0.833	0.196	1.42468977025589e-38
F11r	8.94338160761875e-43	1.60953010247276	0.883	0.225	1.90172066504405e-38
Myo1b	1.48905857908612e-42	0.938901845785358	0.467	0.058	3.16633416256873e-38
Icam2	3.18419366762288e-42	0.97909708674267	0.533	0.076	6.7708694148333e-38
Ablim3	1.59798157445718e-41	0.774834716428931	0.417	0.048	3.39794801992574e-37
Bik	2.20217523968005e-41	0.846181429657497	0.433	0.051	4.68270542965567e-37
Mfsd4a	2.21289546451308e-41	1.13614591323265	0.533	0.081	4.70550091574061e-37
Tm4sf1	2.61486832494126e-41	1.69973691161524	0.933	0.208	5.5602560061551e-37
Wipf3	2.89056704389317e-41	1.1818601523754	0.633	0.109	6.14650176213443e-37
Wwtr1	2.96134075635196e-41	1.6498476490152	0.817	0.209	6.29699498430681e-37
Nrxn2	1.00155844214034e-40	1.17359708929807	0.583	0.098	2.12971387136721e-36
Megf6	1.02075821032183e-40	1.03040113918663	0.467	0.063	2.17054025842834e-36
Eng	1.33550126758995e-40	1.78416038539518	0.867	0.245	2.83980989540327e-36
Jup	2.76591494512212e-40	1.67424786754865	0.867	0.259	5.88144153930767e-36
Serpine2	8.57466106426339e-40	1.57839749271721	0.717	0.148	1.82331592870497e-35
Hoxd8	1.8588670724183e-39	0.722083647738463	0.383	0.043	3.95269494279027e-35
Ipo11	3.35175754923568e-39	1.12158842011335	0.717	0.164	7.12717725269475e-35
St8sia6	5.02379176460196e-39	0.579723512518456	0.267	0.021	1.06825908082496e-34
Pdpn	1.29836860896354e-38	1.72411682823374	0.883	0.234	2.76085101010008e-34
Mgll	1.33780124012141e-38	1.67548358217124	0.783	0.196	2.84470055699416e-34
Aplp2	2.39260787847886e-38	2.43018254414351	1	0.734	5.08764139279746e-34
Igfbp5	3.04744648417849e-38	4.04875037589173	0.7	0.165	6.48009020395713e-34
Cd9	3.90917220937383e-38	2.46297660412287	1	0.483	8.31246378601251e-34
Rspo3	5.66744197965354e-38	0.807770467723688	0.35	0.036	1.20512486255353e-33
Mical3	7.62957036739617e-38	0.912850816778726	0.533	0.088	1.62235184292312e-33
Gucy1b1	1.02681796577965e-37	0.801959137678509	0.55	0.082	2.18342572243385e-33
Ppp1r2	1.28895675175119e-37	2.74700324447122	0.983	0.519	2.74083763692373e-33
Il33	1.50707921781233e-37	1.70248614680943	0.717	0.16	3.20465324875614e-33
Bcr	2.65061466908956e-37	1.45058936084488	0.717	0.173	5.63626703235203e-33
Amotl1	4.13356626912643e-37	1.23126098319688	0.75	0.178	8.78961531467043e-33
Spns2	5.34831920848896e-37	1.01791441232164	0.567	0.103	1.13726659649309e-32
Ica1	7.41340662302551e-37	0.528176856606731	0.35	0.037	1.57638678432014e-32
Fgl2	8.68667159858201e-37	3.47020260888384	0.983	0.624	1.84713384872248e-32
Ehd2	2.48756167677219e-36	1.41135257165636	0.833	0.242	5.28955114948838e-32
Gm9780	2.84749389532017e-36	0.749850150102899	0.4	0.049	6.05491101900881e-32
Utrn	4.10242292776514e-36	1.8816224593533	0.917	0.372	8.72339211359979e-32
Bvht	8.29719534688003e-36	0.741768943207614	0.4	0.05	1.76431561856057e-31
Arhgef15	1.28016170047332e-35	0.525681861991966	0.3	0.028	2.72213583988646e-31
Tll1	1.50451160425908e-35	0.641080139342405	0.283	0.026	3.19919347529651e-31
Sh2d3c	1.65895640364365e-35	0.875694579346492	0.583	0.108	3.52760489670787e-31
Tjp1	2.68329809492183e-35	1.30942449111195	0.783	0.206	5.70576506904179e-31
Crim1	4.49857236689667e-35	1.87418329004913	0.9	0.306	9.56576428096908e-31
Notch1	5.33020652491473e-35	1.48278432107472	0.883	0.295	1.13341511545787e-30
Ctnnal1	5.79720101490739e-35	0.903442161160195	0.6	0.116	1.23271682380991e-30
Tgfbr2	6.04952303598479e-35	1.85027376715263	1	0.608	1.28637057837181e-30
Ndrg1	9.43350100102908e-35	1.54467345660305	0.883	0.282	2.00593965285882e-30
Plcb4	1.70024281592754e-34	1.04289482198119	0.5	0.081	3.61539632378831e-30
Kctd17	3.88569302512574e-34	1.14398565650646	0.683	0.167	8.26253764862736e-30
Ptprk	4.81602299335217e-34	0.884339742280472	0.55	0.101	1.02407912930641e-29
Fkbp1a	4.97293987385668e-34	1.63070315688097	1	0.793	1.05744593477688e-29
Ctnna1	5.17798711648495e-34	1.78356412214294	0.983	0.613	1.10104718044936e-29
Magi1	5.86577487865942e-34	0.812028066297166	0.433	0.063	1.24729837019814e-29
Gm1673	6.00868092264348e-34	1.14603332230359	0.55	0.101	1.27768591139091e-29
Sptbn1	8.96973840725538e-34	2.16566042938965	1	0.678	1.90732517491878e-29
Yes1	1.26011126796555e-33	0.938325779105538	0.55	0.104	2.67950060020196e-29
Elk3	1.26439069347331e-33	1.68522974265609	0.933	0.418	2.68860037060164e-29
Smtn	2.11141315115803e-33	0.969019555207982	0.65	0.143	4.48970892462244e-29
Plekhg1	3.57850548387726e-33	0.562679637044257	0.367	0.044	7.60933406091661e-29
Col18a1	5.86073998755368e-33	1.54522381385911	0.75	0.199	1.24622775095341e-28
Nectin2	7.42645936139212e-33	1.12010386629717	0.717	0.187	1.57916231860642e-28
Eva1a	1.09614910794338e-32	0.258955504554808	0.167	0.01	2.33085146313081e-28
Stab1	1.09952686017427e-32	1.53454234968336	0.967	0.337	2.33803391547456e-28
Nfib	1.11405683930234e-32	1.54886801550306	0.95	0.304	2.36893046309249e-28
Pkhd1l1	1.12855589323034e-32	1.27137467876856	0.683	0.135	2.39976125136501e-28
Dlg1	1.15319133293549e-32	1.81498589133903	0.783	0.259	2.45214605035402e-28
Clstn1	1.15351329513782e-32	1.39811664472831	0.767	0.222	2.45283067078106e-28
Nudt4	1.24166484011889e-32	1.8984020146069	0.917	0.416	2.6402761160288e-28
4833403J16Rik	1.63575747794249e-32	0.362475048275882	0.25	0.022	3.4782747010969e-28
Ctla2a	1.93243239422804e-32	1.10466702614801	0.783	0.192	4.1091242430865e-28
Bcl6b	2.1121660436931e-32	0.375901937582112	0.2	0.014	4.49130987530901e-28
4930578C19Rik	3.20351041173236e-32	0.278007786146689	0.117	0.005	6.8119445395077e-28
Mpp7	3.54554982508823e-32	1.53020563307861	0.783	0.256	7.53925714806761e-28
Pald1	5.75943501698692e-32	0.848114421262274	0.5	0.089	1.2246862620121e-27
Susd2	6.09330255822033e-32	0.492504249531937	0.267	0.025	1.29567985597997e-27
Lmo2	8.30610801423609e-32	1.49572002090295	0.933	0.374	1.76621080814716e-27
Cdh13	9.89164053963638e-32	0.556127671329547	0.3	0.031	2.10335844434828e-27
Zfp521	1.04051112106371e-31	0.691725307701147	0.367	0.049	2.21254284782987e-27
Tcf4	1.73611596870371e-31	1.90130004749211	1	0.619	3.69167699585157e-27
Gimap6	1.8866921113784e-31	1.16165039190587	0.767	0.2	4.01186210563504e-27
Grrp1	2.21984652089829e-31	0.386727885604899	0.283	0.028	4.72028164203812e-27
Caskin2	2.39882217282134e-31	0.567959421622364	0.383	0.052	5.10085546828729e-27
Serpinb6a	7.50592522107134e-31	1.55643518331403	0.983	0.438	1.59605993900861e-26
Tinagl1	1.07143957330915e-30	0.643544375697434	0.4	0.056	2.27830910868458e-26
Gnas	1.71578614719973e-30	1.72158368847983	1	0.94	3.64844766340551e-26
Wnt2	2.19574511549959e-30	0.327001606925171	0.117	0.005	4.66903241359832e-26
Kcnn3	2.57779098439846e-30	0.670318517246278	0.467	0.072	5.48141474922488e-26
Rab11a	3.79718344695404e-30	1.42862733507153	0.95	0.599	8.07433088160307e-26
Fndc1	5.26729348227854e-30	0.828486949134507	0.483	0.078	1.12003728607171e-25
Slco3a1	5.76161035456807e-30	1.40118131002949	0.833	0.305	1.22514882579535e-25
Tmem204	8.25509042869443e-30	0.641014776699124	0.433	0.066	1.75536242875758e-25
Tanc1	8.66421054353871e-30	0.903122396348767	0.567	0.12	1.84235772997807e-25
Cnn3	1.03605565399001e-29	1.27782438135103	0.9	0.339	2.20306874264435e-25
Ahnak2	1.06217317493762e-29	1.20740215897845	0.7	0.176	2.25860503918735e-25
Lamc1	1.27609972472361e-29	1.01114001753333	0.817	0.24	2.71349845465228e-25
Dstn	1.5698403620776e-29	1.55645433614051	1	0.789	3.3381085459218e-25
Sh3bgrl2	1.9464634927768e-29	0.407068531310789	0.283	0.031	4.13895997104059e-25
Pxdc1	2.07281004279217e-29	0.882887923107396	0.567	0.119	4.40762327499328e-25
Plcg1	2.57416355360114e-29	0.805762724759613	0.533	0.107	5.47370138037746e-25
Lamb1	2.88421495739769e-29	1.01933658963618	0.783	0.216	6.13299468541044e-25
Syne1	5.2920973600303e-29	1.46244698799816	0.717	0.215	1.12531158263684e-24
Mid2	6.43153983399699e-29	0.38338660971661	0.283	0.031	1.36760263030112e-24
Tspan9	6.77461590515732e-29	0.98138923929598	0.533	0.111	1.44055432607265e-24
Sox7	9.25236572771935e-29	0.336272705378967	0.217	0.018	1.96742304834224e-24
Hyal2	9.80078735858556e-29	0.788419610822433	0.5	0.095	2.08403942392963e-24
Tgfb2	1.52552211090418e-28	1.07269369777383	0.683	0.171	3.24387021662666e-24
Col4a1	1.60313900945386e-28	1.45507304788521	0.867	0.284	3.40891478970268e-24
Pros1	1.75164398947096e-28	1.332710016741	0.8	0.277	3.72469577921106e-24
Sult1a1	1.80611565263114e-28	0.910350273426539	0.65	0.155	3.84052432375485e-24
F2r	1.80814957238186e-28	0.882523787464282	0.65	0.15	3.8448492507128e-24
Prkcz	1.86777713185484e-28	0.725398047383203	0.483	0.093	3.97164129317613e-24
Gm28875	2.46195956903943e-28	0.699052822567638	0.433	0.074	5.23511082760545e-24
Mtch1	5.24646515186309e-28	1.36782659735273	0.983	0.646	1.11560834989217e-23
Otud1	7.61819989459512e-28	0.958441965751095	0.483	0.093	1.61993402558671e-23
Piezo2	8.16556348388949e-28	1.05346414945425	0.583	0.135	1.73632541921426e-23
Ston2	9.81327137030131e-28	1.16032199208316	0.617	0.163	2.08669402418087e-23
Sh3bp5	9.84902414756808e-28	1.13419175220504	0.817	0.29	2.09429649473888e-23
Rapgef5	1.45655174465873e-27	1.15239317745054	0.617	0.151	3.09721162984233e-23
Plpp1	1.49210456197152e-27	1.13734173434138	0.767	0.226	3.17281114057624e-23
Tbxa2r	1.83660789087854e-27	0.545682180280133	0.283	0.033	3.90536301916412e-23
Btbd3	2.4545274085866e-27	1.19733651146045	0.633	0.171	5.21930708161855e-23
Gypc	3.88811180314292e-27	0.717948845647041	0.5	0.099	8.2676809382031e-23
Pir	4.11788286275984e-27	0.617778821190549	0.283	0.033	8.75626611937253e-23
Pacsin3	5.24392046610171e-27	0.606228356491571	0.3	0.038	1.11506724791187e-22
Fscn1	6.01357356558517e-27	0.799491679024155	0.55	0.117	1.27872628298603e-22
Fam43a	7.26318490844571e-27	1.14086618899469	0.617	0.153	1.54444363893189e-22
D830026I12Rik	1.00012736195389e-26	0.312543959913479	0.183	0.014	2.12667082245874e-22
Trim62	2.69546358369524e-26	0.378907231803593	0.233	0.023	5.73163376436955e-22
Dennd2a	2.84542857169688e-26	0.677498743523093	0.4	0.066	6.05051931485624e-22
Abhd17b	3.22757563722557e-26	1.35811878173426	0.8	0.319	6.86311683499646e-22
Fmnl2	3.78389396717984e-26	1.23540798761844	0.667	0.198	8.04607213181122e-22
Reep1	4.41602648224664e-26	0.800977516974854	0.3	0.039	9.39023871184926e-22
Cdc42ep5	6.87638850331664e-26	0.874544813678462	0.6	0.148	1.46219525134525e-21
Nrp2	9.78700976160881e-26	1.49532203318326	0.917	0.405	2.0811097557085e-21
Gm17167	1.14239401260868e-25	0.427579052510801	0.283	0.035	2.42918662841109e-21
Zfp423	1.23493904124131e-25	0.32375717610333	0.217	0.021	2.62597437729552e-21
Fermt2	1.87381991462125e-25	0.996770141794865	0.817	0.268	3.98449066645062e-21
Fry	1.96280661857444e-25	1.05859889035584	0.667	0.198	4.17371199373669e-21
Nrcam	2.48767052658374e-25	0.572398391106483	0.283	0.035	5.28978260772767e-21
Stox2	2.77470955296546e-25	0.753492857000372	0.417	0.074	5.90014239342576e-21
Abcg2	2.78553412748115e-25	1.08883547966086	0.633	0.179	5.92315976867593e-21
B130024G19Rik	3.58593883078992e-25	0.361059091024503	0.183	0.015	7.62514032979169e-21
Emp1	3.66431705161169e-25	1.35213865482932	0.8	0.28	7.79180377854711e-21
Tulp4	4.64731946108915e-25	1.34071919604746	0.867	0.428	9.88206010205996e-21
Ets1	4.68222003375234e-25	1.06478298539885	0.883	0.313	9.95627267977097e-21
Osmr	5.32525582458245e-25	0.88564109799622	0.617	0.158	1.13236239853921e-20
Hoxa7	6.75984013156975e-25	0.701618459828165	0.467	0.094	1.43741240557699e-20
Jcad	7.04774321089285e-25	0.625936992037927	0.383	0.064	1.49863211636426e-20
Nfat5	8.71240479052279e-25	1.68772927701604	0.833	0.396	1.85260575465677e-20
Tspan6	8.7462531846516e-25	0.737884148741205	0.433	0.081	1.85980327718432e-20
Epas1	1.15218324029386e-24	1.06464957143248	0.617	0.162	2.45000244216087e-20
Rasgrf2	1.27036672605249e-24	0.61710220581351	0.317	0.045	2.70130780627802e-20
Plxna2	1.28748946401857e-24	0.494528190133656	0.35	0.053	2.73771759628909e-20
Adm	1.84428660224784e-24	1.29424837214282	0.317	0.044	3.9216910310198e-20
Gngt2	1.8723252402663e-24	1.11635279811154	0.883	0.366	3.98131239090227e-20
Kbtbd11	2.06878578965205e-24	0.961095450121487	0.567	0.146	4.39906610311612e-20
Klhl3	4.16634113625229e-24	0.348801845675047	0.217	0.022	8.85930779212688e-20
Cped1	4.32713797008434e-24	0.871031903535567	0.617	0.157	9.20122617958734e-20
Add3	7.59118698344466e-24	1.33584149360744	0.867	0.436	1.61419000015967e-19
Serinc2	8.93873081019476e-24	0.250621478652549	0.167	0.013	1.90073171947981e-19
Nox4	9.7737882659606e-24	0.452169720061604	0.2	0.019	2.07829833687386e-19
Thbd	9.92635710053499e-24	1.25269003188724	0.65	0.194	2.11074057385776e-19
Plpp3	1.13251899532423e-23	0.950563238034637	0.7	0.198	2.40818839165745e-19
Nat8l	1.14697676673256e-23	0.27354916773847	0.15	0.011	2.43893139678013e-19
Nfia	1.23128733348611e-23	1.18168182295871	0.933	0.413	2.61820938592487e-19
Ephx1	1.53851192302901e-23	1.17864020784004	0.683	0.214	3.27149175312888e-19
Klrb1f	1.66472730652987e-23	0.630037492734423	0.3	0.042	3.53987614460511e-19
Fzd4	1.68368632370953e-23	0.78386670429327	0.55	0.133	3.58019059873595e-19
Zbtb20	2.18242110378485e-23	1.33824234998824	0.967	0.524	4.64070023508811e-19
Degs1	2.36110998487721e-23	1.40612280605766	0.883	0.511	5.02066427184291e-19
Plce1	2.6510631061248e-23	0.814152699706971	0.633	0.169	5.63722058886378e-19
Fam57b	2.82255563861681e-23	0.305000946613828	0.183	0.016	6.00188230995479e-19
Bmpr2	3.36384489265713e-23	1.02873814091228	0.9	0.428	7.15287977974612e-19
Eln	3.42599895164377e-23	0.561765279661151	0.5	0.106	7.28504417077531e-19
Srgap3	4.9331589981746e-23	0.61328775618777	0.383	0.068	1.04898692937185e-18
Cavin1	5.4553186372834e-23	1.02472606187085	0.867	0.283	1.16001895503194e-18
Chst15	5.86120042164462e-23	0.951064509584863	0.433	0.09	1.24632565765851e-18
Cyb5r3	8.4563190754333e-23	1.37471688130182	0.9	0.465	1.79815168820014e-18
Ripor3	1.11976760118356e-22	0.291349754151941	0.183	0.017	2.38107382715671e-18
Adgra2	1.37842042854133e-22	0.584871855388246	0.517	0.111	2.93107319925027e-18
Nedd4	1.58146290488834e-22	1.18092115291803	1	0.41	3.36282272095456e-18
Ttyh1	1.74149628883023e-22	0.401638909654595	0.3	0.041	3.70311770856859e-18
Lrrc8a	2.03764262857494e-22	0.912409841084023	0.667	0.216	4.33284328540175e-18
Sncg	2.22076712000377e-22	0.666690005369016	0.3	0.043	4.72223920397602e-18
Synpo	2.54728498955421e-22	0.860397443317876	0.5	0.122	5.41654680178806e-18
Pam	2.74418853313768e-22	1.10487626816134	0.817	0.327	5.83524249686396e-18
Camk2n1	3.77851887134125e-22	0.998344240457622	0.633	0.178	8.03464252802004e-18
Itga1	4.34738677641804e-22	1.08574142943809	0.783	0.292	9.24428324137532e-18
Klf9	5.74145986548512e-22	1.15540073239857	0.867	0.382	1.22086402579676e-17
Aph1b	8.69918769421124e-22	0.77281534746218	0.45	0.101	1.84979527129708e-17
Cald1	1.14045506862155e-21	1.22760447133827	0.9	0.383	2.42506365791687e-17
Scarf1	1.23222177110883e-21	0.420877034252651	0.3	0.045	2.62019637408583e-17
C130074G19Rik	1.76946582758274e-21	0.409012217103941	0.283	0.04	3.76259213577193e-17
Txnip	1.92015111409521e-21	1.4174664933228	1	0.763	4.08300932901205e-17
Cd47	3.04286958207159e-21	1.06790575761759	1	0.912	6.47035787931703e-17
Elk4	3.38260914381174e-21	0.966528255012146	0.717	0.289	7.19278008340127e-17
Postn	3.42399735017546e-21	0.973852428184234	0.433	0.085	7.28078796541309e-17
Ablim2	4.23811193226926e-21	0.488641087451137	0.3	0.046	9.01192121277736e-17
Nckap1	5.54422912192162e-21	0.974263291719715	0.717	0.248	1.17892488048541e-16
Actn1	5.58184894261656e-21	0.918871715376152	0.85	0.331	1.18692435915799e-16
Rhobtb3	5.73829532132561e-21	0.660446260933234	0.433	0.093	1.22019111712668e-16
Unc13b	6.58051625832357e-21	0.51794044223542	0.267	0.037	1.39928097716992e-16
Vtn	6.84942520727357e-21	0.892747408551244	0.167	0.015	1.45646177607465e-16
Fstl1	7.96960058961735e-21	0.946612547396767	0.8	0.276	1.69465586937623e-16
Creb3l2	8.48908012986235e-21	1.01599435771801	0.7	0.264	1.80511799881393e-16
Grasp	9.35977756246747e-21	0.540243233350703	0.383	0.073	1.99026310088308e-16
Ccnd1	9.55474741776493e-21	1.33603116735619	0.733	0.281	2.03172149091353e-16
Tpm4	1.08057206267311e-20	1.25160750180519	0.95	0.728	2.2977284340681e-16
Emid1	1.15499788469016e-20	0.378998020692174	0.25	0.033	2.45598750200515e-16
Adamtsl1	1.28019637370758e-20	0.922274708977342	0.55	0.149	2.72220956905179e-16
Serinc3	1.67334495258097e-20	1.19761526111609	0.983	0.774	3.55820070716817e-16
Sptan1	2.21254903773889e-20	1.18437340391527	0.867	0.515	4.70476427384797e-16
Epb41l2	2.25010690204168e-20	1.03610940349976	0.9	0.517	4.78462731650143e-16
Itga6	2.44828838965108e-20	0.877572611423431	0.667	0.225	5.20604043175406e-16
Map4k2	3.35476415431489e-20	0.674995951526229	0.417	0.091	7.13357049773519e-16
Tcf7l1	5.30389598666648e-20	0.488609418635293	0.367	0.071	1.12782044260476e-15
Plod1	6.04526176770131e-20	1.00774755734524	0.783	0.338	1.28546446228401e-15
4931406P16Rik	6.30276964825435e-20	1.17167678370771	0.75	0.339	1.34022093800481e-15
Lims1	6.61512195568734e-20	1.42407406625054	0.867	0.595	1.40663953265736e-15
Zcchc14	7.36178881821163e-20	1.01669915741813	0.55	0.168	1.56541077430452e-15
Ptch1	8.20942748313368e-20	0.772806732069051	0.517	0.14	1.74565266001355e-15
Gucy1a1	8.83352054413075e-20	0.920637865467831	0.567	0.159	1.87835980850396e-15
Mical2	1.07654076461083e-19	0.879731345475522	0.5	0.136	2.28915628186847e-15
Sash1	1.10400474651055e-19	1.24842702861779	0.833	0.434	2.34755569298002e-15
Mindy2	1.21311834597055e-19	1.11897817407367	0.833	0.451	2.57957485087177e-15
Sntb2	1.2863975968515e-19	1.08199539660409	0.783	0.355	2.73539584994502e-15
Arrb1	1.78633478823881e-19	0.793921099194583	0.633	0.216	3.79846229371101e-15
Myo6	2.04624787022227e-19	0.831026516807604	0.55	0.158	4.35114147124064e-15
Mill2	2.11567842697373e-19	0.53044260803394	0.35	0.066	4.49877860711694e-15
Cavin3	2.39288791320016e-19	0.83564102768579	0.833	0.267	5.08823685862882e-15
Timp2	2.70467688154893e-19	1.24428013097131	0.967	0.647	5.75122492092565e-15
Mfge8	3.17560844902319e-19	0.816818153534325	0.667	0.226	6.75261380600291e-15
Zdhhc2	3.59732649280341e-19	0.640217834245122	0.4	0.086	7.64935505429716e-15
Pdlim3	3.96083493588756e-19	0.766217571863788	0.45	0.109	8.42231940767131e-15
Dst	4.64746725707891e-19	1.08109705505546	0.817	0.375	9.8823743754526e-15
Cda	4.76427208523822e-19	0.300886023173112	0.217	0.027	1.01307481620506e-14
Cdc42bpb	6.2543459331196e-19	0.977837296576629	0.667	0.271	1.32992411921855e-14
Nbea	6.67872027286747e-19	0.59876589070465	0.4	0.089	1.42016307882254e-14
St6galnac3	6.90074101651411e-19	0.571182907146534	0.3	0.05	1.46737356975156e-14
Nhsl2	7.16649218532817e-19	0.766954051545121	0.5	0.135	1.52388289828818e-14
Limch1	7.98933216709866e-19	0.598967570963146	0.483	0.116	1.69885159201186e-14
Plec	8.88797778405829e-19	1.19208954037103	0.833	0.462	1.88993959600216e-14
Igsf3	1.05315205966011e-18	0.550670420091609	0.4	0.087	2.23942253966125e-14
Ptgfrn	1.11291903167248e-18	1.24727004690272	0.567	0.186	2.36651102894836e-14
Nid1	1.28939181275947e-18	0.61131980025667	0.667	0.206	2.74176275065174e-14
Ctdspl	3.23976748951915e-18	0.973878808842336	0.633	0.22	6.88904158971351e-14
Pitpnc1	3.50675808461001e-18	1.05984991152021	0.717	0.307	7.45677039111473e-14
Tmtc1	3.51919248403066e-18	0.736056252275723	0.417	0.1	7.4832108980428e-14
Snrk	4.29565600902977e-18	0.914940405077729	0.667	0.268	9.13428293760089e-14
Itgb3	4.72432830950524e-18	0.606689597950623	0.417	0.101	1.00458117173319e-13
Micall1	4.97572195522889e-18	0.679678607022113	0.433	0.109	1.05803751655987e-13
Tpcn1	7.03860067699993e-18	0.957594061383895	0.583	0.205	1.49668804795727e-13
1700020I14Rik	7.43937068860529e-18	1.01485743662461	0.817	0.419	1.58190778322503e-13
App	7.76774438618788e-18	0.863569676303869	1	0.87	1.65173316627899e-13
Triobp	8.75460273977129e-18	0.838043558423794	0.667	0.285	1.86157872658497e-13
Ripor1	1.04563749964825e-17	0.842024124713005	0.517	0.158	2.22344357925204e-13
Csgalnact1	1.24069619327004e-17	0.359188539196657	0.25	0.038	2.6382163853694e-13
Ptprm	1.61910416478833e-17	0.382378438024471	0.3	0.052	3.4428630960059e-13
Npdc1	1.62750050078284e-17	0.781757347168831	0.733	0.25	3.46071706486464e-13
Lrrc58	1.63428311973135e-17	1.20629957486467	0.817	0.531	3.47513962579673e-13
Parva	1.70927777645891e-17	0.786725879457076	0.667	0.225	3.63460826386223e-13
Wipi1	2.20303624607521e-17	0.843147680346513	0.55	0.183	4.68453627365433e-13
Sh3glb2	2.31644395888756e-17	1.14835115659474	0.633	0.26	4.92568643417851e-13
Zeb1	3.1121161711296e-17	0.855332213997604	0.633	0.231	6.61760382628997e-13
Mylk	3.15957196181147e-17	0.672168240537654	0.7	0.251	6.71851381959591e-13
Dab2ip	3.65128922860699e-17	0.830233083557787	0.583	0.194	7.76410141570991e-13
Tanc2	3.91196741594617e-17	1.11995173181358	0.583	0.204	8.31840751326793e-13
Hjurp	3.92473530593397e-17	1.04769690641461	0.633	0.262	8.34555715453799e-13
Esyt2	4.08967245940118e-17	1.01707060608058	0.767	0.388	8.69627951767067e-13
Tfpi2	4.86196758148171e-17	0.265603682393218	0.167	0.019	1.03384878652627e-12
Ccdc85b	6.3389328529431e-17	0.969636289448705	0.817	0.444	1.34791068184982e-12
Abca1	7.02529112194048e-17	1.17231656562452	0.867	0.487	1.49385790416942e-12
Dpysl3	8.88994040094718e-17	0.933356999783446	0.533	0.165	1.89035692685741e-12
Zbtb4	9.10101354055834e-17	0.879822541923496	0.667	0.261	1.93523951926432e-12
Gnb1	9.93451572569441e-17	0.900375357778926	0.983	0.869	2.11247542391166e-12
Smagp	1.1217257796092e-16	0.908513508487544	0.567	0.188	2.38523769776101e-12
Mbd2	1.23877789921646e-16	0.838594488000251	0.967	0.704	2.63413732489387e-12
Nexn	1.28721083905498e-16	0.481348226191247	0.35	0.072	2.73712512816651e-12
Cpne2	1.34622862156911e-16	0.91624414694013	0.7	0.302	2.86262054090456e-12
Macf1	1.39954802163638e-16	1.16449598861804	0.9	0.707	2.97599891320761e-12
Trp53i11	1.64670601482076e-16	0.721824848384127	0.417	0.103	3.50155566991486e-12
Ppp2r5a	1.65806729939361e-16	1.15417852406234	0.867	0.585	3.52571430543057e-12
Psen2	1.91099635357888e-16	0.937052193778956	0.667	0.307	4.06354264625014e-12
Jmy	2.20099707558628e-16	0.844908498014444	0.55	0.188	4.68020018152667e-12
Foxp1	2.55429674697216e-16	1.10754246225195	0.883	0.62	5.43145660276161e-12
Lysmd2	3.4998542266504e-16	0.657303423392387	0.483	0.137	7.4420900275494e-12
Foxo1	3.81056205723055e-16	0.793198693348177	0.65	0.265	8.10277915849504e-12
Smad5	3.87158327982162e-16	0.972731904126481	0.617	0.25	8.2325346862127e-12
Gjc2	4.84326235076643e-16	0.287161640985274	0.2	0.027	1.02987130626697e-11
Actn4	4.97876295731935e-16	1.05677413365608	0.883	0.626	1.05868415524439e-11
Cpd	5.58245726493322e-16	1.0203404338142	0.733	0.351	1.1870537128154e-11
Arhgef12	6.12892994586031e-16	0.647368157587854	0.85	0.372	1.30325566368774e-11
Tgfbr3	7.54208314510161e-16	0.919833194628108	0.617	0.219	1.60374855997441e-11
Slc43a3	7.84940915607873e-16	0.969288488853244	0.617	0.23	1.66909836294858e-11
Ugcg	8.8913954670828e-16	1.12665598894289	0.75	0.393	1.89066633212049e-11
Hoxd4	9.84627052778699e-16	0.258745314253472	0.183	0.024	2.09371096502862e-11
Pkp4	1.02657745026542e-15	0.796311428114943	0.45	0.127	2.1829142902444e-11
Wnk1	1.07038478820895e-15	1.05281293900639	0.967	0.806	2.27606621364752e-11
Ppm1f	1.18432875918292e-15	0.625235777234833	0.35	0.082	2.51835667352655e-11
Nmb	1.37420878372749e-15	0.374877339044951	0.25	0.042	2.92211755771813e-11
Map3k1	1.4598520688527e-15	1.01641730411132	0.733	0.394	3.10422943920838e-11
Myh9	1.67384409348211e-15	1.07426412254393	0.95	0.834	3.55926208038036e-11
Col4a2	1.78808394651439e-15	0.849229245497268	0.65	0.238	3.80218170386821e-11
Ptms	1.87827872601732e-15	0.944852795979205	0.967	0.808	3.99397188300322e-11
Kdelc2	2.04894105127624e-15	0.645142947713373	0.55	0.185	4.35686825143379e-11
Gja1	2.09448156817032e-15	0.797378114157372	0.75	0.322	4.45370560655737e-11
Dock1	2.29462268382473e-15	0.832270726866133	0.633	0.265	4.87928567488490e-11
Cd151	2.3195619923808e-15	0.805755359787589	0.817	0.372	4.93231662059853e-11
Grk5	2.57951022080045e-15	0.608221402786314	0.433	0.122	5.48507053351009e-11
Stt3b	3.28911459642555e-15	1.01947995542336	0.767	0.432	6.99397327783928e-11
Sdc1	3.40827629226359e-15	0.541817112647849	0.333	0.075	7.2473587078693e-11
Selenom	3.6243994443192e-15	0.77117058822841	0.917	0.446	7.70692297840036e-11
Rarb	3.67879327312968e-15	0.485768831756508	0.283	0.056	7.82258601598295e-11
Adcy4	3.71463835264979e-15	0.301776332423228	0.2	0.029	7.89880699307451e-11
Gnai2	4.39122673376898e-15	0.762353672150376	1	0.981	9.33750452668636e-11
Qk	4.39411885427427e-15	0.867434608121267	1	0.776	9.34365433172882e-11
Rock2	4.39677319810671e-15	1.04852576844846	0.867	0.681	9.3492985284541e-11
Vldlr	4.69838077408134e-15	0.613639488681039	0.267	0.049	9.99063687800655e-11
Olfr1372-ps1	4.93589807833799e-15	0.755987821629805	0.283	0.058	1.04956936737779e-10
Ahnak	5.48779094488013e-15	1.02123477610293	0.983	0.859	1.16692386651931e-10
Dusp3	7.03336164200352e-15	1.17107348729113	0.783	0.543	1.49557401955563e-10
Rras	7.36425229617009e-15	1.11988251563572	0.767	0.43	1.56593460825761e-10
Gimap1	7.62590038107591e-15	0.573404538126005	0.583	0.185	1.62157145703198e-10
Fhl1	8.65869324598179e-15	0.76758414271604	0.467	0.141	1.84118453182557e-10
Atp8a2	9.17878388498742e-15	0.305091511978861	0.133	0.014	1.95177660530373e-10
Exoc3l4	9.23055206642564e-15	0.420510948184578	0.267	0.05	1.96278459140475e-10
Npr2	1.20775905688107e-14	0.371069892240421	0.233	0.039	2.56817885855191e-10
Reep3	1.46455394664667e-14	0.871894909463181	0.9	0.7	3.11422751214948e-10
Sh3tc1	1.48793624801969e-14	0.586572347448456	0.383	0.103	3.16394763778906e-10
Adam10	1.49287256634531e-14	1.01091502682351	0.867	0.617	3.17444422507666e-10
Gimap4	2.07552521953199e-14	0.570485239329436	0.567	0.179	4.41339682681282e-10
Stap2	2.46121052425668e-14	0.364839525678276	0.3	0.064	5.23351805877941e-10
Dennd4a	3.3243588330307e-14	1.02071452787188	0.7	0.345	7.06891662255649e-10
Foxp2	4.57954030582623e-14	0.752023213163277	0.35	0.086	9.73793450630889e-10
Hmgb1	4.91463103905362e-14	0.657831279652255	0.983	0.933	1.04504714414436e-09
Gm17197	5.57861922358403e-14	0.267065228572823	0.117	0.012	1.18623759170291e-09
Tbc1d4	6.31265549245776e-14	0.699581920517851	0.467	0.153	1.34232306391622e-09
Gm11837	6.80625472514258e-14	0.574405922767433	0.25	0.049	1.44728200475432e-09
Epn2	7.17734963174533e-14	0.511820415697373	0.5	0.162	1.52619162569433e-09
Npr1	7.43205419655345e-14	0.551189371144629	0.483	0.156	1.58035200435513e-09
Mtus1	7.73943152377644e-14	0.860750456145069	0.6	0.263	1.64571271921582e-09
P3h3	8.53639267972387e-14	0.633594419358734	0.4	0.11	1.81517853941648e-09
Grap	1.00723043134417e-13	0.619767365456065	0.467	0.142	2.14177478921024e-09
Elovl5	1.2342081538474e-13	0.612738203222809	0.633	0.268	2.62442021834111e-09
Plscr4	1.23712903092298e-13	0.662987544234345	0.5	0.173	2.63063117135463e-09
Rgs16	1.24679798610909e-13	0.761831834276232	0.283	0.059	2.65119123766236e-09
Slc10a6	1.36799338843563e-13	0.424147808444941	0.2	0.032	2.90890114116952e-09
Ccdc141	1.60877473698849e-13	0.427620943806193	0.217	0.037	3.42089860073233e-09
1700025G04Rik	1.69333914161686e-13	0.848523996346522	0.6	0.262	3.60071635073409e-09
Hoxd3os1	1.75398407482822e-13	0.344194765093048	0.217	0.038	3.72967173671473e-09
Rgs3	1.78364156359436e-13	0.691590926296442	0.533	0.193	3.79273542082704e-09
Susd4	1.89873430720541e-13	0.308037838757475	0.183	0.028	4.03746863084159e-09
Comt	2.05365017007853e-13	0.805974666889511	0.85	0.646	4.36688172165498e-09
Hey1	2.26815136913246e-13	0.277445916771237	0.15	0.019	4.82299707132325e-09
Plcd3	2.27112451718672e-13	0.290843587807721	0.167	0.023	4.82931917334584e-09
Cbfa2t3	2.2982394897923e-13	0.83181315396182	0.667	0.306	4.88697645109434e-09
Hes1	2.3648138670402e-13	0.967277946275556	0.583	0.219	5.02854020687427e-09
Plekha4	2.38494988996798e-13	0.258783669473375	0.217	0.037	5.07135744602792e-09
Homer3	2.40449067253985e-13	0.541059121978583	0.4	0.12	5.11290896608873e-09
Pea15a	2.77430734448468e-13	0.851685881151204	0.833	0.475	5.89928713731222e-09
Stxbp1	3.08677700507166e-13	0.57129306792216	0.417	0.126	6.56372262358437e-09
Stxbp6	3.15378509843723e-13	0.788967388668188	0.517	0.197	6.70620863331693e-09
Id1	3.65178975026302e-13	0.730071791039556	0.417	0.127	7.76516572495928e-09
Ctnnb1	3.95333810273585e-13	0.987817819461038	0.867	0.689	8.40637814165751e-09
Chp2	4.01383773376537e-13	0.575327167359377	0.333	0.081	8.53502455707867e-09
Ackr3	4.05025024889227e-13	0.679879687194448	0.4	0.115	8.61245212924452e-09
A4galt	4.71188617444858e-13	0.401332105682171	0.217	0.039	1.00193547613475e-08
Sbds	5.29225604818479e-13	0.935491032499476	0.733	0.463	1.12534532608601e-08
Hdac7	5.2933878573522e-13	0.590170990914185	0.517	0.184	1.12558599398737e-08
Syne3	5.29734038197737e-13	0.454808479648072	0.267	0.057	1.12642645882367e-08
Tspan5	5.58965385611538e-13	0.688035329795023	0.5	0.186	1.18858399596438e-08
Ptpn3	6.15962593334549e-13	0.469359871702757	0.267	0.058	1.30978285846658e-08
Sypl	8.52843533026348e-13	0.732017195181005	0.85	0.541	1.81348648862723e-08
Plvap	9.41986289019992e-13	0.799298623902505	0.317	0.078	2.00303964497211e-08
Impad1	9.68436537766032e-13	0.717623705591656	0.683	0.363	2.05928345390569e-08
Arhgap31	1.01169174670459e-12	0.764276318386553	0.75	0.418	2.15126133019263e-08
Selenop	1.12131763709485e-12	0.92067854234296	1	0.796	2.38436982351848e-08
Sec62	1.13301058469891e-12	0.668448295921118	1	0.831	2.40923370730377e-08
Laptm4a	1.20660968120266e-12	0.713067138955553	0.983	0.834	2.56573482610934e-08
Myl12a	1.28106994018974e-12	0.767989996666316	0.967	0.852	2.72406712081947e-08
Ttpal	1.415779461533e-12	0.676139075620609	0.383	0.116	3.01051344700378e-08
5033406O09Rik	1.53398277466152e-12	0.28161014088429	0.2	0.035	3.26186097204025e-08
Eva1b	1.58684510469612e-12	0.794789277220325	0.7	0.354	3.37426743062583e-08
Stard10	1.66925733879742e-12	0.598645075963582	0.433	0.139	3.54950880521883e-08
Ppia	2.00558911437126e-12	0.622781377941261	1	0.994	4.26468469279905e-08
Mest	2.01352731139168e-12	0.253691960705315	0.233	0.044	4.28156447494326e-08
Tspan4	2.0873366832073e-12	0.826212256689362	0.683	0.336	4.438512723172e-08
Card10	2.36159798118424e-12	0.405647277427154	0.267	0.059	5.02170194719017e-08
Fam102b	2.49715577743267e-12	0.949975685237759	0.683	0.355	5.30995204513284e-08
Shc1	2.73681769676866e-12	0.800173702128513	0.617	0.304	5.81956915040888e-08
Tcn2	2.86632019819146e-12	0.895480852408825	0.733	0.419	6.09494326943432e-08
Vsig10	2.96749488757188e-12	0.452118415857758	0.317	0.081	6.31008112893285e-08
Cpne8	4.79740559464685e-12	0.578487702598407	0.483	0.174	1.02012032564571e-07
Sgip1	5.0316878483545e-12	0.271384586641375	0.2	0.035	1.0699381040741e-07
Ybx3	5.79582685073254e-12	0.721090413392453	0.867	0.62	1.23242462153977e-07
Rbpms	6.20450775001447e-12	0.540202711296909	0.833	0.447	1.31932652796308e-07
Lrrn4cl	6.24396518947851e-12	0.518966565988387	0.3	0.076	1.32771675789071e-07
Cd200	6.61194599150097e-12	0.555134148007583	0.65	0.237	1.40596419563277e-07
Sord	7.16921982517946e-12	0.599679086152223	0.467	0.17	1.52446290362616e-07
Map3k20	8.08152344206314e-12	0.649161065115245	0.5	0.191	1.71845514472031e-07
Filip1	8.28439498573673e-12	0.511767761414252	0.367	0.107	1.76159374976706e-07
Chrm3	8.3138168665168e-12	0.307481443715823	0.133	0.017	1.76785001849613e-07
Csrp2	9.0175288913939e-12	0.443409941886956	0.717	0.291	1.917487343466e-07
Rab13	9.33032139190698e-12	0.521283149897227	0.433	0.149	1.9839995407751e-07
Vim	1.00596524666893e-11	0.916052123087785	1	0.891	2.13908450051682e-07
Il6st	1.0174190592742e-11	0.683202251869617	0.933	0.549	2.16343988764067e-07
Trib2	1.27239175265592e-11	0.471632815890211	0.283	0.068	2.70561382284754e-07
Acsf2	1.45472637537848e-11	0.552326113879815	0.267	0.062	3.09333016460479e-07
Plscr3	1.61209205472171e-11	0.724912641208681	0.567	0.271	3.42795254516024e-07
Enho	1.64881971101554e-11	0.42479399806425	0.3	0.074	3.50605023350344e-07
Itga9	1.67259494991815e-11	0.711505134101232	0.5	0.194	3.55660590150595e-07
Jade1	1.85205099994917e-11	0.622412465466023	0.533	0.218	3.93820124629191e-07
Capn2	1.85284871135946e-11	0.798044864553764	0.683	0.399	3.93989749983475e-07
Gpr146	1.86434666045419e-11	0.731808674012916	0.7	0.377	3.96434673878979e-07
Hspg2	2.00521400322523e-11	0.50151198873682	0.55	0.208	4.26388705645813e-07
Cep85l	2.01129556429657e-11	0.65669174770503	0.417	0.139	4.27681888792022e-07
Prkch	2.06819742376367e-11	0.607258461828744	0.467	0.166	4.39781500189108e-07
Rasgrp3	2.07682547102881e-11	0.633882560152757	0.45	0.156	4.41616168159567e-07
Nos3	2.33384626485476e-11	0.251909790751657	0.167	0.027	4.96269069758716e-07
Klf7	2.51819736814023e-11	0.777907751081209	0.75	0.455	5.35469488361339e-07
Zfpm2	2.70561148403505e-11	0.50253088112208	0.333	0.093	5.75321225965213e-07
Cds2	2.97210668031297e-11	0.664143614245087	0.55	0.245	6.31988764501749e-07
Tsc22d1	3.02432338556813e-11	1.10373910548354	0.733	0.352	6.43092124707207e-07
Phldb2	3.15007454914977e-11	0.554058915772757	0.35	0.102	6.69831852131207e-07
Grb10	3.21932752651403e-11	0.552067680322983	0.467	0.167	6.84557805237943e-07
Cers4	3.76023946266693e-11	0.798299910701274	0.533	0.231	7.99577319341497e-07
Myo7a	4.15574776632035e-11	0.438291779562915	0.383	0.12	8.83678205030359e-07
Serinc1	4.54107931513939e-11	0.744991135053612	0.933	0.672	9.65615105571239e-07
Map1lc3b	4.64697325853733e-11	0.715483575917164	0.95	0.865	9.88132393695379e-07
Spsb1	4.75557240679184e-11	0.885318970897229	0.467	0.181	1.01122491658022e-06
Sept10	5.05168237759195e-11	0.568544484685689	0.45	0.167	1.07418974077115e-06
Sgk1	5.09488569347104e-11	0.668386991377091	0.617	0.276	1.08337649385968e-06
Galnt1	5.41158235571198e-11	0.820056173543253	0.783	0.566	1.1507188721186e-06
Itpr1	5.58272519717055e-11	0.813407342338144	0.617	0.319	1.18711068592635e-06
Sigirr	5.83559873309176e-11	0.314220643123069	0.283	0.07	1.24088171460463e-06
Mpzl1	7.07919782915967e-11	0.416763535334157	0.333	0.095	1.50532062639251e-06
Slc25a4	7.14939984740405e-11	0.775878752003746	0.933	0.755	1.520248383552e-06
Flywch2	7.23505033479775e-11	0.405207429276877	0.283	0.073	1.53846110319139e-06
S100a11	7.51461470979086e-11	0.879474179039083	1	0.815	1.59790767188993e-06
Ifitm3	7.75917614214714e-11	0.70116920709213	1	0.925	1.64991121486617e-06
Tpst2	7.82382962252131e-11	0.869737955488367	0.683	0.403	1.66365913093293e-06
Tnfrsf10b	9.45414371155595e-11	0.343487631293223	0.233	0.052	2.01032911882526e-06
Tead1	9.81922463051549e-11	0.562132450429052	0.517	0.197	2.08795992543281e-06
Taok2	1.01578047274867e-10	0.616398308401107	0.533	0.242	2.15995559725277e-06
Nr3c1	1.17545577960422e-10	0.932130428870085	0.8	0.593	2.49948916975042e-06
Aig1	1.19543904333245e-10	0.709901420608653	0.633	0.316	2.54198158174213e-06
Ginm1	1.21054559779186e-10	0.712860069077736	0.65	0.351	2.57410415914461e-06
Pink1	1.22295220361667e-10	0.656370950778974	0.533	0.226	2.60048556577049e-06
Tfeb	1.31696608160516e-10	0.533642355888787	0.4	0.142	2.80039667592521e-06
Scd2	1.42556609274362e-10	0.682021171467948	0.7	0.378	3.03132373961003e-06
Mpdz	1.47948619337183e-10	0.555034459275546	0.45	0.163	3.14597944158587e-06
Synm	1.5707126186659e-10	0.722480306243776	0.383	0.127	3.33996331233118e-06
Thra	1.60913297746761e-10	0.686686657369269	0.633	0.303	3.42166036328713e-06
Emilin1	1.71730453551432e-10	0.582639051057464	0.55	0.24	3.65167636431766e-06
Adamts5	1.76532982145989e-10	0.396623184946424	0.283	0.071	3.75379733235231e-06
Fam124a	2.03026158595676e-10	0.286729047369172	0.183	0.034	4.31714823637846e-06
Itgb1	2.1148070375527e-10	0.764770434850901	0.983	0.893	4.49692568465207e-06
2810025M15Rik	2.17076808977922e-10	0.567474752238486	0.5	0.21	4.61592126610654e-06
Aaed1	2.19713206576797e-10	0.782147357999684	0.567	0.275	4.67198162464902e-06
Twsg1	2.30534532065301e-10	0.580000535441802	0.583	0.254	4.90208628983655e-06
Tax1bp3	2.47841910684447e-10	0.659614308514588	0.683	0.391	5.27011038879408e-06
Atp11c	2.61698570238186e-10	0.683391790101535	0.4	0.143	5.56475839754479e-06
Cd55	2.8680488158878e-10	0.575214692739056	0.517	0.183	6.09861900210382e-06
Prkar1a	2.98670560754464e-10	0.725302201274597	0.9	0.789	6.35093080388292e-06
Marcks	3.23383147140462e-10	0.628294410288912	1	0.785	6.87641924079478e-06
Cyb5a	3.31857618486575e-10	0.669320061287388	0.933	0.686	7.05662039949852e-06
Fth1	3.38839813333969e-10	0.254647000566944	1	0.999	7.20508979073351e-06
Cast	3.60973855802779e-10	0.702629618287816	0.85	0.625	7.6757480697903e-06
Dpysl2	3.65450571670226e-10	0.868369711349029	0.833	0.61	7.77094095599569e-06
Cd63	3.72179652674289e-10	0.624772488040168	0.933	0.619	7.91402813446608e-06
Atp9a	4.19942590745259e-10	0.505144469440895	0.433	0.159	8.92965924960718e-06
Bmi1	4.41300166338047e-10	0.508548352637537	0.417	0.154	9.38380673701223e-06
Parvb	4.70627007213611e-10	0.639627564341495	0.45	0.183	1.00074126813902e-05
Abhd14b	4.83903412730868e-10	0.332782589094244	0.267	0.067	1.02897221683092e-05
Mgat4b	5.48218728236826e-10	0.756413303377535	0.533	0.269	1.16573230372279e-05
Cmtm8	5.63871672457342e-10	0.299211185807041	0.217	0.047	1.19901672431329e-05
Snn	5.71030205860817e-10	0.337924035578711	0.233	0.053	1.21423862974244e-05
Mtmr12	6.16500389244479e-10	0.538174645166525	0.417	0.157	1.31092642768946e-05
Ktn1	6.42072734598961e-10	0.665364953210604	0.833	0.53	1.36530346285123e-05
Sept11	7.35285982325449e-10	0.69206942335232	0.733	0.434	1.56351211281683e-05
Rab5b	7.52471522221345e-10	0.675925882922065	0.6	0.328	1.60005544485147e-05
Hipk1	7.83755525582864e-10	0.638898273196009	0.767	0.49	1.6665777495994e-05
Slc31a2	8.06750941863974e-10	0.608966775429362	0.7	0.392	1.71547520277956e-05
Tspan13	8.41700979874177e-10	0.636151458895504	0.733	0.427	1.78979296360445e-05
Peg13	1.00468710029031e-09	0.523685579277016	0.367	0.123	2.13636665005732e-05
Mknk2	1.00673793392979e-09	0.632994206094798	0.683	0.419	2.1407275427083e-05
Nfatc1	1.04152080189462e-09	0.609582012956252	0.567	0.266	2.21468983314873e-05
Wwc2	1.14695991039642e-09	0.718506720940959	0.567	0.285	2.43889555346695e-05
Gkap1	1.16094746925649e-09	0.552417353494941	0.583	0.278	2.468638698627e-05
Etnk1	1.18756389789882e-09	0.634421647331955	0.717	0.413	2.52523587249205e-05
Chmp3	1.39317818413177e-09	0.602812033040131	0.8	0.597	2.96245409073779e-05
Pgm2	1.43482667134743e-09	0.529433901872745	0.483	0.212	3.05101543395318e-05
Oaz2	1.44589593334241e-09	0.669331585811118	0.55	0.278	3.0745531126593e-05
Rsu1	1.55136310403296e-09	0.723038303581759	0.783	0.579	3.29881850441569e-05
Klf10	1.64680888856028e-09	0.635448595727935	0.55	0.272	3.50177442063457e-05
C77080	1.79937968231154e-09	0.425614125334519	0.283	0.082	3.82620095646726e-05
Ift43	1.95713917344412e-09	0.662892716826875	0.467	0.201	4.16166073841157e-05
Klhl36	1.99218953678159e-09	0.385603438075966	0.3	0.089	4.23619183101236e-05
Ifi27	2.03998224299649e-09	0.605582275183831	0.833	0.567	4.33781824150773e-05
Sh3glb1	2.16579565917069e-09	0.52491056029022	0.95	0.917	4.60534788966056e-05
Serpinb6b	2.22617557528404e-09	0.795139693245053	0.567	0.229	4.73373974328399e-05
Nck1	2.32559537171805e-09	0.68381334978769	0.667	0.424	4.94514599842126e-05
Rdx	2.4235418483459e-09	0.780830427207949	0.833	0.671	5.15341938632273e-05
2010111I01Rik	2.49280862808109e-09	0.631889937845118	0.65	0.326	5.30070826675163e-05
Gls	2.5275767753982e-09	0.735891734477761	0.817	0.597	5.37463925520673e-05
Hspa12a	2.65082359102569e-09	0.482181238083892	0.35	0.118	5.63671128395703e-05
Rps21	2.89495295489311e-09	0.419512471650912	1	0.997	6.1558279632847e-05
Glud1	2.92529155878347e-09	0.858784451130456	0.867	0.75	6.22033997059717e-05
Cgnl1	3.11928959364519e-09	0.660873923026634	0.417	0.161	6.63285739192713e-05
Rnase4	3.15631158739973e-09	0.594362926521436	0.933	0.568	6.71158095944678e-05
Hoxb7	3.40998412935832e-09	0.396542584733434	0.317	0.098	7.25099025266753e-05
Cnrip1	3.56895698749451e-09	0.512647579670106	0.35	0.117	7.58903013820832e-05
Hook3	3.93457013343414e-09	0.627987931244469	0.817	0.569	8.36646993173436e-05
Flnb	4.31397113914946e-09	0.594555221598997	0.483	0.211	9.17322823028741e-05
Fgd6	4.6347159993742e-09	0.363599904112525	0.317	0.1	9.8552601010693e-05
Git1	5.31383927137201e-09	0.56172918845378	0.467	0.207	0.000112993478266454
Pgrmc1	5.34043009928689e-09	0.628670002349113	0.683	0.395	0.000113558905631236
Pacsin2	5.34455465870941e-09	0.65448099224228	0.733	0.514	0.000113646610262797
Sptssa	5.39755824634736e-09	0.673183420669922	0.8	0.598	0.00011477367855033
Sptlc2	5.52149151327435e-09	0.915327135567795	0.717	0.498	0.000117408995538266
2510009E07Rik	5.87491003679611e-09	0.618024750698707	0.467	0.207	0.000124924087022433
Kcnj8	6.0759305191317e-09	0.554004600151515	0.35	0.116	0.000129198586558817
Hmgb3	6.47269832713636e-09	0.458876334560476	0.35	0.122	0.000137635457228228
Lhfpl2	6.83954176128227e-09	0.436392865064445	0.35	0.117	0.000145436016011906
Fbln7	6.91189614884081e-09	0.304860327478652	0.183	0.038	0.000146974559708951
Pparg	7.44522297514819e-09	0.27887291404461	0.2	0.045	0.000158315221343551
Tnfsf10	7.59003699931136e-09	0.380368797485545	0.3	0.09	0.000161394546753357
Rab11fip5	7.64282586159602e-09	0.679587709998662	0.517	0.245	0.000162517049120978
Vegfb	8.06801776097668e-09	0.441583005436093	0.517	0.233	0.000171558329669408
Kcnk5	8.06859166601888e-09	0.439127126006311	0.217	0.054	0.000171570533186226
Hdgfl3	8.47574553209717e-09	0.53758844588386	0.417	0.169	0.000180228252994514
Add1	8.83790391261234e-09	0.686295313032154	0.733	0.507	0.000187929188797789
4930402H24Rik	8.87292853882522e-09	0.675774629983241	0.467	0.204	0.00018867395244958
Bsg	9.42362798431713e-09	0.425955909869287	0.983	0.866	0.000200384025458519
Tprgl	9.64142156254983e-09	0.667953206871884	0.75	0.522	0.00020501518810606
Cd24a	1.03627358389122e-08	0.978731974866246	0.467	0.205	0.000220353214878629
Uaca	1.0431630784021e-08	0.493768838821322	0.333	0.113	0.000221818196991423
Lrrfip1	1.08223136270096e-08	0.651500946091684	0.767	0.529	0.000230125676964731
Pkig	1.12191956773514e-08	0.664377086648188	0.6	0.368	0.0002385649768832
Pla2g12a	1.14370597531953e-08	0.462210371997151	0.45	0.193	0.000243197638591946
Xiap	1.17726985042417e-08	0.653452754094433	0.75	0.583	0.000250334660994195
CT010467.1	1.18284696786462e-08	1.25833980249796	0.75	0.524	0.000251520579246733
Tbkbp1	1.18597208909417e-08	0.361486364808412	0.3	0.094	0.000252185105024985
Gramd1a	1.19834905482861e-08	0.553068908843911	0.5	0.24	0.000254816943018757
Ppp3ca	1.20232715228635e-08	0.69216113729768	0.85	0.679	0.00025566284566217
Zfp260	1.20752489199903e-08	0.572711372822269	0.55	0.287	0.000256768093034674
Dusp2	1.3138374415768e-08	0.505861368176899	0.5	0.205	0.000279374393576891
Bcar1	1.37785849221021e-08	0.552152664317306	0.283	0.089	0.00029298782978358
Vezf1	1.37847762492067e-08	0.685069431791258	0.667	0.405	0.000293119482163132
Rbms1	1.39198230877115e-08	0.561698792786139	0.967	0.803	0.000295991118137098
Ralgapa2	1.41138894429897e-08	0.592086840719215	0.317	0.11	0.000300117745115732
Pip5k1c	1.43773555581619e-08	0.562935675502205	0.567	0.299	0.000305720088588755
Chrnb1	1.53338296463145e-08	0.387508914639666	0.233	0.063	0.000326058553599232
mt-Rnr2	1.7142327330516e-08	0.825381136238385	0.967	0.739	0.000364514448356093
Hs3st1	1.77638015159319e-08	0.51300421650539	0.35	0.125	0.000377729475434775
Clec14a	1.80738541723283e-08	0.294848549837551	0.217	0.054	0.000384322435120388
Gm5914	1.87586002241144e-08	0.348193579771781	0.183	0.041	0.00039888287516557
Maf	1.98414766113476e-08	0.686346810413125	0.933	0.701	0.000421909158663696
Pcmtd1	2.01799170676372e-08	0.646945113116346	0.7	0.458	0.000429105756526237
Wars	2.11691974681173e-08	0.594444233391126	0.55	0.301	0.000450141814962046
Calu	2.27574746132378e-08	0.671044644781392	0.733	0.501	0.000483914940175888
Plxna4	2.32235672321605e-08	0.591501350277714	0.517	0.224	0.000493825933624662
Hdac1	2.33955005235376e-08	0.528082539971017	0.717	0.472	0.000497481923132503
Fundc2	2.41150629902329e-08	0.704406731120734	0.767	0.578	0.000512782699424312
Tnfrsf11a	2.42234412653519e-08	0.519896020034101	0.467	0.207	0.000515087255066443
Pcdhb17	2.81047324830509e-08	0.29698376887729	0.117	0.019	0.000597619031519595
Gimap5	2.8901318998233e-08	0.372863744792266	0.383	0.136	0.000614557647178427
Elmo1	2.98383267886308e-08	0.62716181753743	0.55	0.3	0.000634482180833446
Ezh1	3.21060424952932e-08	0.604250266408736	0.55	0.287	0.000682702887619915
Prkd2	3.43154556175338e-08	0.393206576021799	0.3	0.1	0.000729683848251239
Sgk3	3.50745198809753e-08	0.584509690649437	0.617	0.371	0.000745824590749059
B230219D22Rik	3.53647987764177e-08	0.634279059073239	0.817	0.636	0.000751997081181745
Arhgef40	3.75699159763174e-08	0.446803893970257	0.333	0.119	0.000798886693320412
Pdia5	3.82793151969912e-08	0.293275168011398	0.25	0.073	0.000813971358348822
Rnf7	3.83947001156521e-08	0.665529316831131	0.783	0.668	0.000816424903259225
Cyb561	3.86139519808011e-08	0.322755710800097	0.267	0.082	0.000821087074919754
Slco2b1	4.19693773415008e-08	0.653423857916237	0.467	0.198	0.000892436839789674
Cfl2	4.42945509532579e-08	0.475795529350868	0.7	0.41	0.000941879331470076
Selenof	4.45305689916995e-08	0.542039163556274	0.983	0.858	0.000946898019039499
Phc2	5.45765546604708e-08	0.706195610691975	0.567	0.357	0.00116051585830025
Ttc28	5.5049993328706e-08	0.582441934392904	0.517	0.247	0.0011705830581416
Celsr1	5.97886699841931e-08	0.382105857953317	0.183	0.045	0.00127134627854388
Anxa7	6.38769035985754e-08	0.605650751176251	0.65	0.413	0.00135827847812011
Pkd1	7.18552305583538e-08	0.555041715825848	0.45	0.207	0.00152792962259284
Sh3pxd2a	7.73191734260261e-08	0.461645471959507	0.433	0.187	0.00164411490373102
Pdlim1	8.29984864236778e-08	0.597720102497976	0.633	0.35	0.00176487981531309
Lamb2	8.31506290275386e-08	0.407676894602136	0.417	0.169	0.00176811497564158
Aqp1	8.49039695337434e-08	1.10745001451322	0.283	0.092	0.00180539800816552
Rassf3	8.95254030306394e-08	0.54877930045427	0.5	0.257	0.00190366817004352
Tubb5	1.02928333758813e-07	0.522226328627977	0.933	0.801	0.00218866808904739
Chmp2b	1.02968914093545e-07	0.565065703934451	0.6	0.392	0.00218953098928514
Rnf144a	1.0676055788912e-07	0.341593115206642	0.25	0.074	0.00227015650295425
Stard13	1.09006658080061e-07	0.49253061421811	0.317	0.112	0.00231791757741442
Prkag2	1.10569233234782e-07	0.397242063360408	0.35	0.137	0.00235114417550441
Mboat1	1.12597028122818e-07	0.357485367013539	0.217	0.061	0.00239426320600361
Ywhab	1.15910371675734e-07	0.534319566369236	0.933	0.88	0.0024647181433128
Flywch1	1.16720965259323e-07	0.471407704252697	0.417	0.181	0.00248195460527425
Myo1c	1.19168175664151e-07	0.574978830676575	0.667	0.421	0.00253399208732251
Sgms1	1.19177154834189e-07	0.803525332116251	0.5	0.258	0.00253418302039419
Mef2c	1.24442866288748e-07	0.397625818604309	0.833	0.548	0.00264615310876395
Slc6a9	1.28534284402726e-07	0.315813379452427	0.167	0.038	0.00273315302353957
Bmp1	1.36401590895261e-07	0.350581446221953	0.367	0.138	0.00290044342879683
Wasf2	1.36705510548931e-07	0.525064661508251	0.883	0.758	0.00290690597631248
Dnajc10	1.51148542750998e-07	0.552944947166867	0.65	0.413	0.00321402261305722
Prdm2	1.539062047534e-07	0.537009679215876	0.55	0.311	0.00327266153787629
Ccser2	1.68444453043458e-07	0.589388758660999	0.533	0.285	0.00358180284951609
Loxl2	1.69821692742189e-07	0.503596720000703	0.45	0.196	0.00361108847446991
Fkbp9	1.71444255818108e-07	0.460571564713568	0.483	0.223	0.00364559065571626
Tmem198b	1.79493334015482e-07	0.386086603897449	0.3	0.106	0.00381674625450521
Arhgap27	1.83594797320577e-07	0.418894419891445	0.283	0.097	0.00390395977022474
mt-Rnr1	1.90117765687032e-07	0.833594781005062	0.95	0.737	0.00404266416956906
Tuba1a	2.04711483391538e-07	0.57866976363488	0.783	0.553	0.00435298498283767
Tmem140	2.10233409476158e-07	0.541137684248912	0.467	0.229	0.00447040321910102
Mir6236	2.39940820439408e-07	0.918927097743258	0.783	0.566	0.00510210160582357
Tgoln1	2.44232329790497e-07	0.562544080089937	0.783	0.618	0.00519335626066512
Amotl2	2.45136616103847e-07	0.622634376577887	0.417	0.182	0.0052125850048322
Magi3	2.49832504236269e-07	0.525521912678626	0.333	0.13	0.00531243837008002
Stx2	2.67788071771624e-07	0.605511537587651	0.45	0.226	0.00569424555815181
Smurf2	2.69191916855135e-07	0.600788171498282	0.5	0.262	0.00572409692000759
Rad21	2.76272759682603e-07	0.569304563736571	0.717	0.494	0.00587466396189087
Svip	2.78808826756112e-07	0.419131670781631	0.35	0.136	0.00592859089214197
Elf2	2.81663006241316e-07	0.567336610478226	0.633	0.438	0.00598928216471535
Pcbp4	3.13202818833239e-07	0.371557909558841	0.283	0.096	0.00665994473966999
Armcx4	3.15954796786078e-07	0.260521708845367	0.15	0.033	0.00671846279885916
Agrn	3.24253127979545e-07	0.377612149414642	0.333	0.124	0.00689491851335705
Cdc42bpa	3.31553969634911e-07	0.542820295479288	0.45	0.212	0.00705016361031675
9530082P21Rik	3.35736672536747e-07	0.271770723608571	0.217	0.062	0.00713910460482139
Plekha3	3.47944298084675e-07	0.525720255604419	0.5	0.263	0.00739868755447252
S100a13	3.52568035952598e-07	0.460120433128537	0.95	0.776	0.00749700671649605
Pxn	3.70995747728179e-07	0.639875561892715	0.6	0.404	0.00788885357969199
Apod	4.23245789506866e-07	1.21937981781763	0.2	0.053	0.00899989846807399
Bmyc	4.34921544053682e-07	0.474749638488005	0.567	0.312	0.00924817171275749
Zc2hc1a	4.43403447469701e-07	0.437470911094608	0.4	0.175	0.00942853090699572
Etl4	4.53355982226807e-07	0.391253044519516	0.317	0.119	0.00964016160607082
Btbd7	4.70762777629701e-07	0.672643852966158	0.65	0.47	0.010010299703518
Trove2	4.78390840713856e-07	0.676909224973566	0.433	0.214	0.0101725028369394
Nfix	4.81443050098215e-07	0.550793756328162	0.717	0.442	0.0102374050172884
Smc1a	4.92307948275155e-07	0.598432255103344	0.767	0.63	0.0104684362121229
Capns1	4.9804365092171e-07	0.497770473029247	0.917	0.831	0.0105904001931992
Rab12	5.00490723980986e-07	0.563481807464342	0.6	0.377	0.0106424347547317
Apc	5.04099845392532e-07	0.969599790343916	0.55	0.366	0.0107191791124268
Nenf	5.38369031879562e-07	0.314170041411174	0.883	0.543	0.011447879093887
Son	5.47656609520643e-07	0.463280665712171	0.967	0.949	0.011645370144847
Dele1	5.4904791249894e-07	0.451850762191654	0.367	0.156	0.0116749548113775
Ank	5.61636709360108e-07	0.586064270429454	0.317	0.124	0.0119426429878333
Ankrd46	5.86564561419211e-07	0.459654730352577	0.35	0.144	0.0124727088340181
Ywhaq	6.19119730990352e-07	0.591491685689115	0.85	0.742	0.0131649619597789
Sox4	6.19651023673845e-07	0.741309003384843	0.483	0.236	0.0131762593674006
Ctcf	6.5316291423098e-07	0.579147547538823	0.733	0.563	0.0138888562082075
Sept7	6.6704336282839e-07	0.474182315989296	0.883	0.823	0.0141840100671829
Map4k5	6.78098522320311e-07	0.434592485975978	0.35	0.146	0.0144190869786191
Hnrnpa0	6.82916934479369e-07	0.420114225802432	0.933	0.887	0.0145215456947693
Abca3	6.87520041628865e-07	0.51617497993856	0.483	0.252	0.0146194261651962
Smyd2	7.0507876425261e-07	0.447322010039574	0.383	0.172	0.0149927948430675
Klhl5	7.33899662210791e-07	0.458254595725622	0.467	0.244	0.0156056424172503
Maoa	7.46417710288973e-07	0.320368911637851	0.35	0.142	0.0158718261915847
Bgn	7.59310567997345e-07	0.279149293900132	0.45	0.187	0.0161459799178955
Gm15902	7.67529119429916e-07	0.260319355443779	0.1	0.017	0.0163207391955577
Ppp1r13b	8.19629548396306e-07	0.47693167303571	0.4	0.187	0.0174286027170991
Rcan1	8.45754032091787e-07	0.359527350267048	0.317	0.124	0.0179841137383998
Adamts1	8.91753494976583e-07	0.56374688193958	0.267	0.09	0.0189622463171821
Ppp1r16b	9.40807404134972e-07	0.35509550728598	0.317	0.119	0.020005328641526
Gstm1	9.67715979781022e-07	0.794793786139431	0.633	0.375	0.0205775125940636
Ralgps2	9.7860008903121e-07	0.438690704524703	0.5	0.258	0.0208089522931597
Numb	9.95530961657599e-07	0.438408513106073	0.433	0.21	0.0211689703686872
Armc9	9.98232359168316e-07	0.334121202725882	0.233	0.076	0.0212264128853551
Slc25a24	1.02300024201469e-06	0.57515777478722	0.5	0.281	0.0217530771462004
Hipk3	1.02332014139019e-06	0.587341265876083	0.533	0.319	0.0217598794865209
Map4k4	1.04612523006046e-06	0.578197294389606	0.75	0.586	0.0222448068920056
Cirbp	1.13479648113089e-06	0.545407006420008	0.7	0.478	0.0241303123747671
Anxa5	1.16833795891058e-06	0.530778348839736	0.933	0.835	0.0248435383582746
Rabac1	1.18583382531026e-06	0.522105682753097	0.867	0.766	0.0252155704613973
Zfp512	1.19454163867186e-06	0.514646972766431	0.417	0.203	0.0254007334047184
Prkcq	1.20609409821237e-06	0.251477336727912	0.333	0.127	0.0256463849043879
Rbms3	1.29832034004505e-06	0.486594791016781	0.333	0.134	0.027607483710718
Gimap8	1.33265512132472e-06	0.289414852714885	0.283	0.098	0.0283375784998488
Cbx5	1.3692874565144e-06	0.589876671650826	0.617	0.406	0.0291165284753222
Tspan3	1.37948903316865e-06	0.314387098021212	0.7	0.427	0.0293334548012981
Rrm2b	1.46722690976921e-06	0.550680497375558	0.433	0.221	0.0311991130093325
Tmem30a	1.56175905279182e-06	0.673695177869393	0.8	0.653	0.0332092444985652
Paqr4	1.68465904414657e-06	0.424083941420438	0.267	0.096	0.0358225899147326
S100a10	1.71389549957688e-06	0.437336858070335	0.983	0.794	0.0364442739030028
Ednrb	1.73568078622864e-06	0.76790543161143	0.367	0.153	0.0369075162383658
Tgfbrap1	1.77506776278435e-06	0.470077668520524	0.383	0.182	0.0377450409078463
Cbx6	1.80333559669498e-06	0.456840713799223	0.45	0.227	0.038346128128122
Otud6b	1.96094454898463e-06	0.529264536437337	0.5	0.286	0.0416975248896091
Rab18	1.96274963379991e-06	0.51688303470914	0.75	0.581	0.0417359082131213
Lmbrd1	1.99293887354316e-06	0.442634522606597	0.617	0.389	0.0423778522070217
Gabarapl2	2.06834546920457e-06	0.401849087598882	0.85	0.66	0.0439812980571659
Gstt2	2.09669270028574e-06	0.393792668569066	0.383	0.174	0.044584073578876
Zhx3	2.11330991626358e-06	0.290092627127141	0.267	0.095	0.0449374220594287
Ttbk2	2.12089686011978e-06	0.304343521469825	0.25	0.086	0.0450987508335871
Nr1d2	2.2794274289167e-06	0.554076160201254	0.45	0.236	0.0484697448484847
Med28	2.30239949075151e-06	0.367960563888904	0.817	0.612	0.0489582227713401
