id	p_val	avg_log2FC	pct.1	pct.2	p_val_adj
Cd8a	0	2.92700727066236	0.765	0.048	0
Cd3g	0	3.84414993469707	0.971	0.097	0
Cd3d	0	2.99105901247346	0.941	0.096	0
Cd3e	0	3.37448218901597	0.965	0.087	0
Tcrg-C2	0	1.79324260077636	0.494	0.019	0
Trgv2	0	1.79240067351655	0.482	0.018	0
Capn3	0	1.09991638380873	0.294	0.002	0
Mei1	0	0.548405329543719	0.206	0.001	0
Cd200r2	0	0.992407284152878	0.271	0.002	0
Glp1r	0	0.824566994687099	0.265	0.002	0
Trac	6.27512067188104e-305	2.37360705518388	0.894	0.084	1.33434165966878e-300
Lck	3.57088938682782e-246	1.87088667696731	0.894	0.109	7.59313919215067e-242
Ctsw	1.51249100661651e-244	2.29818094656083	0.894	0.109	3.21616087646934e-240
Trbc2	9.48635101032878e-243	2.99582130579236	0.976	0.137	2.01717767883631e-238
Gimap7	1.50527858228521e-241	2.00099798944481	0.841	0.095	3.20082437737126e-237
Nkg7	1.32131254125684e-232	3.17228858959368	0.976	0.142	2.80963898772854e-228
Gimap3	1.16238912719905e-223	2.08835658237513	0.935	0.131	2.47170424007606e-219
Tcrg-V7	1.9467753046509e-218	0.33440988450194	0.1	0	4.13962300780967e-214
Cd96	3.71969538829633e-217	1.32589407288562	0.565	0.044	7.90956027367331e-213
Cd160	9.13312628529053e-211	1.42413214759446	0.482	0.031	1.94206797330418e-206
Skap1	4.8161994476022e-210	1.66355858583269	0.859	0.112	1.02411665053813e-205
Ptprcap	2.91084026110687e-200	2.1204285285449	0.965	0.16	6.18961073121764e-196
Txk	6.56728078470955e-195	1.71118390479406	0.812	0.106	1.39646658606064e-190
Gimap4	7.20144893645971e-187	2.19375601051889	0.953	0.169	1.53131610184879e-182
Itk	1.02977479869407e-182	1.17802290773575	0.688	0.078	2.18971313194306e-178
Gzmk	3.02360042854956e-182	1.77847477537548	0.459	0.033	6.42938395126778e-178
Klrd1	1.20451109977873e-178	2.3605618849087	0.818	0.122	2.56127240256949e-174
Il2rb	7.07907026950465e-175	1.91685419311207	0.876	0.136	1.50529350210747e-170
Cxcr6	2.49488817434262e-174	1.60336830356896	0.724	0.089	5.30513021392215e-170
Ccl5	1.47167889931747e-169	5.26030493215686	0.924	0.195	3.12937801150866e-165
Actn2	1.6442181914054e-168	0.73189211912103	0.282	0.012	3.49626556220444e-164
Gimap1	8.24038318473814e-168	1.84849327582366	0.924	0.176	1.75223508040272e-163
Gm15472	1.45407272253946e-164	1.31492780853937	0.576	0.061	3.09194023720791e-160
Ikzf3	1.57084872441186e-162	1.34362910849072	0.647	0.079	3.34025272758938e-158
Gimap6	1.02857450814624e-149	1.78992125675833	0.918	0.192	2.18716083412217e-145
Ptpn22	1.66950446030262e-140	1.84381117291318	0.853	0.182	3.5500342843875e-136
Lat	1.56564943566983e-138	1.22748862195636	0.624	0.083	3.32919696000833e-134
Sept1	3.74423663713035e-137	1.74405523312537	0.871	0.193	7.96174478519397e-133
Cst7	1.5656541415053e-136	1.33691901274668	0.682	0.105	3.32920696649687e-132
Tcrg-C1	3.60391743120873e-135	1.92678329011045	0.329	0.023	7.66337002572225e-131
Sh2d2a	1.58052743345608e-133	1.37279072675967	0.712	0.111	3.360833534501e-129
Trat1	7.82640605517912e-133	0.454142840152334	0.194	0.007	1.66420698357329e-128
Cd247	7.71816586816967e-132	0.930177910710692	0.524	0.062	1.6411907902076e-127
Gimap5	4.46254350638234e-129	1.38825021796207	0.735	0.129	9.4891525119714e-125
Tcrg-C4	1.04025893157251e-128	1.31567726270884	0.418	0.039	2.21200659209579e-124
Lag3	3.95993781214185e-127	1.3929996883619	0.553	0.073	8.42041176373842e-123
Gzmb	2.01034012549233e-126	3.58747323303488	0.688	0.118	4.2747872428469e-122
Fasl	2.24675593769875e-124	1.03732096282987	0.535	0.068	4.77750182592262e-120
Trbc1	3.27625637610881e-123	2.35829619527703	0.659	0.109	6.96663155815776e-119
Zap70	1.07093684477693e-122	1.01600540135207	0.576	0.08	2.27724010673367e-118
Itgae	1.40214610111294e-121	2.02213591059233	0.371	0.033	2.98152346940656e-117
Cd7	1.58416264615089e-121	3.84274556737034	0.576	0.085	3.36856345077525e-117
Prrt1	3.93276617319644e-121	0.879633595478141	0.418	0.042	8.36263399068492e-117
Klra5	2.02615439377323e-118	1.24642146255259	0.176	0.007	4.3084147029194e-114
Cd27	3.21477970994802e-112	1.16314227041821	0.576	0.089	6.83590757523347e-108
Cd8b1	7.99074898760997e-110	1.82975811539516	0.418	0.046	1.69915286472539e-105
Stat4	7.03494975529635e-107	1.21744876712698	0.706	0.139	1.49591171596622e-102
Baiap3	6.67943859006461e-105	0.470510392453623	0.218	0.012	1.42031582179134e-100
Sytl3	3.33161571056988e-104	0.760433349348885	0.394	0.043	7.0843476469558e-100
Gm19585	3.00042831000814e-103	1.04496475159572	0.559	0.086	6.3801107584013e-99
Rinl	3.38367277951868e-103	1.344712848162	0.812	0.214	7.19504179836853e-99
Gm43065	1.12416864932253e-101	0.65225845526306	0.329	0.031	2.39043221591943e-97
Bcl11b	2.33361573215914e-100	0.98252711047166	0.506	0.073	4.96220049286319e-96
Plcxd2	3.40640977026442e-100	0.881524835643492	0.382	0.043	7.24338973549026e-96
Itgad	3.27873419449607e-99	0.325920069231913	0.118	0.003	6.97190039117644e-95
1810041H14Rik	4.13351392239408e-99	0.804166337046419	0.259	0.019	8.78950400457877e-95
Ets1	2.92862471123016e-98	1.61450943351183	0.941	0.306	6.22742758595981e-94
Gimap8	5.49021864800581e-98	0.937826917183942	0.559	0.092	1.16744009331195e-93
Tcrg-V1	2.07234303681443e-97	0.480339422245953	0.141	0.005	4.4066302334822e-93
Gimap9	2.26534899642482e-97	1.07549775966293	0.665	0.136	4.81703810599773e-93
Ltb	3.2154924978996e-97	1.58191810031599	0.765	0.181	6.83742324753372e-93
Tbc1d10c	1.13556627040323e-96	0.94937361056829	0.588	0.106	2.41466811738544e-92
Bcl2	1.32326000839878e-94	1.85787994267179	0.9	0.32	2.81378008185916e-90
Dtx1	3.79483767474597e-94	0.695579227889107	0.241	0.017	8.06934283157984e-90
Hcst	3.87191065732794e-94	1.97822951299181	0.894	0.312	8.23323082174214e-90
Trdc	4.43374359971063e-94	1.90933085456868	0.341	0.036	9.42791239042468e-90
Themis	1.82148647000487e-92	0.658053327856425	0.318	0.031	3.87320882981836e-88
Gzma	1.42902321659574e-90	4.57118329009931	0.724	0.184	3.03867496776917e-86
Igflr1	1.45613602513711e-88	0.603668551212883	0.241	0.018	3.09632764385154e-84
Apol7e	1.42874424948426e-87	0.521701877058323	0.224	0.016	3.03808177210334e-83
Ms4a4b	1.78973564854657e-87	2.57136763292906	0.676	0.166	3.80569388306943e-83
Gpr55	5.20823833538475e-87	0.722414587504616	0.306	0.031	1.10747979963621e-82
Xcl1	6.458021574335e-87	2.22066177385085	0.388	0.049	1.3732337075666e-82
Ppp1r16b	5.81235151269123e-86	0.945981089648386	0.582	0.113	1.23593842565866e-81
Gm20069	2.67915665490922e-85	0.415225435706223	0.235	0.018	5.69695871099897e-81
Klk8	7.18066438617116e-85	0.905979874584089	0.476	0.077	1.52689647507544e-80
Acap1	7.36893258038856e-84	0.784406419915274	0.5	0.085	1.56692982389382e-79
Grap2	7.13984652785369e-83	0.717306492460345	0.429	0.064	1.51821696568281e-78
AW112010	1.16431222594695e-79	2.22511313131378	0.976	0.601	2.4757935172536e-75
Dapk2	2.31328745211583e-79	1.50511543653629	0.376	0.053	4.9189744381791e-75
Tnfrsf18	1.81425285195866e-78	0.874238660496069	0.582	0.119	3.8578272644049e-74
Cd2	4.46207768282176e-77	1.13880324379935	0.535	0.105	9.48816198475219e-73
Hopx	5.11304723730526e-76	1.27220636663333	0.747	0.219	1.08723836454059e-71
Ipcef1	1.93388833392869e-75	0.801857020418147	0.459	0.08	4.11222015326596e-71
Cd200r4	9.4965165142901e-75	0.987823975312374	0.382	0.057	2.01933927159865e-70
Rgs1	2.95500059279718e-73	2.22700659412017	0.865	0.313	6.28351326052393e-69
Tnfsf10	1.27787153179945e-71	0.900988944919608	0.465	0.086	2.71726602521834e-67
Ablim1	2.55280228574561e-71	1.20275565118447	0.835	0.288	5.42827878040947e-67
Gm44175	9.36895316330373e-70	0.288140137284384	0.118	0.005	1.9922142006449e-65
Tox	1.72726846174946e-67	0.797412909457531	0.359	0.053	3.67286365706404e-63
Rac2	4.47181072704353e-65	1.38809415106552	0.994	0.603	9.50885832998536e-61
Runx3	4.82488570003836e-65	1.5103412341719	0.841	0.356	1.02596369525616e-60
Gimap1os	6.76456343688056e-65	0.623945796367636	0.324	0.045	1.43841676921828e-60
Tnfsf8	1.17760243854854e-64	0.565189900372912	0.235	0.024	2.50405382532961e-60
Ikzf2	1.59763803327649e-64	1.79469678574741	0.529	0.13	3.39721751395914e-60
Rps15a	8.84661008679036e-64	1.18506484699234	1	0.992	1.8811431688551e-59
Sept6	5.03861525830992e-63	0.990613596332069	0.641	0.186	1.07141114852702e-58
Prf1	7.52954337676836e-63	0.873706126859445	0.424	0.075	1.60108210363602e-58
Cd6	1.04106725463696e-62	0.556529741065626	0.294	0.039	2.21372541026004e-58
Gm8369	1.63303356283385e-62	0.877110551332417	0.359	0.058	3.4724825680099e-58
Klrb1a	1.95454175226232e-62	0.619225945970514	0.241	0.026	4.1561375820106e-58
Cysltr2	2.25496721408705e-62	0.53787423306778	0.271	0.033	4.7949622840347e-58
Ptprc	1.27558561951861e-61	1.35149436353148	0.994	0.664	2.71240526134436e-57
Prkch	1.30163143172188e-61	1.05885343452772	0.588	0.161	2.76778907641339e-57
Art2b	2.9964879279293e-61	0.619203750460335	0.253	0.029	6.37173192994887e-57
Ddc	2.57140233647916e-60	0.521734897153137	0.212	0.021	5.4678299282893e-56
Klrc1	3.3282388706688e-60	1.0014708065806	0.347	0.056	7.07716713459013e-56
Gpr18	6.28436898732553e-59	0.701457288268489	0.388	0.07	1.3363082214649e-54
Jakmip1	7.69101523613126e-59	0.507629079462877	0.271	0.035	1.63541747981095e-54
Cd5	4.98659821956001e-58	0.633207370056426	0.276	0.037	1.06035024540724e-53
Selplg	1.04639233492737e-57	1.20903658362335	0.906	0.446	2.22504866098956e-53
AU020206	1.12263946354277e-57	1.24274109949845	0.665	0.232	2.38718055527735e-53
Pdcd4	1.51345227470072e-57	1.40291598023412	0.894	0.502	3.21820491692362e-53
Spn	9.7526920192605e-57	0.728658901682367	0.541	0.132	2.07381243097555e-52
Abcb9	1.94596279130703e-56	0.568662714264193	0.312	0.048	4.13789527943528e-52
Shisa5	6.62547479073804e-56	1.25535758140385	0.982	0.757	1.40884095950254e-51
Stk17b	3.04512699646655e-55	1.29502995678376	0.953	0.56	6.47515804528648e-51
Sla2	7.76827836298985e-55	0.550810926020361	0.294	0.044	1.65184671110616e-50
Gpr174	7.7875719877984e-55	0.671901676807825	0.318	0.051	1.65594930748545e-50
Cd69	1.84561591828461e-54	1.35466492829807	0.541	0.139	3.9245176886404e-50
Vps37b	9.60505032949368e-54	1.47352620741734	0.753	0.324	2.04241790206354e-49
Cxcr3	2.47413425258101e-53	0.731581770380436	0.335	0.058	5.26099907468825e-49
1700097N02Rik	5.6346902348338e-53	0.456611449542667	0.259	0.035	1.19816053153506e-48
Rpl38	5.78671490042341e-53	0.904067369727969	1	0.996	1.23048705642603e-48
Acpp	8.4737191957289e-53	0.482534159670008	0.218	0.025	1.80185164977979e-48
Cd28	1.1615837314375e-52	0.823878893501294	0.424	0.089	2.4699916465287e-48
Rpl12	1.66662000316835e-51	1.11892515677243	1	0.973	3.54390077473719e-47
Il2rg	4.66474951348511e-51	1.00921429337216	0.859	0.39	9.91912336547473e-47
Rpl27	5.08934055187116e-51	0.980389272422495	1	0.972	1.08219737494988e-46
Ccdc88c	1.04127570592551e-50	0.731734230743336	0.524	0.143	2.21416866108e-46
Arhgef1	1.1241937993493e-50	0.999105937466558	0.865	0.5	2.39048569493635e-46
Pkp3	2.73299108599649e-50	0.769442319897487	0.529	0.147	5.81143224526293e-46
Thy1	4.40319026263468e-50	1.48528384115259	0.582	0.187	9.36294377446639e-46
Gm29243	4.47774011429675e-50	0.314409379980121	0.188	0.02	9.52146657904061e-46
Rps27	9.75083584327985e-50	0.934961610457074	1	0.994	2.07341773371503e-45
Itgb7	1.92474582203924e-48	0.895479424337067	0.647	0.217	4.09277951598423e-44
Tbx21	2.1221041306382e-48	0.554197384652415	0.288	0.047	4.51244222338908e-44
Pdcd1	8.74347606402228e-48	0.453962521778309	0.218	0.028	1.8592127502537e-43
Cd226	1.64482970743992e-47	0.763327150208056	0.353	0.07	3.49756588990025e-43
Nt5e	3.38640256114476e-47	0.816719887442074	0.371	0.08	7.20084640601822e-43
Fam189b	7.49155082723799e-47	0.754057213539676	0.418	0.101	1.59300336790389e-42
Ankrd44	2.21017778543159e-46	1.04304454717491	0.782	0.383	4.69972204294173e-42
Wdr95	6.128601130599e-46	0.39299295080791	0.147	0.013	1.30318574441057e-41
Rpl13a	7.48001527829169e-46	1.62122868462276	0.976	0.824	1.59055044877594e-41
Ctla4	1.36762538040975e-45	0.997111894777265	0.424	0.098	2.90811860890329e-41
P2ry10	3.4819376531591e-45	0.766837780555655	0.459	0.117	7.40399222567752e-41
Cd37	7.21003213013063e-45	0.924241252793732	0.712	0.292	1.53314123215098e-40
Cnn2	1.47966722648298e-44	1.00552091273421	0.882	0.52	3.1463643903934e-40
Zdhhc18	1.98193801014328e-44	0.916001227657877	0.576	0.207	4.21439298476867e-40
Ppp3cc	4.36771359517389e-44	0.567071234283564	0.412	0.101	9.28750618877777e-40
Ifng	4.56235633075391e-44	1.26213336677265	0.282	0.048	9.70139450171511e-40
Clnk	6.31738010080385e-44	0.415148025467786	0.212	0.028	1.34332770463493e-39
Uba52	6.77614340248955e-44	1.23017432434851	0.971	0.807	1.44087913310538e-39
Ccr9	9.57878171745487e-44	0.838193446104869	0.247	0.038	2.0368321443996e-39
Rps10	1.1270796314799e-43	0.902573582210374	1	0.991	2.39662212837887e-39
2010016I18Rik	1.82852715274747e-43	0.358774738051626	0.182	0.022	3.88818013760223e-39
Rps21	2.32551641872341e-43	0.717201336842934	1	0.997	4.94497811277347e-39
Tespa1	3.09648964717598e-43	0.531705389572035	0.271	0.045	6.58437558575499e-39
Plaat3	6.13414103171142e-43	0.713845173339084	0.394	0.093	1.30436374898312e-38
Sh2d1a	1.23096423808279e-42	0.576399417421299	0.282	0.049	2.61752235585924e-38
Rpl18a	1.8297373957577e-42	0.82278897997351	1	0.994	3.89075359833918e-38
Mbnl1	3.97269506530083e-42	1.00173278466326	0.971	0.908	8.44753878685568e-38
Btg1	4.06218704809921e-42	1.07244433410494	0.982	0.876	8.63783453907816e-38
Nedd9	5.10322825309774e-42	0.933236904206836	0.594	0.221	1.0851504557387e-37
Limd2	5.69548074165165e-42	0.994724194201622	0.812	0.423	1.21108702490481e-37
Dock10	1.34021172977685e-41	1.08083891524113	0.794	0.411	2.8498262221975e-37
Rps7	1.88482476505069e-41	0.857329323913282	1	0.99	4.00789138040379e-37
Sytl2	2.30574195477318e-41	0.551144079796529	0.382	0.088	4.90292969262969e-37
Arhgap45	6.61129729225183e-41	0.874061703123311	0.782	0.384	1.40582625622443e-36
Cd244a	7.44259571627229e-41	0.993977454856665	0.453	0.132	1.58259355310814e-36
Abcb1a	7.66526519350233e-41	0.801330677256692	0.412	0.105	1.62994199074634e-36
Camk4	9.75113416783189e-41	0.42219188631326	0.229	0.035	2.07348116944777e-36
Rps16	1.39987422465193e-40	0.74099376405167	1	0.995	2.97669255129986e-36
Rps13	3.36342761698665e-40	0.827607743414332	1	0.989	7.15199248476042e-36
Rpl37a	8.78319073634646e-40	0.684498863882259	1	0.997	1.86765767817671e-35
Rplp1	8.85520133481613e-40	0.691670015899442	1	0.997	1.8829700118353e-35
Klre1	1.14373107305379e-39	0.667315662072764	0.341	0.072	2.43202975374157e-35
Rapgef6	1.50095616899108e-39	1.00395405435858	0.771	0.438	3.19163319774263e-35
Pglyrp2	1.97465264823751e-39	0.409666165675405	0.253	0.044	4.19890139121225e-35
Icos	2.65350209650463e-39	0.727460301817001	0.371	0.085	5.64240685800744e-35
Padi2	2.8812645781256e-39	0.581750343695621	0.376	0.09	6.12672099892628e-35
Gpr68	3.92529814175213e-39	0.551717583644587	0.341	0.079	8.34675396862173e-35
Slamf7	4.788839822139e-39	0.71493719389911	0.424	0.114	1.01829889977964e-34
Rpl36	1.07261959713754e-38	0.702546315468619	1	0.994	2.28081831135325e-34
Rps24	1.43908721681811e-38	0.82998395917024	1	0.997	3.06007505784202e-34
Tle5	1.60839166098683e-38	1.09701115619456	0.559	0.196	3.42008402792239e-34
Cyfip2	2.06128168990648e-38	0.755025490879493	0.559	0.201	4.38310938541714e-34
Rpl17	5.37150257737135e-38	0.791065610220735	1	0.989	1.14219630805224e-33
Rab11fip4	9.22225262813695e-38	0.30673593489412	0.165	0.02	1.96101979884704e-33
Rpl34	9.41038229517469e-38	0.719374189944689	1	0.992	2.00102369124595e-33
Rpl19	1.38748426327882e-37	0.669249278631933	1	0.995	2.95034653743609e-33
Rpl27a	3.031294193821e-37	1.01466097866878	1	0.978	6.44574397374097e-33
Rnf125	3.96692203306253e-37	0.397791929823653	0.312	0.066	8.43526301110416e-33
Prkcq	4.06244852093715e-37	0.48150359564786	0.447	0.123	8.63839053492075e-33
Crtam	9.1596712967105e-37	0.306955800942253	0.129	0.013	1.94771250453252e-32
Traf3ip3	1.79170269498855e-36	0.661958678276057	0.471	0.149	3.80987661062365e-32
Rasal3	1.87024883133358e-36	0.639955731788149	0.471	0.15	3.97689711494772e-32
Osgin1	1.87270651999023e-36	0.673536489101099	0.312	0.07	3.98212314410722e-32
Gm2682	4.62025731992634e-36	0.381893002946167	0.165	0.021	9.82451516509136e-32
Rps23	5.32146958344545e-36	0.662168313543846	1	0.993	1.13155729222384e-31
Nlrc3	8.33687052359895e-36	0.522758717901332	0.3	0.065	1.77275214813808e-31
Tnik	9.66618319196568e-36	0.5963083124904	0.376	0.098	2.05541719393958e-31
Hsd11b1	1.36568367366841e-35	0.46952106584393	0.382	0.097	2.9039897636885e-31
Coro1a	1.54638102853216e-35	0.931276255675978	0.988	0.656	3.28822461907079e-31
D16Ertd472e	3.17744506715865e-35	0.892723939977466	0.624	0.273	6.75651919080614e-31
Akna	3.18478164280763e-35	0.902962464823171	0.612	0.264	6.77211968526615e-31
Samd3	3.6055388907793e-35	0.272125380520031	0.165	0.021	7.66681789735309e-31
Ubash3a	4.5109915320953e-35	0.471061100171936	0.241	0.045	9.59217239384746e-31
Rab37	4.61719731460775e-35	0.373601173857174	0.235	0.042	9.81800836978192e-31
Ctla2a	4.70212073120989e-35	1.14936695970724	0.535	0.19	9.99858952284472e-31
Rpl30	5.01444693106972e-35	0.789268236016796	1	0.992	1.06627199542267e-30
Scml4	6.3649466763478e-35	0.29371852083562	0.188	0.027	1.3534422612586e-30
Dennd4a	6.92011810725875e-35	0.991051756502267	0.7	0.342	1.4714939143275e-30
Inpp4b	1.17026732446313e-34	0.853496501752408	0.435	0.133	2.48845643873841e-30
Tnfrsf9	1.42816100449607e-34	0.885139831463541	0.312	0.07	3.03684155996045e-30
Ccnd2	3.70715035608934e-34	1.32608791732246	0.906	0.61	7.88288451718838e-30
Pde7a	5.3371727771541e-34	0.695788803896075	0.424	0.133	1.13489641933405e-29
Lef1	7.2613883626673e-34	0.482989782335869	0.218	0.037	1.54406162143757e-29
Rhof	1.02581544360251e-33	0.456915137735623	0.288	0.063	2.18129395927638e-29
S1pr4	1.63127512380382e-33	0.405367676222262	0.241	0.045	3.46874342325644e-29
Rpl37	2.63796768210022e-33	0.630257630846067	1	0.995	5.60937447921791e-29
Cited4	2.72815914681914e-33	0.55845374426598	0.212	0.037	5.80115760979623e-29
Nmb	2.33897706148742e-32	0.366292951303436	0.224	0.041	4.97360082354685e-28
Cblb	2.76823688902054e-32	0.8413807630267	0.529	0.213	5.88637892081328e-28
Rpl32	3.60886670400162e-32	0.727509368189136	1	0.992	7.67389415938904e-28
Ifi208	4.81867726420902e-32	0.43891959042121	0.253	0.051	1.02464353346141e-27
Tcf7	5.17142577916663e-32	0.774537590214118	0.241	0.047	1.09965197768199e-27
Lax1	6.96984197714888e-32	0.366534489969857	0.2	0.033	1.48206719802094e-27
Rpl13	1.24759459214306e-31	0.691781361268378	1	0.995	2.65288514073301e-27
Jaml	2.49516908890864e-31	0.977608764034004	0.612	0.268	5.30572755065534e-27
Car2	2.86557292275181e-31	0.9780906778417	0.418	0.129	6.09335426293945e-27
Klrk1	2.93596170827085e-31	1.10167619143244	0.447	0.151	6.24302897646714e-27
Myh9	3.1221262521709e-31	0.827367185051798	0.953	0.833	6.6388892626162e-27
H2-K1	4.61343204181119e-31	0.623978161258854	1	0.968	9.81000189370732e-27
Ptpn18	5.4524163950681e-31	0.811151864461073	0.971	0.677	1.15940182224728e-26
Oip5os1	7.38407769223344e-31	0.689902141515702	0.406	0.122	1.57015028047652e-26
Akap13	1.75088019764878e-30	0.840327402215624	0.935	0.821	3.72307165228036e-26
Rgs16	2.56899897425158e-30	0.731815261294581	0.265	0.058	5.46271941884855e-26
Rpl39	2.60415510898715e-30	0.655249526492678	1	0.996	5.53747542375028e-26
Fyn	3.02654498900902e-30	0.885521293102924	0.724	0.411	6.43564526462879e-26
Rpl24	3.07255277732992e-30	0.797303567103664	0.994	0.975	6.53347622571434e-26
Rassf5	5.66803989454327e-30	0.686795896706656	0.624	0.295	1.20525200317568e-25
Lrmp	7.60693285651001e-30	0.740018152959631	0.553	0.235	1.61753820260829e-25
Sema4d	8.69522825541818e-30	0.747108361914846	0.629	0.288	1.84895333623212e-25
Leprotl1	1.03774809338242e-29	0.845298331482129	0.812	0.56	2.20666754576837e-25
Gramd3	1.05908559088191e-29	0.713497961836892	0.382	0.12	2.2520396004513e-25
Peli1	5.02959454563861e-29	0.888273939105614	0.747	0.464	1.06949298418459e-24
Pfn1	7.44331605597389e-29	0.692467466167566	1	0.978	1.58274672614229e-24
Sorl1	8.78040712983208e-29	0.700765514637653	0.629	0.291	1.86706577208749e-24
Arhgdib	1.30179782312363e-28	0.848747551741293	0.976	0.812	2.76814289109008e-24
Osbpl3	1.34974492597221e-28	0.734438993531836	0.382	0.124	2.87009761058731e-24
Eef1a1	1.4098350398784e-28	0.479756148342743	1	0.998	2.99787322879744e-24
Arap2	4.1783042482179e-28	0.807765885745262	0.659	0.339	8.88474615341055e-24
Itga1	5.02356184538124e-28	1.0367518974543	0.606	0.29	1.06821019080187e-23
Nr4a2	5.4337583490515e-28	1.58293629268558	0.518	0.221	1.15543437534231e-23
Fau	8.81921896822329e-28	0.557226276691826	1	0.997	1.875318721403e-23
Rps11	1.28177312441612e-27	0.604049562475979	1	0.993	2.72556237175844e-23
Rps18	1.65297580571729e-27	0.72489975969567	1	0.983	3.51488775327725e-23
Fam102a	1.80649313465289e-27	0.629963700629404	0.482	0.189	3.8413270015259e-23
BE692007	1.87248295130176e-27	0.656665207089897	0.3	0.08	3.98164774764806e-23
Cracr2a	2.95412181596154e-27	0.291729520690859	0.165	0.027	6.28164462946061e-23
Rplp2	3.38991392967838e-27	0.594457008845552	1	0.994	7.2083129800681e-23
Chn2	4.76601801538929e-27	0.745942335367752	0.353	0.114	1.01344607079238e-22
Rgs3	4.79570908118168e-27	0.70839976208983	0.471	0.191	1.01975957902247e-22
Nabp1	5.58958922420794e-27	1.08915874949151	0.712	0.392	1.18857025263558e-22
B4galnt1	7.16223924795792e-27	0.738032047642522	0.665	0.354	1.52297855368577e-22
Saraf	7.18345797607384e-27	0.87825518136187	0.776	0.573	1.52749050403234e-22
Gm36723	1.06324736418229e-26	0.404939366750242	0.212	0.043	2.26088919519723e-22
Hvcn1	1.67405158299586e-26	0.604428617858022	0.312	0.089	3.55970328608239e-22
Arhgap9	2.04020178033211e-26	0.685616539997396	0.635	0.313	4.33828506569821e-22
Grcc10	4.06858352992919e-26	0.996076458243795	0.712	0.465	8.65143601804144e-22
Gstp3	4.76114736375493e-26	0.465804598180765	0.2	0.04	1.01241037542885e-21
Abi3	6.3952943868081e-26	0.738849670525489	0.412	0.15	1.35989539841088e-21
Pabpc1	6.84488109879882e-26	0.640100743546987	0.988	0.931	1.45549551684858e-21
Rps14	7.54918115111761e-26	0.584474843121902	1	0.994	1.60525787997365e-21
Il27ra	1.12583034155087e-25	0.355956092547246	0.247	0.058	2.39396563827377e-21
Atp5md	1.21586249713088e-25	0.78449509269447	0.547	0.219	2.58541001389909e-21
Rpl7	1.93226041157916e-25	0.613926319041262	1	0.982	4.10875853918193e-21
Mctp2	2.32503460062409e-25	0.422402179820606	0.224	0.051	4.94395357476707e-21
Gpr171	3.03000850980114e-25	0.556691467675634	0.512	0.197	6.44301009524114e-21
Rpl18	3.39709809933231e-25	0.701183699961336	1	0.991	7.22358939842022e-21
Id2	3.44483026719467e-25	0.841110272887744	0.824	0.505	7.32508708016274e-21
Grap	4.53706110125624e-25	0.564610737149158	0.4	0.14	9.64760672571127e-21
Rpsa	4.70571921454278e-25	0.765632074692368	1	0.992	1.00062413378038e-20
Smad7	5.52208159679902e-25	0.795680752959405	0.541	0.247	1.17421543074334e-20
Rps15	1.18942379174946e-24	0.634768901579407	1	0.977	2.52919075077604e-20
Snrpg	1.39176682893582e-24	0.66331385408357	0.965	0.902	2.95945298504912e-20
Elf1	2.2530859786067e-24	0.731837518327804	0.806	0.605	4.79096202490928e-20
Rpl6	2.46177595240653e-24	0.541154304034368	1	0.994	5.23472038519725e-20
Gata3	3.53237538321219e-24	0.315376796914713	0.3	0.082	7.5112430148624e-20
Fam107b	4.70241141894909e-24	0.742959035467347	0.618	0.339	9.99920764125334e-20
Rps28	5.34025166057596e-24	0.705021936659086	1	0.991	1.13555111310487e-19
Chsy1	5.64435490626644e-24	0.613792718751085	0.506	0.226	1.2002156272685e-19
Satb1	5.80399772800636e-24	0.920146892323294	0.418	0.156	1.23416207688327e-19
Psd4	9.26381191206483e-24	0.61391188605884	0.441	0.176	1.96985696498146e-19
Hmgb2	1.10096628821094e-23	0.707874893227127	0.876	0.651	2.34109471525175e-19
Cd40lg	1.11675197940282e-23	0.383525441180273	0.1	0.012	2.37466140900215e-19
Dock2	1.21171815010782e-23	0.72403664848352	0.747	0.452	2.57659747438927e-19
Ehd3	1.25510614249011e-23	0.38560296553431	0.241	0.06	2.66885770139098e-19
Cd52	3.77054141229843e-23	1.07936356112078	1	0.697	8.01767925911138e-19
Eef2	6.26589338201851e-23	0.541862690196057	0.994	0.951	1.33237956875242e-18
Rpl5	6.47225006907626e-23	0.695672775394538	0.994	0.955	1.37625925468837e-18
Ppm1b	7.53500541139735e-23	0.685320922706009	0.512	0.251	1.60224355067953e-18
Sash3	8.70975119612921e-23	0.541165442141283	0.494	0.216	1.85204149434492e-18
Pitpnc1	1.06772470214938e-22	0.701586201541683	0.594	0.304	2.27040980665044e-18
Micos13	1.28351079649178e-22	0.652944700001548	0.429	0.162	2.72925735766012e-18
Pglyrp1	1.98171181780872e-22	0.568416074392176	0.382	0.139	4.21391200938846e-18
Cytip	2.50766611263178e-22	0.564978415955179	0.741	0.382	5.33230122190022e-18
Dennd1c	3.68483678156146e-22	0.526403173584434	0.459	0.195	7.83543693231228e-18
Sp4	4.06580634827119e-22	0.463418735278369	0.388	0.145	8.64553061896387e-18
A930024E05Rik	5.65352440329191e-22	0.313775684461845	0.171	0.034	1.20216542911599e-17
Rnasek	1.15679888118411e-21	0.620632962687377	0.482	0.193	2.45981714094988e-17
H2-Q7	1.44356480271934e-21	0.851892385912323	0.712	0.472	3.0695961965024e-17
Klrc2	1.51427061833529e-21	0.399722522018812	0.212	0.05	3.21994504282817e-17
Rpl9	1.53057315833256e-21	0.616741494600035	1	0.99	3.25461076387837e-17
BC018473	2.90244316546896e-21	0.635952918052124	0.247	0.068	6.1717551470532e-17
Rps3	2.9577487793228e-21	0.599475866445995	1	0.989	6.28935700435201e-17
Ptpn4	3.93035791988075e-21	0.559939514065176	0.341	0.124	8.35751308083442e-17
Cd101	4.2268720312076e-21	0.291416903536922	0.176	0.038	8.98802068715984e-17
Prag1	4.85048580112168e-21	0.554143817891631	0.271	0.083	1.03140730075051e-16
Atp5g2	5.53667415017812e-21	0.827135969817964	0.624	0.331	1.17731839129388e-16
Tesc	5.96818458337405e-21	0.379605682102749	0.247	0.067	1.26907476980866e-16
Lsp1	8.69514959151906e-21	0.546546978912796	0.888	0.549	1.84893660914061e-16
Rps3a1	1.20082060081468e-20	0.507511219213432	1	0.994	2.55342492557234e-16
Rps6	1.36185257691902e-20	0.664535833387626	0.988	0.934	2.89584331956061e-16
Pik3cd	1.41521821780451e-20	0.622104327964243	0.653	0.398	3.0093200183395e-16
Rps12	1.62867557555875e-20	0.499110327668429	1	0.993	3.46321574386812e-16
Ikzf1	2.09918517693645e-20	0.651477246599091	0.659	0.372	4.46370736023766e-16
Rbm38	2.28793938633313e-20	0.427795204933063	0.306	0.102	4.86507431109878e-16
Rpl23	2.45019274092061e-20	0.54219692900041	1	0.996	5.21008984429358e-16
Rpl22	2.52577893423612e-20	0.540515571494491	0.994	0.985	5.37081632575969e-16
Prkacb	2.73572242262157e-20	0.978610509326578	0.653	0.434	5.81724015946251e-16
Tmem71	3.01855208419829e-20	0.514317954673992	0.376	0.143	6.41864915183925e-16
Sla	3.9600835654198e-20	0.651842235654865	0.624	0.331	8.42072169350866e-16
Rpl14	3.96464526694993e-20	0.577760769896058	0.994	0.975	8.43042169564233e-16
Gm37529	4.24303840196005e-20	0.323536377078367	0.176	0.039	9.02239685792786e-16
Mllt3	4.64964021039455e-20	0.567409521102609	0.382	0.152	9.88699494338297e-16
Pde3b	4.9115296951846e-20	0.576786467084793	0.418	0.175	1.04438767438405e-15
Rpl11	8.55823934798232e-20	0.522147777194776	1	0.993	1.81982401495496e-15
Hip1r	1.43408678461697e-19	0.366730182805556	0.247	0.071	3.04944213880952e-15
Rpl23a	1.98838076624203e-19	0.671939540714948	1	0.956	4.22809286133705e-15
Agap2	2.16103719983827e-19	0.266322137670594	0.159	0.033	4.59522950173609e-15
Epsti1	2.2607053155789e-19	0.916213123582943	0.724	0.467	4.80716378304698e-15
Def6	3.89392825475925e-19	0.551976005090215	0.376	0.156	8.28004904092008e-15
Adrb1	4.19450027916711e-19	0.379371748040966	0.194	0.047	8.91918539362095e-15
Lamb3	4.82068329049153e-19	0.259216368226423	0.176	0.04	1.02507009489012e-14
Rpl26	8.03290710029709e-19	0.517493075403853	1	0.979	1.70811736580717e-14
Rps26	1.02180951064515e-18	0.537825071662352	0.994	0.991	2.17277574343585e-14
Rbl2	1.17042158456457e-18	0.634158691235283	0.512	0.271	2.48878445741809e-14
Rps5	1.1889383432371e-18	0.606632873706148	1	0.993	2.52815849305938e-14
Emid1	1.95221537766351e-18	0.30059374127904	0.153	0.032	4.15119077906369e-14
Tpt1	1.97831672290627e-18	0.417577712918019	1	0.999	4.20669267958789e-14
Rpl3	2.09183880737591e-18	0.536279182762286	1	0.986	4.44808604000413e-14
Ugcg	2.23288431012531e-18	0.691199757928455	0.635	0.392	4.74800519705046e-14
Eif3e	2.45318121195785e-18	0.568799104561666	0.929	0.788	5.21644452910718e-14
Rsbn1l	2.72699071609214e-18	0.618403314258221	0.706	0.494	5.79867305869833e-14
Rpl8	2.84515452128159e-18	0.504791066038849	1	0.993	6.04993657405318e-14
Gramd1a	2.97287222371437e-18	0.523008415279987	0.482	0.238	6.32151549650623e-14
Sh2d3c	3.16871064939871e-18	0.469701745468016	0.3	0.107	6.73794632488141e-14
Rpl10a	3.59926760456327e-18	0.561197864559514	1	0.98	7.65348263434334e-14
Slc16a11	3.89253612477218e-18	0.356724960944425	0.1	0.015	8.27708881571556e-14
Ripor2	4.5369766816481e-18	0.447617110869476	0.359	0.14	9.64742721585652e-14
Fkbp3	4.59342674457503e-18	0.635120655241366	0.759	0.574	9.76746262966434e-14
Tasor2	4.60761904322415e-18	0.371360291006326	0.218	0.061	9.79764113351182e-14
Rpl15	4.62513678733174e-18	0.601231678520819	0.965	0.954	9.83489086458221e-14
Sp100	5.33840266230091e-18	0.628209719512344	0.747	0.567	1.13515794211166e-13
Sh2d1b1	6.21012782655678e-18	0.288058168436773	0.182	0.045	1.32052158103903e-13
Pim2	7.94498727684242e-18	0.357084182934148	0.2	0.053	1.68942209454777e-13
Gm45716	8.09654384305074e-18	0.611846477594577	0.347	0.14	1.72164908278631e-13
Bcl2l11	8.83666477405281e-18	0.996012217970991	0.624	0.419	1.87902839755459e-13
Atp5o	9.46973275034101e-18	0.430600215208618	0.488	0.202	2.01364397203251e-13
Gng2	1.21393628086414e-17	0.707472574587841	0.694	0.448	2.5813141076295e-13
Rpl22l1	1.59304419239633e-17	0.566350935914816	0.988	0.871	3.38744917071156e-13
Gfod1	1.73282921377842e-17	0.35012619665025	0.235	0.072	3.68468804017843e-13
Rps20	1.90543948984898e-17	0.560294675162544	1	0.993	4.05172653121487e-13
Itgal	2.63017611678343e-17	0.671169778335765	0.459	0.221	5.59280649472828e-13
Ifi206	2.79926334528955e-17	0.307974252446311	0.206	0.057	5.95235357742371e-13
Sigirr	3.1583942893371e-17	0.290415791792598	0.229	0.069	6.71600961684641e-13
Prkca	3.58238846851109e-17	0.483128987248865	0.388	0.167	7.61759083944198e-13
Grk6	4.10610617464608e-17	0.684807462401083	0.5	0.277	8.73122416976741e-13
Vasp	4.21125608871693e-17	0.629441033331628	0.753	0.569	8.95481494704769e-13
Il21r	5.10943716644552e-17	0.615700092618254	0.588	0.327	1.08647071907298e-12
Il12rb1	5.64201858206327e-17	0.267859623440485	0.171	0.042	1.19971883128993e-12
Mical1	5.88655432591613e-17	0.440824781164854	0.341	0.137	1.25171691186281e-12
H2-D1	6.48658456959073e-17	0.4015427807599	1	0.981	1.37930734287777e-12
Adcy7	8.20842652871732e-17	0.533985973662964	0.524	0.282	1.74543981706645e-12
Acot7	9.41367560774198e-17	0.619953915572139	0.5	0.28	2.00172398123025e-12
Nup210	9.67780738610191e-17	0.422881410863775	0.365	0.153	2.05788896258071e-12
mt-Co1	1.18677967215957e-16	0.9665713389633	1	0.986	2.52356829488012e-12
Ptk2b	1.32451332433001e-16	0.616354990392361	0.529	0.303	2.81644513285534e-12
Dennd2d	2.07708936327923e-16	0.321824679236508	0.188	0.051	4.41672282207696e-12
Flt3l	2.77652393508452e-16	0.356094071629325	0.312	0.121	5.90400049556372e-12
Serbp1	2.88657740671007e-16	0.460811942748102	0.976	0.937	6.1380181976283e-12
B2m	2.89132287435747e-16	0.426562975161328	1	0.983	6.14810896003372e-12
Rplp0	4.08377466687848e-16	0.606339265322161	1	0.987	8.6837384516504e-12
Sesn3	4.38789126489022e-16	0.599582531812696	0.488	0.264	9.33041198566256e-12
Cdyl2	4.39457970931365e-16	0.281637947317913	0.153	0.036	9.34463429388456e-12
mt-Co2	4.84094015142368e-16	0.955023750801572	0.718	0.447	1.02937751379873e-11
Rhoh	6.80537958107845e-16	0.660973731606674	0.571	0.331	1.44709591412052e-11
Gm11808	8.26306739874615e-16	0.620315964734217	0.624	0.416	1.75705865166938e-11
mt-Co3	1.03878991449997e-15	1.03241478943574	0.682	0.421	2.20888287419273e-11
Ly6c2	1.20240861550623e-15	1.69790288145685	0.4	0.198	2.55680168001245e-11
Rab19	1.23270637570553e-15	0.35543439239058	0.253	0.088	2.62122683730023e-11
Lbr	1.29777830810497e-15	0.571498589576643	0.665	0.446	2.7595957943544e-11
Oga	1.32657026150986e-15	0.474725003532303	0.276	0.101	2.82081900407457e-11
Tsc22d4	1.63517610155485e-15	0.565745567503789	0.865	0.761	3.47703846234623e-11
Itpkb	2.08038775970465e-15	0.608613452176056	0.618	0.392	4.42373653223596e-11
Aim2	2.1469154747264e-15	0.456925859122863	0.447	0.224	4.56520106545822e-11
Stk4	2.75540469533181e-15	0.651501209251899	0.682	0.48	5.85909254415356e-11
Dgkd	3.86689841213591e-15	0.588786765505259	0.506	0.291	8.2225727835658e-11
Rpl21	3.98439406153143e-15	0.430151263641054	1	0.987	8.47241553244043e-11
mt-Atp6	4.24795518635305e-15	0.981542117008037	0.918	0.846	9.03285190826114e-11
Agfg1	4.54948533783173e-15	0.674728935299419	0.606	0.418	9.67402562236539e-11
Ppm1h	4.77855082794986e-15	0.507044989495448	0.429	0.223	1.01611104805526e-10
Eif3h	4.85483430461405e-15	0.511718502766833	0.953	0.837	1.03233196653313e-10
Slc38a1	5.5217968422059e-15	0.623620019488074	0.576	0.353	1.17415488052666e-10
Tma7	7.60908311430881e-15	0.491640977660926	0.971	0.895	1.61799543342662e-10
Stk39	9.1277279794925e-15	0.45478226086839	0.4	0.192	1.94092007755929e-10
Fyb	9.16239364665081e-15	0.438136012629853	0.906	0.596	1.94829138502383e-10
Uqcrh	1.37828741757431e-14	0.408426397488663	1	0.948	2.93079036473001e-10
Tut4	1.43064912736068e-14	0.594827961074525	0.712	0.518	3.04213230441975e-10
Runx2	1.57761486033322e-14	0.324799122816654	0.235	0.079	3.35464023901256e-10
Dusp5	1.73306370936723e-14	0.76032062139888	0.624	0.421	3.68518667159848e-10
H2-Q4	1.75654598046008e-14	0.48836854050442	0.694	0.491	3.73511937285032e-10
Ifi214	1.85455287777034e-14	0.357851095680777	0.229	0.076	3.94352123929084e-10
Fam78a	2.055560532711e-14	0.384849664267916	0.265	0.1	4.37094391675668e-10
Rnf138	2.35594559965286e-14	0.618645379407044	0.476	0.282	5.00968272310185e-10
Ptpn7	2.47944697432831e-14	0.447946565203706	0.418	0.207	5.27229604621172e-10
Dnajc15	3.34228764179847e-14	0.753380581000318	0.629	0.499	7.10704044152027e-10
4930523C07Rik	3.8489286999715e-14	0.543001765695624	0.429	0.223	8.18436198761939e-10
Dusp2	4.09771270331878e-14	0.414390488242678	0.435	0.203	8.71337629233705e-10
Myl12b	4.93696504937372e-14	0.452718046806371	0.929	0.805	1.04979624809883e-09
Wipf1	6.29186821642399e-14	0.600243779308269	0.712	0.539	1.3379028575404e-09
Cd48	6.47056372014659e-14	0.547885911555265	0.594	0.371	1.37590066945197e-09
Traf1	6.47674952127111e-14	0.73546862263594	0.465	0.241	1.37721601820309e-09
Tnfaip3	6.63459079622385e-14	0.702745019758029	0.582	0.365	1.41077938690904e-09
Eif3f	8.08856600741716e-14	0.494973069424685	0.929	0.877	1.71995267581718e-09
Klhl25	8.60874651403005e-14	0.270573035837673	0.2	0.064	1.83056385874335e-09
Fryl	9.05142816247986e-14	0.668211685509238	0.476	0.286	1.92469568446972e-09
Rbis	9.56975524629302e-14	0.393425178789459	0.347	0.144	2.03491275557175e-09
Ankrd12	1.10042772663481e-13	0.649468686765737	0.724	0.559	2.33994951791626e-09
Ms4a6b	1.18281919403287e-13	0.915439779607132	0.676	0.482	2.5151467341915e-09
Rack1	1.20799666881644e-13	0.421119584032208	1	0.976	2.56868411657129e-09
Pfdn5	1.37886455138697e-13	0.44850727750544	0.988	0.95	2.93201758206925e-09
Rgs2	1.51859662734238e-13	0.819075984066987	0.682	0.452	3.22914386838084e-09
Smpd5	1.54461119616939e-13	0.294504541139585	0.141	0.036	3.28446124753458e-09
Crbn	2.04176256424904e-13	0.55868601634131	0.388	0.201	4.34160391661917e-09
Tmsb10	2.05437783005142e-13	0.539045714529795	0.988	0.924	4.36842901782134e-09
Fxyd5	2.9077755978284e-13	0.468362844390576	0.953	0.741	6.1830940312223e-09
Tmsb4x	3.53344635282516e-13	0.348039165965886	1	0.998	7.51352032464742e-09
Neurl3	3.75753013396501e-13	0.657845492228523	0.641	0.418	7.9900120768632e-09
Psmb8	6.61906194309606e-13	0.35408305894632	0.959	0.858	1.40747733157995e-08
Cox7a2l	6.81073552308125e-13	0.431207760641998	0.871	0.775	1.448234801628e-08
Evl	7.56017549623052e-13	0.569823662316751	0.588	0.38	1.60759571751846e-08
Rpl35a	7.72478903780962e-13	0.336764840599108	1	0.996	1.64259914099984e-08
Rpl31	8.21403734091398e-13	0.363075453762614	0.994	0.956	1.74663290017195e-08
4930503L19Rik	1.08397872313974e-12	0.370937882842577	0.312	0.138	2.30497235688434e-08
Zfp869	1.11983605402415e-12	0.359355027174933	0.271	0.109	2.38121938527695e-08
Rps27a	1.28947112432082e-12	0.359297152795132	1	0.994	2.74193139875579e-08
Smc4	1.55309898687661e-12	0.444944330954965	0.618	0.418	3.30250968569442e-08
Sipa1l1	1.58562194122386e-12	0.577058170995493	0.5	0.313	3.37166649581841e-08
Nsmaf	1.73189678875812e-12	0.468560287334028	0.453	0.269	3.68270533161526e-08
Trp53inp1	1.82403429138865e-12	0.488043264217836	0.359	0.177	3.87862651720883e-08
Mbd2	1.95577969048675e-12	0.547526601899248	0.771	0.704	4.15876993385102e-08
Sh3bgrl3	2.06610968227219e-12	0.546895371771889	0.994	0.909	4.39337562838359e-08
Gm4759	2.1759185494196e-12	0.336452513656889	0.194	0.064	4.62687320348583e-08
Ly9	2.47752651896247e-12	0.352872683004747	0.276	0.115	5.26821238992181e-08
Lrrfip1	3.53049271107902e-12	0.498052583865638	0.706	0.528	7.50723970083842e-08
Cox20	3.74297864172193e-12	0.523032919474108	0.712	0.587	7.9590697837575e-08
Samsn1	3.87656534820262e-12	0.433771262843221	0.594	0.366	8.24312855641805e-08
Sub1	4.03731809508215e-12	0.676441875928425	0.959	0.907	8.58495319738268e-08
Card6	4.280952258351e-12	0.296039054065341	0.2	0.069	9.10301688215757e-08
Aopep	4.50824692872069e-12	0.349666841238823	0.241	0.091	9.58633626923168e-08
Rps4x	4.61422867280061e-12	0.416020711147413	1	0.993	9.81169584984321e-08
Nbeal2	4.83231400955873e-12	0.34849567457032	0.229	0.088	1.02754325099257e-07
Rabgap1l	4.97491927372999e-12	0.496191825383624	0.494	0.299	1.05786683436595e-07
Sri	4.98986905124785e-12	0.46856935055964	0.835	0.751	1.06104575505734e-07
Rasa2	5.12688506428372e-12	0.56862018649794	0.418	0.237	1.09018084006929e-07
Atp5l	5.26637332285961e-12	0.464362344627573	0.906	0.835	1.11984162337287e-07
Xlr4b	6.06270111203562e-12	0.281343868162211	0.212	0.076	1.28917276446325e-07
Tomm6	6.52872110324618e-12	0.566925959695573	0.635	0.476	1.38826725539427e-07
Slamf1	7.21728219560122e-12	0.354640293513316	0.182	0.059	1.53468288607264e-07
Kif21b	7.59008732285432e-12	0.362238590180987	0.282	0.121	1.61395616833174e-07
Sept9	1.03565540275927e-11	0.479699912301428	0.635	0.459	2.20221764842732e-07
Cotl1	1.07464454745347e-11	0.444670935589286	0.9	0.697	2.28512416570506e-07
Srpk1	1.08059033162094e-11	0.48175373540444	0.582	0.414	2.29776728115876e-07
Kit	1.1029716115554e-11	0.303951082838835	0.224	0.082	2.34535883481141e-07
Atp11b	1.11397315990201e-11	0.614832197716938	0.588	0.423	2.36875252721563e-07
Mob3a	1.1570307804239e-11	0.44710077971406	0.424	0.241	2.46031025149337e-07
Rpa2	1.1815914519931e-11	0.38226809314877	0.282	0.126	2.51253606351813e-07
Cnot6l	1.27610351687644e-11	0.551385269437768	0.612	0.462	2.71350651828607e-07
Stk10	1.3953219949806e-11	0.463684570888798	0.488	0.297	2.96701269012674e-07
A630072M18Rik	1.67583460400093e-11	0.340957841891826	0.218	0.082	3.56349470194759e-07
Ubash3b	1.748976562775e-11	0.480143707833495	0.494	0.294	3.71902376308476e-07
Nfatc1	2.26686005459078e-11	0.494070006007003	0.453	0.264	4.82025122008183e-07
Ostf1	2.69874333017081e-11	0.534930877573388	0.894	0.807	5.7386078172752e-07
Lat2	3.03288064197688e-11	0.584250053681955	0.482	0.306	6.44911739709963e-07
Anxa6	3.33480038337594e-11	0.475998017169574	0.7	0.574	7.09111953521059e-07
Rps9	4.0994593590235e-11	0.325318087210279	1	0.997	8.71709038102756e-07
Prkd2	4.143464879058e-11	0.289264837740403	0.241	0.099	8.81066371882892e-07
Gm4258	4.34167106808908e-11	0.477964051630264	0.206	0.078	9.23212935918462e-07
Hist1h4d	4.43330473129687e-11	0.343359592742232	0.671	0.512	9.42697918062967e-07
Ttc39b	4.76046972262466e-11	0.499682706909142	0.506	0.332	1.01226628181891e-06
Jak1	4.95829195350147e-11	0.425430775994562	0.865	0.806	1.05433120099255e-06
Tes	5.04659011104813e-11	0.36415799451027	0.624	0.399	1.07310692121328e-06
AY036118	5.44551859644089e-11	0.46146962786822	0.394	0.193	1.15793507434719e-06
Micos10	5.81512601803771e-11	0.393505273154539	0.406	0.2	1.23652839647554e-06
Kbtbd11	6.0014162197152e-11	0.443509214145822	0.306	0.145	1.27614114496024e-06
Kdm5a	6.05713334204927e-11	0.418515306322166	0.588	0.433	1.28798883385336e-06
Sept11	6.06839203384118e-11	0.453279894352208	0.624	0.433	1.29038288207599e-06
Gm17745	6.13040524885375e-11	0.254506380696837	0.124	0.033	1.30356937211626e-06
Kmt2a	6.42201944422235e-11	0.50046039753412	0.659	0.503	1.36557821461944e-06
Utrn	6.51467047717856e-11	0.433553914355582	0.553	0.372	1.38527953026725e-06
Crot	7.27012349795443e-11	0.406423756511707	0.459	0.282	1.54591906060503e-06
Zcchc7	7.41935500626716e-11	0.503036904783465	0.629	0.491	1.57765164853265e-06
Rnaset2b	7.71408358799668e-11	0.426927730481	0.653	0.488	1.64032273415161e-06
Gm12216	8.54593818276039e-11	0.376771608254024	0.318	0.158	1.81720829518217e-06
Epb41	1.03533391113445e-10	0.465590674743651	0.465	0.289	2.2015340286363e-06
Dusp10	1.17522266102919e-10	0.280037995029849	0.2	0.074	2.49899346641246e-06
2410006H16Rik	1.3427875727402e-10	0.485381537528325	0.776	0.65	2.85530349467477e-06
Cntrl	1.42164565980414e-10	0.453338397968666	0.5	0.328	3.02298733100753e-06
Sms	1.43997926440867e-10	0.445191125306275	0.424	0.253	3.06197190783859e-06
Lcp2	1.53511097568104e-10	0.412180692531889	0.665	0.44	3.26425997868816e-06
Tmc8	1.53763801498609e-10	0.270641841028132	0.171	0.059	3.26963347506642e-06
Adora2a	1.95610780395542e-10	0.288716991502375	0.229	0.092	4.1594676343308e-06
Abracl	2.00698487028393e-10	0.459869521505984	0.871	0.776	4.26765262817176e-06
Plcg1	2.05302142873325e-10	0.338847672707869	0.247	0.107	4.36554476605839e-06
Rpl29	2.49321459675788e-10	0.537009193103081	0.894	0.791	5.30157151854595e-06
Traf5	2.9047971975515e-10	0.36590243098757	0.3	0.148	6.17676076087351e-06
Lta4h	3.04342788828384e-10	0.409630682519507	0.506	0.346	6.47154506164675e-06
Rnaseh2c	3.09091119629723e-10	0.472321279617083	0.612	0.472	6.57251356780643e-06
Kcnab2	3.37447046993294e-10	0.329295841872539	0.318	0.16	7.1754740072654e-06
Eif3m	3.56397525497743e-10	0.486406707631641	0.759	0.675	7.578436982184e-06
Epcam	4.10084216808582e-10	0.422211852482745	0.271	0.123	8.72003078621768e-06
Supt4a	4.19904004626418e-10	0.561941052968793	0.712	0.63	8.92883875437616e-06
Izumo1r	4.24876675100638e-10	0.376788687598471	0.106	0.027	9.03457761933996e-06
Gas5	4.58113894642688e-10	0.506549279937017	0.876	0.771	9.74133385568212e-06
Rpp21	5.20112385571119e-10	0.490760116294497	0.629	0.49	1.10596697667843e-05
mt-Nd4l	5.25005697714807e-10	0.579790881700883	0.559	0.373	1.11637211562077e-05
Gm36738	5.51376963454589e-10	0.327538418973628	0.259	0.117	1.17244797508984e-05
Borcs8	5.51877607972564e-10	0.452360284646946	0.512	0.365	1.17351254559286e-05
Capza1	5.57537773727765e-10	0.47058623168516	0.653	0.536	1.18554832205472e-05
Spata13	5.67305090557789e-10	0.366082861088882	0.306	0.151	1.20631754456208e-05
Rp9	5.70450900272086e-10	0.412648111298157	0.688	0.573	1.21300679433856e-05
2900026A02Rik	6.12751155346071e-10	0.368218201088935	0.259	0.116	1.30295405672789e-05
Tsga10	6.70501544615992e-10	0.540272565655106	0.253	0.118	1.42575448447145e-05
Sec11c	6.71809019673781e-10	0.410651921663535	0.818	0.668	1.42853469943433e-05
Prdx6	7.73811943703579e-10	0.481215681583465	0.718	0.616	1.64543371709129e-05
Lrrc8c	8.17229332346583e-10	0.365890566354614	0.524	0.348	1.73775645230177e-05
Atxn1	8.54466623043621e-10	0.465868992170447	0.418	0.26	1.81693782723996e-05
Nop53	9.96757146489493e-10	0.459879604475949	0.665	0.563	2.11950439629526e-05
Lars2	1.11486803304326e-09	0.403479784918259	0.959	0.956	2.37065538546319e-05
Rpl36a	1.2169570388793e-09	0.434350404844576	0.988	0.97	2.58773744747294e-05
Aak1	1.33762549843452e-09	0.441479112569483	0.441	0.284	2.84432685987116e-05
Sipa1	1.37975993873919e-09	0.47146937129083	0.553	0.409	2.93392153373502e-05
Nfatc3	1.38194231915292e-09	0.467593665307254	0.471	0.324	2.93856214744676e-05
H2afj	1.69270005382968e-09	0.386221597473475	0.882	0.81	3.59935739446344e-05
Hdac7	1.82997664578567e-09	0.350931801224617	0.347	0.184	3.89126233959865e-05
Ss18	1.85741363068561e-09	0.378006359577602	0.459	0.294	3.94960434428988e-05
Rps8	1.95826860403795e-09	0.350411654297411	1	0.997	4.16406235962629e-05
Rasgrp1	1.99352313501482e-09	0.415624138617252	0.418	0.245	4.23902759429552e-05
Cox17	2.02801666987453e-09	0.366276654151761	0.829	0.768	4.3123746468212e-05
Papolg	2.33008189501577e-09	0.290919543404968	0.229	0.1	4.95468614156154e-05
Ncor1	2.34817895074619e-09	0.415210891526692	0.829	0.776	4.9931677208667e-05
Rnf166	2.40692121356173e-09	0.523606480212485	0.453	0.298	5.11807726851766e-05
Nlrc5	2.50404035416014e-09	0.260074712774461	0.3	0.146	5.32459140908612e-05
Stk26	2.79214120189046e-09	0.388793179455657	0.371	0.199	5.93720905169988e-05
Rpl28	2.86217783290529e-09	0.310287866218057	1	0.992	6.08613494388981e-05
Cbx4	3.43774109359399e-09	0.453310331069231	0.376	0.231	7.31001266141825e-05
Arl6ip1	3.75892934021015e-09	0.377679940635442	0.871	0.813	7.99298734902287e-05
Serpinb6b	3.77400268366082e-09	0.34151427432315	0.429	0.227	8.02503930653636e-05
Gm10076	4.30176035587655e-09	0.434488379454222	0.635	0.492	9.14726322073591e-05
Mgst2	4.30194322935695e-09	0.264521797720669	0.153	0.054	9.14765208290462e-05
Rps27rt	4.45207524833749e-09	0.471393349027793	0.635	0.49	9.46689280806483e-05
Dedd2	4.5651609791214e-09	0.27555670756891	0.218	0.094	9.70735830600374e-05
Rbm42	4.72845853382399e-09	0.33366222890851	0.271	0.127	0.000100545942263233
Srrm2	4.97679068188864e-09	0.33285968709854	0.941	0.924	0.00010582647705968
Cdc14a	5.11184550046676e-09	0.371839737938622	0.306	0.161	0.000108698282721925
Ifngr1	5.72109489454286e-09	0.472507841862139	0.835	0.764	0.000121653361837559
Arhgap30	6.04904508261763e-09	0.407426325001794	0.724	0.534	0.000128626894636781
Ppp1r18	6.48226463760567e-09	0.455928173103296	0.741	0.602	0.000137838875254047
Purb	7.38969367060356e-09	0.399751679296453	0.829	0.766	0.000157134446211714
Igf2r	7.72682372908143e-09	0.47504222026987	0.4	0.248	0.000164303179775188
Vgll4	8.00893472322237e-09	0.46914946705955	0.535	0.392	0.0001703019879546
Il7r	8.0508786886346e-09	0.410910475925612	0.229	0.1	0.000171193884435126
Vps28	8.67843012655051e-09	0.410931799533226	0.741	0.633	0.00018453813821097
5430416N02Rik	8.83392946933203e-09	0.300341582725659	0.194	0.081	0.000187844676235876
Sec61g	8.99936274506888e-09	0.438927392213695	0.753	0.663	0.000191362449411145
Rpl41	9.47962547369029e-09	0.352995962910181	1	0.999	0.00020157475607255
Rpl7a	9.6874425127347e-09	0.332546572773648	0.976	0.978	0.000205993777590791
Ogt	9.88085139184153e-09	0.383939183934238	0.647	0.484	0.000210106423996118
Slc2a3	1.08961900725154e-08	0.301215266033686	0.206	0.087	0.000231696585701967
Rpl4	1.10170974734053e-08	0.339715330933002	0.982	0.947	0.000234267560674491
Nol7	1.15189482189957e-08	0.414618631524198	0.829	0.762	0.000244938914928724
Gm2000	1.15349707131275e-08	0.439452244521635	0.476	0.34	0.000245279617243943
Tomm7	1.1552906272671e-08	0.32318035237813	0.953	0.907	0.000245660998982076
Lcp1	1.15664926383932e-08	0.341739755064148	0.965	0.69	0.000245949899462794
Cetn2	1.20322175111032e-08	0.467772904257244	0.594	0.482	0.000255853073156097
Arhgap15	1.27644919080632e-08	0.506024004145577	0.465	0.305	0.000271424155933055
Dgka	1.28476416614284e-08	0.339948681018248	0.271	0.135	0.000273192252288613
Glcci1	1.42165403179904e-08	0.301993636455598	0.218	0.095	0.000302300513321747
Chd2	1.52448096942387e-08	0.434403511477208	0.512	0.372	0.000324165633338291
Blm	1.57070910471879e-08	0.263164950532221	0.159	0.06	0.000333995584027403
Cd200r1	1.6240122435292e-08	0.555683212575721	0.347	0.206	0.00034532996346405
Mta3	1.67965945579619e-08	0.350826925817146	0.353	0.208	0.000357162786680503
Gtf2i	1.719576539944e-08	0.615244681404633	0.518	0.399	0.000365650755453693
Git2	1.79426402130262e-08	0.464012355311032	0.6	0.467	0.00038153230148979
Pak2	1.85757979722455e-08	0.338157708505333	0.888	0.836	0.000394995768081828
4932438A13Rik	2.12357769895644e-08	0.533782169327932	0.565	0.452	0.000451557561906098
Tasor	2.27587130165543e-08	0.272879386562335	0.212	0.091	0.00048394127358401
Acin1	2.30108161922202e-08	0.404609289953475	0.729	0.662	0.000489301995511371
Gnptg	2.37410112193139e-08	0.35167277292707	0.371	0.227	0.000504828862567491
Psph	2.78614970818574e-08	0.339689686208526	0.294	0.16	0.000592446873948616
Nsa2	3.72468088190022e-08	0.383504680932282	0.941	0.896	0.000792016142727262
Rfc2	3.85137804187549e-08	0.39204874389393	0.453	0.313	0.000818957026824404
Rps25	3.9272952784884e-08	0.302987187123892	1	0.982	0.000835100068017773
Ppp1r12a	4.49633586096724e-08	0.465128789017345	0.706	0.611	0.000956100857476075
Itpr2	4.49747924113133e-08	0.424387195833095	0.447	0.307	0.000956343985834167
Clk1	4.86852760973557e-08	0.407847650905991	0.8	0.716	0.00103524371093417
Arhgef3	5.04540529664689e-08	0.341829091460291	0.365	0.213	0.00107285498227899
Snrpf	5.39771965793282e-08	0.400002944620836	0.8	0.751	0.00114777110806284
Gatad2a	5.4649668082537e-08	0.39261183359112	0.553	0.426	0.00116207054210707
Nr4a3	5.51626749996376e-08	0.313979676010633	0.247	0.119	0.00117297912119229
Atad2	5.9372051000331e-08	0.395546741213081	0.359	0.215	0.00126248729247104
Mtmr1	5.9731463172438e-08	0.332340964307236	0.3	0.166	0.00127012983289872
Ddx21	6.0358356696174e-08	0.46346604097456	0.765	0.623	0.00128346009678744
Gramd1b	6.50262627585965e-08	0.29695513999991	0.265	0.136	0.0013827184512988
Cdk17	6.51733892541857e-08	0.346145458242115	0.312	0.176	0.00138584694910101
Map4k1	6.94422992246974e-08	0.271993152973056	0.324	0.177	0.00147662105071396
Eomes	6.97075520060824e-08	0.295154483604849	0.147	0.054	0.00148226138585734
Ifi203	8.05995382634427e-08	0.301910408744037	0.782	0.633	0.00171386858163385
Arhgap4	8.29256118234549e-08	0.30327143072313	0.335	0.195	0.00176333020981394
1110008P14Rik	1.18124459722116e-07	0.392088526282338	0.506	0.373	0.00251179851153108
Fubp1	1.2114154355665e-07	0.405714257876137	0.729	0.632	0.0025759537821886
Fmnl1	1.27333342151952e-07	0.370051281085712	0.529	0.382	0.0027076161875191
Dnaja1	1.30081083277038e-07	0.546507606669746	0.865	0.842	0.00276604415480294
Fgfr1op2	1.30727819960238e-07	0.411112052710767	0.759	0.667	0.0027797963636345
Prkar1a	1.48159561211874e-07	0.342230342905918	0.829	0.789	0.0031504649096093
Pik3r1	1.49255893901305e-07	0.644271323130898	0.6	0.51	0.00317377732791736
Ndfip1	1.65055132481501e-07	0.31793584560008	0.865	0.811	0.00350973233708665
Fdps	1.68867751841516e-07	0.372446614011104	0.388	0.247	0.00359080387515799
Fnbp1	1.72779354450577e-07	0.376055961517522	0.676	0.566	0.00367398019303707
Unc119b	1.7551779501291e-07	0.319601696071498	0.276	0.151	0.00373221039315452
Itgb2	1.88852513681468e-07	0.30261383142887	0.712	0.53	0.00401575985092273
Tra2b	1.99677795246985e-07	0.342251286860852	0.812	0.733	0.00424594863813189
Coro2a	2.0251012870712e-07	0.442601364789418	0.4	0.251	0.00430617537682821
Asxl2	2.04926433541965e-07	0.476221426325719	0.465	0.347	0.00435755568283633
Mknk2	2.17830047392701e-07	0.35825373957882	0.535	0.419	0.0046319381277584
S100a13	2.6205760277375e-07	0.356247871695939	0.829	0.776	0.00557239286538101
Atp5e	2.67187470230551e-07	0.30607107349812	1	0.972	0.00568147436698243
Phf3	2.76292017852055e-07	0.381279960458791	0.624	0.519	0.0058750734676061
Zc3hav1	2.91779418682803e-07	0.387708163524184	0.594	0.489	0.00620439755887113
Nme2	3.40042662848789e-07	0.401096087960603	0.588	0.434	0.00723066718281665
Zdhhc20	3.46763060962177e-07	0.394338556633944	0.506	0.386	0.00737356972829974
Hmgb1	3.55382253613911e-07	0.280516377959909	0.953	0.933	0.0075568482408462
Esyt1	4.4935701054471e-07	0.378863444769766	0.582	0.45	0.00955512747222272
Glipr1	4.59154465390501e-07	0.289936297077429	0.365	0.219	0.00976346055206362
Nsd3	4.71224825409369e-07	0.398440132788301	0.682	0.613	0.0100201246875048
Ankrd11	5.35748237591237e-07	0.431938783006226	0.724	0.682	0.0113921505241401
Rps6ka1	5.49766223744268e-07	0.340034998159719	0.465	0.337	0.0116902289816981
Mfsd10	6.08159218079082e-07	0.616697739435744	0.412	0.309	0.0129318976132336
Rab8a	7.19122254758933e-07	0.385061266298683	0.641	0.572	0.0152914156251939
Emg1	7.72715296175915e-07	0.337565590713412	0.694	0.596	0.0164310180578847
Prrc2c	8.38489230459739e-07	0.386681679048313	0.9	0.857	0.0178296349964959
Ptp4a3	8.42245816645761e-07	0.364434967565258	0.406	0.28	0.0179095150451555
Snrnp25	8.51321809700336e-07	0.288071403108851	0.324	0.198	0.0181025069614679
Eef1b2	8.56105420014227e-07	0.336917622686443	1	0.953	0.0182042256511825
Ddx5	8.59304473302708e-07	0.30311666056696	0.994	0.992	0.0182722503203088
Ubac2	8.78228421723782e-07	0.375332660518019	0.4	0.279	0.0186746491595345
Dhcr24	9.03875620044041e-07	0.259219832349057	0.229	0.118	0.0192200111846165
Lbh	9.88478336874181e-07	0.260748757310465	0.6	0.457	0.0210190033552926
Sun2	1.24762535615535e-06	0.408175183780333	0.359	0.233	0.0265295055732874
Fam173a	1.26001228350522e-06	0.356997518907928	0.324	0.201	0.0267929011964549
Il16	1.46169545438456e-06	0.333129155836787	0.394	0.264	0.0310814921420332
Gm20559	1.47683332438975e-06	0.356140286030852	0.335	0.213	0.0314033838098236
Ypel3	1.55851814238541e-06	0.332158301197639	0.682	0.557	0.0331403297796834
Ctse	1.57696244053862e-06	0.275185791255673	0.259	0.138	0.0335325293356131
Nop10	1.68262931324211e-06	0.35400795852596	0.824	0.73	0.0357794297167802
Serpina3g	1.72944439982074e-06	0.28110864930368	0.365	0.224	0.0367749057177883
Tent5c	1.929424790092e-06	0.381713632532026	0.335	0.216	0.0410272887365162
Gon4l	2.0914506144741e-06	0.278778137334541	0.3	0.181	0.0444726058661772
Hmgcr	2.09481963808795e-06	0.474346532697977	0.412	0.298	0.0445442447843022
Clec2d	2.10006459991051e-06	0.295056093442657	0.759	0.687	0.044655773652497
Smg6	2.12674575840344e-06	0.365601939817197	0.388	0.272	0.0452231218066908
Mdp1	2.24936236078251e-06	0.381791775240877	0.418	0.306	0.0478304412396793
Cyld	2.29952597588454e-06	0.464863864657273	0.506	0.422	0.0488971203512088
Ccnd3	2.30977530626052e-06	0.361878154528997	0.606	0.507	0.0491150621123236
