id	p_val	avg_log2FC	pct.1	pct.2	p_val_adj
Vil1	0	3.53952600193652	1	0.007	0
Tm4sf20	0	2.84325002252341	0.881	0.004	0
Alpi	0	3.0887289993041	0.762	0.003	0
Lct	0	2.02602546965488	0.524	0.002	0
Pm20d1	0	0.748182574995897	0.5	0.003	0
Elf3	0	1.19266689430982	0.69	0.003	0
Lad1	0	1.33740321744778	0.81	0.002	0
Gpa33	0	1.40408357861971	0.714	0.003	0
Nr1i3	0	0.957250917541005	0.595	0.002	0
Tstd1	0	1.96923272723531	0.69	0.007	0
Slc30a10	0	0.692959588885551	0.405	0	0
Tmem236	0	1.27160385573487	0.643	0.005	0
Entpd8	0	0.451657352180969	0.429	0.002	0
Phgr1	0	4.31978064408462	0.976	0.009	0
Ppp1r14d	0	2.08800379205439	0.905	0.003	0
Slc27a2	0	0.56562653789814	0.357	0.001	0
Hnf4a	0	1.22075409838887	0.667	0.003	0
Pck1	0	1.4072506364478	0.667	0.002	0
Glod5	0	2.68089559372718	0.976	0.002	0
2010106E10Rik	0	1.94744063093127	0.667	0.002	0
Ace2	0	2.41551203706903	0.833	0.011	0
Hnf4g	0	2.05006719211424	0.881	0.002	0
Slc2a2	0	1.56628439585109	0.619	0.002	0
Mme	0	2.43877978536638	0.857	0.008	0
Sis	0	4.03005976990131	0.857	0.007	0
Pklr	0	1.07818088107297	0.619	0.002	0
Pdzk1	0	2.00586137069622	0.643	0.002	0
Eps8l3	0	2.20805392277324	0.929	0.004	0
Gstm6	0	1.14183337536863	0.69	0.008	0
Adh6a	0	3.66677919300464	0.929	0.006	0
Clca4b	0	2.10074966044654	0.667	0.003	0
Cdh17	0	2.42656095703278	0.857	0.008	0
Aldob	0	5.01608465586865	0.976	0.014	0
Sh3gl2	0	0.387241654017727	0.381	0.003	0
Cdkn2b	0	1.30040781475311	0.762	0.01	0
Dab1	0	0.916043265406831	0.548	0.005	0
Guca2b	0	4.49537546916607	0.905	0.008	0
Tmem54	0	1.28912569322001	0.738	0.003	0
Cda	0	3.15407144567769	1	0.025	0
Rnf186	0	1.19495412661701	0.548	0.002	0
Slc2a5	0	0.851301545877065	0.405	0.002	0
Cgref1	0	2.07657557290181	0.786	0.01	0
Slc5a1	0	3.39645418586841	0.786	0.004	0
Ugt2b34	0	2.3286065164686	0.714	0.004	0
Sult1b1	0	3.50394511742844	0.952	0.004	0
Sult1d1	0	2.70136559169542	0.952	0.004	0
Muc3	0	1.75276739791124	0.595	0.003	0
Cyp3a13	0	1.82489525617332	0.69	0.004	0
Tmem184a	0	0.575930560398377	0.452	0.004	0
Cyp3a11	0	2.3621736511473	0.643	0.003	0
Cyp3a25	0	1.73997670560659	0.667	0.002	0
Slc13a1	0	1.47929552253026	0.476	0.001	0
Mgam	0	3.01176930880584	0.881	0.012	0
Aoc1	0	2.03567761575803	0.762	0.005	0
Cidec	0	0.489958799890297	0.262	0	0
Mkrn2os	0	1.3555744089804	0.786	0.002	0
Plekhg6	0	0.663670488760825	0.452	0.003	0
Clec2h	0	3.92321910659907	0.952	0.005	0
Clec2e	0	1.0700619716549	0.619	0.002	0
Gucy2c	0	1.09672370980541	0.643	0.006	0
Sult6b2	0	2.13747788413446	0.476	0.002	0
Ptprh	0	0.873054998836372	0.5	0.004	0
Ceacam20	0	0.664737854650811	0.357	0	0
Erich4	0	1.91714602688606	0.833	0.002	0
Cyp2b10	0	1.67969778024914	0.524	0.001	0
Lgals4	0	5.08972979775603	1	0.027	0
Slc7a9	0	1.35154330224664	0.714	0.005	0
Myh14	0	1.76380973882547	0.833	0.012	0
0610005C13Rik	0	1.09814188329643	0.643	0.003	0
Sult2b1	0	2.04309227915344	0.905	0.014	0
Ush1c	0	1.17141414525889	0.714	0.002	0
Slc28a1	0	0.746327606924547	0.476	0	0
Mogat2	0	1.90103258871212	0.786	0.003	0
Tmc5	0	0.631572970960952	0.476	0.002	0
Anks4b	0	1.52469039810141	0.762	0.002	0
Slc5a11	0	0.875308229113197	0.5	0.004	0
Clrn3	0	0.441905959169293	0.333	0.002	0
Prap1	0	5.69337421076616	0.929	0.017	0
Nlrp6	0	1.54431480400536	0.762	0.002	0
Cdhr5	0	2.85659224509421	0.881	0.006	0
Smlr1	0	0.990914841029156	0.571	0.001	0
Hkdc1	0	1.09502177647068	0.643	0.002	0
Pbld2	0	1.45677115638731	0.857	0.003	0
Ggt1	0	2.58518532108603	0.595	0.007	0
Misp	0	1.58456627405711	0.762	0.007	0
Reep6	0	1.71438609593089	0.81	0.016	0
Creb3l3	0	2.20344738948003	0.857	0.014	0
Myo1a	0	2.91882435640368	0.976	0.006	0
Slc39a5	0	1.37433736647452	0.619	0.002	0
Tm6sf2	0	1.92105535105752	0.738	0.005	0
Ces2c	0	2.21277076778706	0.762	0.002	0
Ces2e	0	3.06247665652777	0.762	0.01	0
Oit1	0	1.35046665570649	0.738	0.002	0
Tmem253	0	0.901416976891746	0.619	0.002	0
Cideb	0	1.91173220931288	0.857	0.006	0
Gata4	0	0.543965237801694	0.524	0.004	0
Slc15a1	0	1.400434880955	0.476	0.002	0
Ap1m2	0	0.648037677886102	0.476	0.003	0
Tmem45b	0	1.38922066548774	0.619	0.003	0
Treh	0	1.15841640300852	0.429	0.001	0
Apoc3	0	4.26298222237704	0.952	0.008	0
Gsta1	0	4.52388622758614	0.929	0.004	0
Pls1	0	3.90662342111481	1	0.012	0
Vipr1	0	0.958384392176998	0.548	0.003	0
Slc6a20a	0	1.49000796528343	0.619	0.003	0
Sec14l2	0	1.14753368667054	0.738	0.007	0
Npc1l1	0	1.45376950049555	0.667	0.002	0
Atp10b	0	1.02718311265639	0.524	0.002	0
Leap2	0	2.79370119324182	0.762	0.001	0
2210407C18Rik	0	3.65372251301161	0.786	0.008	0
Cldn7	0	3.90723600507602	0.976	0.007	0
B4galnt2	0	0.63761550174054	0.5	0.002	0
Krt20	0	3.27269896896041	0.952	0.006	0
Otop3	0	0.701045309440666	0.31	0.001	0
Myo15b	0	2.06816930797843	0.833	0.003	0
Sectm1b	0	1.81545329038198	0.762	0.003	0
Akr1c12	0	1.45488918253809	0.81	0.009	0
Eci3	0	1.19697964953604	0.69	0.005	0
Adtrp	0	1.09639315868534	0.643	0.004	0
Cdhr2	0	2.30000328128607	0.69	0.003	0
Fbp2	0	2.80701803207103	0.905	0.003	0
Slc6a19	0	1.07388798059326	0.548	0.002	0
Slc9a3	0	0.593118019645288	0.357	0	0
Apob	0	3.44902578379155	0.952	0.007	0
Slc7a15	0	0.563016688225359	0.333	0.001	0
Gpx2	0	1.88212552603738	0.738	0.003	0
Amn	0	1.14823929877314	0.5	0.002	0
Apol10a	0	1.5079865355225	0.667	0.007	0
Baiap2l2	0	0.943998130801504	0.548	0.004	0
Cyp2d26	0	1.77472289818312	0.667	0.002	0
Gpd1	0	2.02069810880622	0.905	0.008	0
Slc51a	0	1.67260452962866	0.667	0.005	0
Muc13	0	3.1961794491167	0.881	0.01	0
Gm5485	0	3.09147452377962	0.81	0.004	0
Adgrg7	0	0.927851001042346	0.643	0.001	0
Fam3b	0	0.781346488582027	0.524	0.005	0
Unc93a2	0	0.622190184778731	0.333	0.001	0
Prss32	0	0.709997217460262	0.429	0.002	0
Cyp4f14	0	2.02942265680509	0.5	0.001	0
Btnl1	0	1.04647855020204	0.5	0.001	0
H2-T3	0	1.12383319123812	0.619	0.001	0
Trim31	0	1.70264823823506	0.857	0.003	0
Themis3	0	1.09916107471658	0.69	0.001	0
Abcg5	0	0.866663285726107	0.643	0.008	0
Abcg8	0	0.813300068984172	0.571	0.006	0
Slc3a1	0	0.729819805325105	0.548	0.002	0
Mep1b	0	2.27868741116161	0.69	0.001	0
Myo7b	0	1.2407053563677	0.738	0.002	0
Spink1	0	4.69497471980481	0.952	0.01	0
Onecut2	0	1.2934816069752	0.571	0.003	0
AC100212.9	0	0.659181231445293	0.286	0.001	0
2010003K11Rik	0	1.03326127038498	0.595	0.001	0
Cst6	0	2.10149152645265	0.857	0.008	0
Ms4a10	0	2.70315302743103	0.81	0.009	0
Cyp2c65	0	1.36223923325133	0.595	0.002	0
Abcc2	0	1.51283971834499	0.643	0.008	0
Xkr9	0	0.284159432068859	0.262	0	0
Slc9a2	0	0.477363361873754	0.357	0.001	0
Ihh	0	0.418128555087515	0.262	0.001	0
Fmo4	0	0.499133572004001	0.357	0.001	0
Malrd1	0	0.375180550242018	0.286	0.001	0
Sp5	0	0.278373869898384	0.214	0	0
Fermt1	0	0.251633570154097	0.31	0.002	0
Otc	0	2.06426220291763	0.857	0.002	0
Aadac	0	1.51058938721889	0.69	0.002	0
Rab25	0	1.15388995540147	0.619	0.003	0
Gstm3	0	3.16926631541259	0.905	0.004	0
Gimd1	0	0.982569428044448	0.643	0.001	0
Dio1	0	0.673221175419194	0.476	0.001	0
2610528J11Rik	0	0.835345209375134	0.643	0.001	0
Guca2a	0	1.51777733818892	0.405	0.002	0
Ugt2b5	0	0.751549862111728	0.214	0	0
Cdx2	0	1.02298158734295	0.667	0.002	0
Akr1b7	0	1.5240838237065	0.69	0.001	0
Reg3a	0	2.85426565819999	0.738	0.002	0
Nat8f5	0	0.554904042328581	0.286	0.001	0
Nat8	0	1.11717434129197	0.405	0.001	0
Cblc	0	0.668698249144136	0.5	0.002	0
Pla2g12b	0	0.992440547421164	0.643	0.001	0
Slc5a4b	0	0.945527707559435	0.333	0	0
Rdh7	0	1.57834307127675	0.69	0.001	0
Hsd17b6	0	0.959725541127539	0.476	0	0
Ces1f	0	1.37758227090765	0.595	0.001	0
Ces1g	0	0.450483824772059	0.238	0.001	0
Ces2a	0	1.73270307689393	0.643	0.002	0
Pdzd3	0	0.468175889060384	0.405	0.001	0
Slc51b	0	1.27191113057722	0.69	0.001	0
Sowaha	0	0.499718292992501	0.405	0.003	0
Ppp1r1b	0	0.945543173408909	0.619	0.002	0
Slc16a5	0	0.452084897897442	0.381	0.001	0
Enpp7	0	1.02341517703654	0.238	0	0
Tubal3	0	0.823770524250613	0.548	0.001	0
Akr1c19	0	1.42754527973331	0.619	0.003	0
Slc17a4	0	0.508489444001308	0.381	0.002	0
Fbp1	0	1.01752638684453	0.5	0.001	0
Gcnt4	0	0.352349317900638	0.333	0.001	0
Slc26a3	0	0.977649629805337	0.571	0.004	0
Tmem30b	0	0.584074731629948	0.476	0.003	0
Mal2	0	0.831592437066911	0.5	0.004	0
Anxa13	0	2.26729115602524	0.881	0.002	0
Dnase1	0	0.840289191623154	0.262	0	0
Slc22a1	0	0.454276422427881	0.31	0.001	0
Btnl4	0	0.52600268011522	0.429	0.001	0
Slc44a4	0	0.371032893172476	0.286	0.001	0
Mep1a	0	0.835441825904316	0.333	0	0
Cdx1	0	0.390174467356492	0.357	0.002	0
Naaladl1	0	0.954009115008501	0.262	0	0
A1cf	0	0.735829909346047	0.452	0.001	0
Cyp2c55	0	0.652781025663889	0.357	0	0
Cyp2c68	0	0.765965405093717	0.452	0.001	0
Ugt1a1	0	0.269480608558472	0.214	0	0
Lrrc19	0	0.419042542079599	0.31	0	0
Ugt2a3	0	0.695431178340703	0.381	0.001	0
Mgam2-ps	0	0.260841873589997	0.238	0.001	0
Hsd17b2	0	0.874752977119743	0.476	0.001	0
Gm3776	0	1.9722003138147	0.643	0.001	0
Tmem238l	0	0.565078736896553	0.31	0.001	0
Gm21885	0	0.3676835448397	0.286	0	0
Nr1i2	0	0.335762635686835	0.214	0	0
Cyp4f40	0	0.253987353409399	0.214	0.001	0
Ms4a12	0	0.429105282300886	0.238	0.001	0
Cym	0	0.367829376812054	0.214	0.001	0
Adh4	0	0.512025170370987	0.262	0	0
Smim31	0	1.08706180498348	0.357	0.001	0
2010001M07Rik	0	0.552202860741964	0.19	0	0
Gm9926	0	0.560983145166091	0.31	0.001	0
2010103J01Rik	1.00091073397016e-307	0.441918035806637	0.238	0.001	2.12833658471415e-303
Tmprss4	1.04475080978394e-306	0.687752643958857	0.548	0.007	2.22155812192457e-302
Mettl7b	1.3011633284489e-304	0.699389402815895	0.452	0.004	2.76679370161374e-300
Reg3g	8.57624928092869e-303	2.59626594565386	0.476	0.005	1.82365364709668e-298
Pigr	5.25822230591245e-297	4.85945728872396	0.857	0.02	1.11810839112922e-292
C530008M17Rik	5.90740893300271e-295	1.09500077591069	0.643	0.01	1.2561514355137e-290
Cyp2c66	3.31754676305564e-292	0.665307760802052	0.238	0.001	7.05443143696151e-288
Cps1	1.0369202228022e-290	0.805707182840331	0.357	0.003	2.20490716176659e-286
Chdh	7.84687294710423e-287	1.11442231799136	0.667	0.012	1.66855906347224e-282
Gm44386	1.1132521471122e-283	0.461661308899621	0.357	0.003	2.36721936561938e-279
Far2	1.18667592932561e-277	0.29710928543658	0.333	0.002	2.52334769611797e-273
Igsf23	1.13137252823054e-275	1.11302335875583	0.714	0.014	2.40575054402943e-271
Adh1	3.08840682156171e-275	2.62917937904901	0.929	0.026	6.56718826536881e-271
Sema4g	2.57410942871273e-269	0.914887914355149	0.571	0.009	5.47358628921475e-265
Tmprss15	1.31817447470258e-267	0.496380655028622	0.19	0.001	2.80296620300758e-263
Ddc	5.5291560379847e-267	1.67197525196626	0.833	0.021	1.17571973991707e-262
Acaa1b	3.92753771231023e-266	0.699801887202963	0.381	0.004	8.35151619145648e-262
Dpyd	3.31411290373293e-265	1.39102159369438	0.786	0.018	7.04712967849771e-261
Flacc1	3.49937652774361e-264	0.27807542738813	0.143	0	7.441074248594e-260
Rdh16f2	4.18370797955629e-264	0.288384637687487	0.143	0	8.89623664772849e-260
Apoa4	1.84281000072674e-258	4.82323135946913	0.952	0.029	3.91855118554533e-254
Nat8f4	1.38434571162707e-257	0.629358821780662	0.548	0.009	2.94367272120381e-253
Tmem82	3.04259364652596e-252	0.612570632285761	0.452	0.006	6.46977112997281e-248
Tinag	9.13840648030814e-250	0.28565488131693	0.19	0.001	1.94319075397272e-245
Akp3	9.61406756754787e-250	0.620772619121654	0.19	0.001	2.04433532756338e-245
Aldh1a7	1.28659704618937e-249	0.697703326805048	0.405	0.004	2.73581995901707e-245
Mall	3.33962916776603e-248	1.22982746274254	0.738	0.017	7.10138746233769e-244
S100g	1.04527977306689e-245	4.43486715452396	0.643	0.013	2.22268290944944e-241
Gsta2	6.40230137409947e-245	0.255717357808733	0.119	0	1.36138536418851e-240
Pof1b	2.88487605330217e-239	0.319884701565221	0.167	0	6.13440043974173e-235
Gal3st2	1.02799488077791e-234	0.31507110798545	0.143	0	2.18592831448614e-230
Aqp11	2.66758484190807e-229	1.30026517156855	0.69	0.016	5.67235240783333e-225
Ceacam18	3.16268194672963e-225	0.272098580250367	0.214	0.001	6.72512689152589e-221
Gm1123	2.20344248144041e-220	0.788453201003425	0.405	0.005	4.68540009253489e-216
Scin	2.46039479112067e-220	0.776591509168481	0.571	0.011	5.23178348383899e-216
Fabp1	1.2139612231286e-218	7.57781439923206	0.976	0.038	2.58136714486066e-214
Pipox	3.78353903527465e-214	0.309280369021647	0.286	0.002	8.04531740460802e-210
Urah	1.05204635514721e-213	0.588394150948562	0.429	0.006	2.23707136958503e-209
Lypd8	7.51871379005963e-213	3.33936844280972	0.762	0.022	1.59877930031828e-208
Rbp2	9.82365921969384e-213	7.13339056684078	0.976	0.039	2.0889028964757e-208
Isx	3.6563820346227e-211	0.944979877282289	0.619	0.014	7.77493075842171e-207
Ms4a18	5.78842332136779e-210	0.255154879321659	0.119	0	1.23085033505565e-205
Ephx2	3.3102080983053e-208	2.83612367600315	0.976	0.04	7.03882650023638e-204
Apoa1	9.58906363508384e-206	6.58214694791248	0.976	0.041	2.03901849136423e-201
Chmp4c	2.85163887576851e-204	1.43207015361713	0.81	0.027	6.06372490543416e-200
Gdpd2	4.4241303103551e-201	0.346514647385635	0.238	0.002	9.40747069193909e-197
Arhgef16	2.55068571747316e-200	0.910797082181973	0.738	0.022	5.42377810963493e-196
Liph	9.1523324099563e-199	0.322932946927602	0.333	0.004	1.94615196365311e-194
Ifi27l2b	7.23598698722636e-198	3.90741761040965	0.976	0.043	1.53866027296381e-193
Acot4	2.4178573543376e-197	0.513559668548451	0.429	0.007	5.14133187826348e-193
Pip5k1b	2.4751823678624e-197	0.795567613084496	0.595	0.014	5.26322778702262e-193
Bche	1.07241487111727e-193	1.26278234739703	0.738	0.023	2.28038298194375e-189
Tmprss2	1.50616579547043e-190	0.611654302431112	0.429	0.007	3.20271094748833e-186
Ehhadh	7.33136624442935e-183	1.1137468977489	0.738	0.024	1.55894171821546e-178
Sgpp2	1.22709847496036e-181	0.487704861919509	0.429	0.007	2.60930219715571e-177
Slc30a2	5.74285696958257e-181	0.547454684872492	0.381	0.006	1.22116110601204e-176
Sdcbp2	1.20185243626661e-180	0.848301938559157	0.595	0.015	2.55561902047732e-176
Reg1	3.86354397987507e-180	5.00916881489118	0.571	0.014	8.21543991880636e-176
Osbpl6	4.12288441987926e-177	0.839387540285824	0.595	0.016	8.76690143043126e-173
Ckmt1	5.59881487402866e-176	3.90978018810476	1	0.052	1.19053199481346e-171
AC117816.1	6.22385112326699e-171	0.314052391293896	0.238	0.002	1.32343970285149e-166
H2-Q1	1.57923583266639e-170	0.839210272563516	0.524	0.013	3.35808707458181e-166
Hsd17b13	1.14504623597216e-168	0.259609385956233	0.167	0.001	2.43482631617121e-164
Gm3336	1.02966483125747e-166	0.444937741311945	0.357	0.006	2.18947929718588e-162
Hsd3b3	2.16106787938681e-163	0.259945577161818	0.119	0	4.59529473872811e-159
Mlxipl	4.72846350917258e-163	0.788095125613293	0.548	0.014	1.00546048059046e-158
Reg3b	1.32017077835349e-160	4.97761583998133	0.548	0.015	2.80721114309087e-156
Epha1	1.62986484078509e-160	0.497011559989373	0.357	0.006	3.46574459744542e-156
Ppara	3.69715793399168e-160	0.352824460058407	0.31	0.004	7.86163663083991e-156
Maob	4.54545929952591e-160	1.2979474943645	0.667	0.023	9.6654646545119e-156
Clic5	1.83640414815788e-159	2.03171784210142	0.952	0.05	3.90492978064291e-155
Sel1l3	2.61839134779584e-157	0.48593591685254	0.452	0.01	5.56774736195306e-153
Serinc2	4.48634004277385e-157	0.586434861825568	0.5	0.012	9.53975346695431e-153
Dsc2	1.20531499534198e-155	0.698471369862472	0.429	0.009	2.56298180609519e-151
Fabp2	1.34381106451285e-155	7.35242057652838	1	0.059	2.85747984758011e-151
Tmem139	6.6072232107863e-155	0.511142953826219	0.476	0.011	1.4049599435416e-150
Ifit1bl2	8.10123897587137e-154	1.30016426974155	0.405	0.008	1.72264745582929e-149
Klf5	1.75388558336962e-153	2.02822721794089	0.857	0.042	3.72946230447716e-149
Mttp	2.06010347918053e-149	3.10724409618256	0.81	0.038	4.38060403812948e-145
Nr1h4	5.38618227641788e-149	0.333227618125207	0.286	0.004	1.1453177992575e-144
Irf6	5.2891085797458e-141	0.846069932490709	0.643	0.024	1.12467604839715e-136
Mgst2	3.05428915632444e-140	1.95398254961535	0.905	0.052	6.4946404620083e-136
Tmem86b	1.30150728903303e-135	1.10715717201459	0.524	0.016	2.76752509939983e-131
Galm	2.26907240636217e-132	2.06140782923884	0.929	0.059	4.82495556488852e-128
Slc13a2	3.10643719758976e-132	0.499181618058619	0.238	0.003	6.60552805695487e-128
Cth	2.26704255054719e-130	0.697661670379163	0.595	0.022	4.82063927948355e-126
Rab17	2.8582220468618e-130	0.861955259376914	0.619	0.024	6.07772336044693e-126
Map3k13	8.03304121058454e-128	0.322847075503295	0.31	0.006	1.7081458830187e-123
Dhrs11	2.09616963776772e-125	1.35016750153684	0.81	0.046	4.45729511774928e-121
Bcl2l15	1.52374880645604e-124	0.329572060450682	0.167	0.001	3.24009946204812e-120
Eps8l2	8.46826848684762e-123	1.76718577222881	0.905	0.06	1.80069261104328e-118
Unc5cl	3.3178299474225e-122	0.409560031199921	0.286	0.005	7.05503360019921e-118
Tbx3	7.58974192702479e-120	1.45832444347442	0.81	0.045	1.61388272336255e-115
2200002D01Rik	1.30219551307658e-119	4.89756332260145	1	0.081	2.76898853900603e-115
Abhd3	2.6082628594041e-118	0.505746549510598	0.429	0.012	5.54621014423689e-114
Dqx1	5.59239244962581e-118	0.536952570672588	0.31	0.006	1.18916633048843e-113
Cndp1	1.05857796694186e-117	0.394633414365955	0.333	0.007	2.25096018890518e-113
Gm10499	7.45655752071491e-116	0.60027662281255	0.31	0.006	1.58556239120482e-111
Pbld1	7.88615884703688e-115	0.471747180969463	0.381	0.01	1.67691281723392e-110
Degs2	1.62087937940079e-114	1.13289142663716	0.643	0.03	3.44663791235783e-110
Dsp	6.0068704628349e-114	1.05328833574129	0.69	0.035	1.27730093521721e-109
Bco2	6.02506556503767e-113	0.680370795858269	0.524	0.02	1.28116994174961e-108
Pnp2	1.14036996225349e-112	1.3871471760906	0.69	0.036	2.42488268773581e-108
AA986860	5.04374763062451e-112	0.301576688519611	0.333	0.008	1.072502496176e-107
Slc35f2	8.97645832136418e-112	0.470602142062283	0.429	0.013	1.90875409745488e-107
Exoc3l4	6.81476559828363e-111	1.53677326267233	0.786	0.049	1.44909175681903e-106
Akr1c14	6.93866380723751e-109	0.393835320430688	0.333	0.008	1.47543747197098e-104
Grb7	8.4403432740894e-109	0.568270139824992	0.476	0.017	1.79475459380237e-104
Cftr	2.55424916975528e-106	0.413630773273485	0.405	0.012	5.43135543456762e-102
Osr2	2.87314171830784e-105	0.611183727138451	0.286	0.006	6.10944854980979e-101
Ociad2	2.1295843656428e-103	2.24263179065309	0.786	0.054	4.52834819510285e-99
Cldn3	4.91233529925507e-103	2.20316839596093	0.786	0.054	1.0445589780336e-98
Ocln	2.76585682301198e-102	0.502040032546741	0.476	0.018	5.88131794845267e-98
Fmo5	5.9307341768071e-102	2.10362702705201	0.929	0.078	1.26111131535626e-97
Chp2	6.94996480588182e-102	2.44561762533396	0.929	0.079	1.47784051632271e-97
Gm8909	6.22418822483303e-101	0.616160389282594	0.429	0.015	1.3235113841285e-96
Ppargc1a	1.25861940322239e-100	0.893264047987834	0.667	0.035	2.67632829901208e-96
Epb41l3	1.36421004703032e-100	2.02076696797472	0.929	0.08	2.90085624400527e-96
Noxo1	1.7867936620057e-100	0.560390536203756	0.429	0.015	3.79943804288891e-96
Gpt	7.75931869857038e-100	1.44196244785029	0.762	0.051	1.64994152806401e-95
Fam83b	1.82562760944712e-99	0.354796553884561	0.381	0.012	3.88201454872836e-95
Arg2	1.24058443882203e-98	2.96687894333609	0.929	0.083	2.63797875071117e-94
H2-Bl	3.21715811511278e-98	0.644277246973839	0.381	0.012	6.84096501597582e-94
Prkg2	2.33541830219411e-97	0.996482537593518	0.69	0.041	4.96603347778555e-93
Aldh1l1	1.33505727618191e-96	0.669936591921936	0.571	0.028	2.83886579207321e-92
Gipc2	5.48348546522406e-96	2.39283191626741	0.952	0.091	1.16600834932524e-91
Tjp3	7.36724525070874e-96	0.688373667659416	0.5	0.021	1.56657103011071e-91
Tkfc	2.92138980502393e-95	1.98003413846686	0.929	0.085	6.21204328140288e-91
Slc26a6	3.342001868546e-95	1.6568503526334	0.643	0.037	7.10643277327622e-91
Fahd1	3.72770311888851e-95	2.26555016844078	0.976	0.098	7.92658791200453e-91
Heph	1.62343265134414e-94	0.840076448517197	0.571	0.028	3.45206718981818e-90
Gchfr	7.29866485164807e-92	0.633343360386131	0.429	0.016	1.55198809405444e-87
Pcbd1	9.95882672755483e-92	0.652906745734075	0.5	0.022	2.11764491534726e-87
Smim24	5.72866798405324e-91	4.24463803646521	1	0.11	1.21814396012908e-86
Smim22	4.13353023085099e-89	2.9513029474759	0.976	0.106	8.78953868288154e-85
Rnf128	1.18932813689076e-88	1.55759911131663	0.762	0.056	2.52898735028451e-84
Acy1	3.42936188788962e-88	1.27941746679337	0.786	0.062	7.29219511840848e-84
Igsf9	4.9106253335481e-88	0.909028723747645	0.619	0.037	1.04419537092567e-83
Nqo1	3.35613630358279e-87	0.740312617764608	0.5	0.024	7.13648823593845e-83
Calml4	5.75324131434016e-86	3.43345360373331	1	0.119	1.22336923308129e-81
St14	1.0558850382841e-85	0.532507373654132	0.452	0.019	2.24523394540732e-81
Eppk1	3.28513494061272e-84	0.602796112602751	0.452	0.02	6.98551093771888e-80
Slc25a15	5.60217862299199e-84	1.208552850308	0.667	0.046	1.19124726239302e-79
Cdk18	2.76659465529595e-83	0.636198349268366	0.524	0.027	5.88288687502131e-79
Slc35g1	1.98930702907905e-82	0.929933161520414	0.619	0.039	4.2300624666337e-78
Sfn	5.9385258401659e-82	1.61984932847471	0.738	0.058	1.26276813465288e-77
Crb3	8.12095148262328e-82	0.901580005011604	0.619	0.04	1.72683912326501e-77
Hdhd3	1.87593120056071e-81	0.894072437687713	0.69	0.05	3.98898010487229e-77
Papss2	1.72320783031333e-80	3.27347437918579	0.929	0.103	3.66422913037827e-76
Stap2	2.92764983247707e-80	1.03014511731975	0.762	0.063	6.22535460377925e-76
Ldb3	2.26417866110553e-79	0.453674371161779	0.31	0.01	4.81454950497479e-75
Cox7a1	2.54241280554141e-79	2.90704390037548	0.952	0.113	5.40618658970325e-75
Ccl25	2.83138763311473e-79	3.29795788072527	0.905	0.101	6.02066266305516e-75
B3gnt3	1.1538346483024e-78	0.556246719048886	0.476	0.023	2.45351399615022e-74
Nipal1	2.70233024472624e-78	0.371317477859411	0.381	0.015	5.74623503238587e-74
Clcn2	1.37984296429657e-77	0.392006475621882	0.381	0.015	2.93409807928023e-73
Epb41l4b	3.73256408253815e-77	1.28387015381037	0.833	0.08	7.93692426510912e-73
Rragd	1.03844125756111e-76	1.22706918965481	0.81	0.072	2.20814149007794e-72
Cmbl	3.64641062534714e-76	1.8609384659516	0.929	0.108	7.75372755373816e-72
Tm4sf5	1.44766844292341e-75	3.64375032693997	0.929	0.111	3.07832217703234e-71
Lzts3	2.07319212747691e-75	0.416875885786708	0.405	0.017	4.40843573986689e-71
Igsf5	8.81057369319255e-75	0.550831358745658	0.452	0.022	1.87348039012046e-70
Gm13657	1.72842569142089e-74	0.28330971354939	0.238	0.006	3.67532439023738e-70
Dmbt1	1.72914206502543e-74	1.93513433301379	0.214	0.005	3.67684768707007e-70
Ano9	1.96336392926807e-74	0.476812321198917	0.405	0.018	4.17489705919562e-70
Maoa	4.26306414197222e-74	3.21206551271356	1	0.14	9.06497959148972e-70
Naip1	1.76396973447012e-73	0.461431737599752	0.286	0.009	3.75090524337726e-69
Mfsd4b3	1.99451043124198e-73	0.260339898522655	0.262	0.007	4.24112698099294e-69
Dpep1	2.83620705741477e-73	1.65117093449862	0.619	0.042	6.03091068688677e-69
Prxl2a	2.33863620446578e-72	1.4810993993529	0.476	0.026	4.97287602517604e-68
Cubn	2.5470048235005e-72	0.714241788357257	0.214	0.005	5.41595105669147e-68
Pheta1	6.29259937815482e-71	0.763252339565711	0.595	0.041	1.33805833177084e-66
H2-Q2	8.90698578124007e-71	1.91697582484905	0.595	0.043	1.89398145652289e-66
E230020D15Rik	1.02400754778921e-69	0.31514316675699	0.238	0.006	2.17744964961898e-65
Gstm7	1.80051942019508e-69	0.583809853439597	0.381	0.017	3.82862449510283e-65
Gstp2	2.30824259243624e-69	0.352057600201834	0.262	0.008	4.90824704855641e-65
Acad11	1.10967086780823e-68	1.13513135672174	0.786	0.079	2.35960413330741e-64
Ppfia3	3.06975841034935e-68	0.527834704931411	0.31	0.011	6.52753428376686e-64
Myzap	3.51808443325672e-68	0.472878228057575	0.429	0.022	7.48085473887709e-64
Bcl2l14	7.42383612956521e-68	0.416136213012834	0.333	0.013	1.57860451459075e-63
Glt28d2	3.31982504288141e-67	0.348519210109558	0.381	0.017	7.05927597118303e-63
Krt8	1.01171503417299e-66	3.36644602551461	1	0.148	2.15131084866544e-62
Ccdc68	4.888086025876e-66	0.464504576746513	0.429	0.023	1.03940261254227e-61
Prr15l	6.4389654041835e-66	1.82696737192193	0.952	0.12	1.36918160354558e-61
Spint1	1.28546765739595e-65	1.18192598528207	0.643	0.054	2.73341842668675e-61
Erbb3	2.70482298220501e-65	0.962064632590404	0.738	0.068	5.75153558936072e-61
Naprt	9.63845799547518e-63	1.41999947915115	0.881	0.115	2.04952170815784e-58
Bpnt1	1.19628873885876e-62	2.24009574264318	0.905	0.132	2.54378837430927e-58
Bbox1	6.61835923636229e-62	0.486292220731907	0.286	0.011	1.40732790802008e-57
BC030870	1.08700862232839e-60	0.844510626544115	0.381	0.02	2.31141513451909e-56
Asah2	1.73236001516429e-60	2.04705334420014	0.762	0.087	3.68369033624534e-56
Dcbld1	5.60025552102083e-60	0.289614754027259	0.381	0.019	1.19083833398987e-55
Faah	1.06120794858165e-59	0.985521858640225	0.595	0.05	2.25655258186403e-55
Gal3st1	1.90504107691945e-59	0.411505457334606	0.381	0.019	4.05087934596152e-55
Acy3	1.99811640006203e-59	0.814454482771626	0.524	0.038	4.2487947130919e-55
Epcam	9.74114252665876e-59	3.7112461074961	0.857	0.122	2.07135654686872e-54
Homer2	5.12762406543025e-58	0.404066904534941	0.429	0.025	1.09033798127309e-53
Casz1	9.77266014589927e-58	1.12224640797747	0.738	0.082	2.07805845342402e-53
Map7	2.12752452479234e-57	0.745530142318217	0.548	0.043	4.52396814951843e-53
Sec16b	4.00578475376509e-57	0.262994603684722	0.31	0.013	8.51790070040608e-53
Perp	7.53865903507512e-57	0.983380234684006	0.762	0.087	1.60302045721837e-52
Agmo	3.46318004604202e-56	0.718334164591431	0.595	0.05	7.36410604990375e-52
Arhgap27os2	7.28786241785222e-56	0.397868693162683	0.405	0.024	1.5496910645321e-51
Slc6a8	7.34477790222258e-56	1.61049484586676	0.81	0.105	1.56179357312861e-51
Pcsk5	2.2493602809261e-55	1.13227961658636	0.619	0.057	4.78303970136125e-51
Tprn	2.96535202820589e-53	0.60228505562049	0.571	0.05	6.305524552777e-49
Net1	1.99569864086882e-52	2.11017186418691	0.881	0.144	4.24365358994345e-48
Akr1c13	8.58036468471782e-52	1.90874650978411	0.786	0.113	1.8245287465584e-47
Cenpv	1.59027188063502e-51	1.10285098397515	0.762	0.099	3.3815541269823e-47
Cystm1	1.71758814621366e-51	3.03916017402514	1	0.227	3.65227943410874e-47
Abhd11os	3.9094121235759e-51	2.0577795449803	0.476	0.038	8.31297393957179e-47
Optn	4.15564826338839e-51	1.40723429726813	0.69	0.078	8.83657046726907e-47
Serpinb1a	4.64131197244469e-51	2.2606526326206	1	0.198	9.86928577820639e-47
Mgst3	3.05375063381096e-50	3.27445689360964	1	0.233	6.49349534773563e-46
4930539E08Rik	8.52099290142224e-50	0.339353787448357	0.19	0.006	1.81190393055843e-45
Abhd14b	3.5803236638336e-49	0.679397542486447	0.643	0.066	7.61320023877576e-45
Atp8b1	5.17107596865289e-49	1.07093948958679	0.643	0.069	1.09957759397435e-44
Nadsyn1	5.20909793318808e-49	0.317591453208029	0.357	0.021	1.10766258451311e-44
Gm44974	5.8244265736839e-49	0.389678035356785	0.119	0.002	1.23850606662814e-44
Cbr1	9.92810218872485e-49	2.68474471816965	1	0.239	2.11111164941045e-44
Apol7a	1.09437513818483e-48	1.07433701125458	0.619	0.067	2.32707929383622e-44
L2hgdh	1.62865635310775e-48	0.7018039119665	0.5	0.042	3.46317486924831e-44
Rassf7	1.79373269068959e-48	0.492883676815382	0.429	0.031	3.81419319348233e-44
2010001A14Rik	2.66601700636555e-48	0.648594217425158	0.524	0.047	5.6690185623357e-44
Lgals2	8.84554077954807e-48	2.90583489732194	0.81	0.12	1.8809157913631e-43
Tspan8	1.11823926297637e-47	1.28273531586408	0.69	0.086	2.37782396879295e-43
Espn	1.34390053341435e-47	1.95657405875935	0.833	0.134	2.85767009425227e-43
C77080	2.54795259252507e-47	1.02854608415215	0.667	0.08	5.4179663927453e-43
Mfsd2a	2.72938885032215e-47	0.463550075355265	0.262	0.012	5.80377245132503e-43
Khk	5.76142817755961e-47	2.35996083575549	0.952	0.212	1.22511008767628e-42
Aamdc	3.37412189446806e-46	1.83765527146009	0.952	0.211	7.17473279639689e-42
Enpep	5.75338743065836e-46	1.77175960033988	0.643	0.075	1.22340030325519e-41
C130074G19Rik	8.83765928634795e-46	0.648111100693568	0.476	0.04	1.87923987064903e-41
Gprin3	1.45452367884802e-45	0.443410707535408	0.381	0.026	3.09289915070244e-41
Ace	1.88866816587483e-45	1.99098101442618	0.619	0.072	4.01606398791623e-41
Cdc42ep5	2.11362915380857e-45	1.4725175183199	0.857	0.148	4.49442103265854e-41
Dgat2	2.44697515602224e-45	1.07270353672641	0.595	0.067	5.20324797176569e-41
Rab11fip3	4.94504206204049e-45	0.647006507497543	0.524	0.05	1.05151374407229e-40
Acbd4	7.48400544183364e-45	1.34800803579722	0.762	0.118	1.59139891715151e-40
Tm4sf4	9.14049633748367e-45	0.527945058369452	0.167	0.005	1.94363514120253e-40
Pi4k2b	4.39261724435635e-44	1.24630483584056	0.786	0.125	9.34046130839934e-40
Mtfp1	1.04310117186023e-43	0.323138196818666	0.357	0.024	2.2180503318436e-39
Mapk13	1.26108647270671e-43	1.55254568255259	0.857	0.161	2.68157427556354e-39
Slc46a1	1.2939185376204e-43	1.22471304999204	0.476	0.044	2.75138837839603e-39
Ceacam1	1.72782941894023e-43	1.29449900394998	0.738	0.102	3.67405647643451e-39
Sprr2a3	3.77893856411329e-43	1.04263508112758	0.19	0.007	8.0355349627305e-39
Lpin3	4.72949903301011e-43	0.321028150290124	0.262	0.013	1.00568067437927e-38
Vdr	7.02242372570051e-43	1.49717192990936	0.881	0.165	1.49324818103296e-38
Cdc25a	1.73044468761516e-42	0.906027541943594	0.762	0.112	3.67961758374487e-38
Abcd3	3.62625615228694e-42	1.68541324054134	0.952	0.232	7.71087108222296e-38
Nr3c2	7.07185627939587e-42	0.426753044459176	0.405	0.031	1.50375951925074e-37
Odf3b	9.82210039212463e-42	0.44489581698812	0.286	0.016	2.08857142738138e-37
Pde9a	1.38193272126064e-41	0.53639571939277	0.452	0.038	2.93854173848863e-37
Gm44639	1.38286267359601e-41	0.579304514124389	0.31	0.019	2.94051918913455e-37
Sephs2	1.5147445578221e-41	1.53982688516174	0.881	0.188	3.22095282775292e-37
Plcb3	1.68330713501863e-41	1.24633490628652	0.857	0.165	3.57938429190361e-37
Fam83h	2.13950990805971e-41	0.434353564033647	0.333	0.022	4.54945386849816e-37
Cds1	3.5995671852043e-41	1.18649513214107	0.643	0.087	7.65411966261843e-37
Gdpd1	4.30551024818273e-41	1.10984139726174	0.643	0.087	9.15523699173575e-37
Slc22a18	5.80301955957037e-41	0.513042828332984	0.429	0.037	1.23395407914704e-36
Cryl1	6.47639830143259e-41	1.5305486549931	0.905	0.207	1.37714133481663e-36
Acox1	1.21856257993139e-40	2.17933103944622	0.952	0.262	2.59115146996611e-36
Slc25a10	1.51868052485494e-40	1.03031562127703	0.69	0.099	3.22932226805155e-36
Efnb2	4.84690909890325e-40	0.565745391496569	0.5	0.049	1.03064675079079e-35
Prlr	1.04454701125314e-39	1.02880668690268	0.667	0.092	2.22112476472868e-35
Ankrd9	1.11991015313098e-39	0.62692219660136	0.524	0.057	2.38137694961772e-35
Acp6	1.21616123804367e-39	0.725073982009784	0.643	0.084	2.58604525657606e-35
Apoc2	1.3661613153315e-39	3.80345298853144	0.619	0.082	2.90500542092089e-35
Casp7	2.32711784258933e-39	1.33248166044738	0.833	0.164	4.94838338048196e-35
4931406C07Rik	4.00372216797537e-39	2.04791105652755	0.976	0.288	8.51351481798283e-35
Gna11	4.21890349937704e-39	2.58354927421365	0.976	0.302	8.97107640107533e-35
Cyp2j6	4.26575363069465e-39	1.46576339321171	0.667	0.098	9.0706985203091e-35
Aspa	5.01721019454013e-39	1.12971986095399	0.548	0.061	1.06685957576701e-34
Atp1b1	7.33964611355441e-39	3.21056735087154	0.929	0.235	1.56070234958621e-34
Bdh1	1.79435142805835e-38	0.689723671166787	0.476	0.049	3.81550887662326e-34
Gsto1	1.82949162841433e-38	2.85704658914433	0.976	0.324	3.89023099866023e-34
Prkcz	2.18183401847991e-38	0.706273691168469	0.667	0.093	4.63945185689567e-34
Larp1b	2.4257482554211e-38	1.40389773987954	0.905	0.218	5.15811109032742e-34
Hadh	3.42798211638473e-38	3.15180997093285	1	0.351	7.28926117228048e-34
Snrpn	4.5150091356022e-38	0.627174919725207	0.5	0.052	9.60071542594451e-34
Ggact	7.58468099553002e-38	0.639524898259703	0.571	0.07	1.6128065668895e-33
Frk	1.2178588276023e-37	0.619838478149595	0.595	0.077	2.58965501101354e-33
Car13	1.59730777679535e-37	0.746894047068457	0.619	0.083	3.39651525657764e-33
Soat2	1.75529770487598e-37	0.433590556148303	0.429	0.039	3.73246503964829e-33
Anpep	4.00309783773893e-37	3.29842087294968	0.833	0.194	8.51218724216806e-33
Myo6	2.55399286753244e-36	1.20635849754729	0.833	0.158	5.43081043352097e-32
Slc27a4	3.20497288930174e-35	1.51384835226039	0.69	0.122	6.81505435181121e-31
Hip1r	7.81517706097661e-35	0.517295481637617	0.571	0.072	1.66181925024607e-30
Cobl	9.66983034533067e-35	1.37483720060356	0.714	0.122	2.05619272463111e-30
Cisd3	9.81039031162169e-35	1.2902691451371	0.762	0.158	2.08608139586324e-30
Mcu	1.1590933332624e-34	1.07371360192581	0.714	0.132	2.46469606384916e-30
Grtp1	1.22648422855536e-34	0.594156373813349	0.429	0.043	2.60799606360012e-30
Tom1l1	1.65985380828936e-34	0.526102739228021	0.476	0.053	3.5295131379465e-30
Ugdh	3.20455541925244e-34	2.07306469138987	0.929	0.276	6.81416664349839e-30
Cx3cl1	5.0776302445603e-34	0.348856475850766	0.333	0.026	1.0797072952033e-29
Marveld3	5.21099612576823e-34	0.415296963108951	0.357	0.031	1.10806621618336e-29
Tspan15	7.53382031029363e-34	0.820084702722599	0.643	0.096	1.60199155078084e-29
Pcyt2	8.78302255053602e-34	1.04943583172054	0.762	0.149	1.86762191514598e-29
Llgl2	1.56345974184769e-33	0.328366680774755	0.357	0.03	3.32454079506492e-29
Aldh1b1	1.8192428238181e-33	1.12414328288933	0.619	0.094	3.8684379405668e-29
Ssx2ip	3.46854926721624e-33	0.731266891945962	0.714	0.123	7.37552316180861e-29
Cyb5b	4.22862462229584e-33	2.12190616388109	0.976	0.369	8.99174739684988e-29
Sh3yl1	9.86655248762696e-33	0.253909845305341	0.262	0.017	2.098023720969e-28
Gstk1	2.0536838005354e-32	0.828288235636339	0.571	0.08	4.36695323345848e-28
Klc4	2.65361772312665e-32	0.714454778591909	0.643	0.102	5.64265272645651e-28
Lmo7	2.66703419217558e-32	1.1112435178776	0.69	0.123	5.67118150624215e-28
Cnksr1	3.57430401523342e-32	0.300054437366434	0.238	0.015	7.60040005799234e-28
Chchd10	5.28561380694229e-32	2.21711762305795	0.976	0.356	1.12393291990821e-27
Tnfsf13os	7.54569493425108e-32	0.597649422719088	0.429	0.046	1.60451657081915e-27
Clmn	1.0263094491093e-31	0.484382474744311	0.405	0.041	2.18234441258601e-27
Ppa1	1.02710539725873e-31	2.51432270166428	0.976	0.389	2.18403691673095e-27
Styk1	1.17914781144289e-31	0.583658435897696	0.5	0.063	2.50733990625215e-27
Stard10	1.18292622515703e-31	0.992338070532034	0.714	0.138	2.51537432517392e-27
Elmo3	1.80914688171739e-31	0.336975141378009	0.333	0.029	3.84696992928386e-27
Prxl2b	2.52735257153844e-31	1.43359753441839	0.429	0.05	5.37416250811934e-27
Cgn	2.75282785377738e-31	0.695978918325481	0.595	0.086	5.85361314827222e-27
C1qtnf12	4.38023349512261e-31	0.850013242251179	0.762	0.15	9.31412850402872e-27
Arhgap32	5.33015080828437e-31	0.783700931418466	0.619	0.099	1.13340326787359e-26
Dhrs1	7.7446754779208e-31	1.99111210089	0.976	0.382	1.64682779362508e-26
Cpt2	7.77639185600569e-31	0.902900705437157	0.667	0.123	1.65357196426105e-26
Carmil1	1.07416512369555e-30	0.434165583799826	0.452	0.052	2.28410471902622e-26
Btnl2	1.09343796647052e-30	0.48550237586517	0.452	0.052	2.32508649190292e-26
Arhgef19	1.22211478525348e-30	0.260277405288647	0.286	0.021	2.598704879363e-26
Cldn15	1.41424211108107e-30	1.37238079214417	0.762	0.148	3.00724442500278e-26
Gpat3	2.71825546880787e-30	0.700970280842087	0.571	0.085	5.78009842887305e-26
Cyp4v3	4.5804675258518e-30	1.59387490528308	0.714	0.151	9.73990614697127e-26
Mdh1	5.14603913985106e-30	3.02055516249469	1	0.656	1.09425376269793e-25
Me1	6.59893460022515e-30	0.685756353720337	0.595	0.096	1.40319745339188e-25
Retsat	8.53117573875644e-30	0.982765164903995	0.548	0.086	1.81406920908917e-25
Rnf43	9.42375794594767e-30	0.255425753755655	0.238	0.015	2.00386788962631e-25
Agpat2	1.45350672116571e-29	1.49996186441928	0.786	0.206	3.09073669188677e-25
Tmem120a	1.46086776709702e-29	1.34962966552	0.833	0.229	3.10638921995511e-25
Ptgr1	1.59880512503106e-29	0.866567933312052	0.667	0.119	3.39969921786604e-25
Me2	2.07844127082329e-29	1.87904075623197	0.952	0.365	4.41959751827865e-25
Prss30	2.40675797621529e-29	0.38804648272523	0.262	0.019	5.1177301606242e-25
Ak3	2.60388610694286e-29	1.62309693548263	0.929	0.314	5.5369034178033e-25
Pex11g	4.03916032119381e-29	0.393876654664873	0.476	0.06	8.58887050698652e-25
Cat	5.41937525818612e-29	2.38373074424051	0.929	0.352	1.1523759549007e-24
Cyp4b1	5.42719994297147e-29	0.300403772158146	0.286	0.022	1.15403979587345e-24
Upp1	5.65737864409804e-29	0.89309882982611	0.667	0.116	1.20298499488101e-24
Mdh2	6.47292449443146e-29	2.68526583087008	1	0.736	1.37640266449591e-24
Prr15	8.06612695659237e-29	0.975163715302322	0.833	0.158	1.7151812360498e-24
Fzd5	1.03730756434727e-28	0.540972931590272	0.452	0.057	2.20573080482804e-24
Rfk	1.41358370268308e-28	2.1042514294371	0.952	0.347	3.0058443853853e-24
Lrrc75a	1.5633402532263e-28	0.365772701911658	0.381	0.04	3.3242867144604e-24
Slc25a5	1.83322909038833e-28	2.30959954011602	1	0.859	3.89817833780174e-24
Ahcyl2	1.95411756790238e-28	1.33851902111336	0.952	0.338	4.15523559638763e-24
Myo1d	2.47524395340126e-28	0.846390553308001	0.667	0.126	5.26335874251243e-24
Fam13a	2.78125765864261e-28	0.662315876432583	0.429	0.052	5.91406628533765e-24
Fam83g	3.08361728564056e-28	0.282833509743631	0.262	0.02	6.55700379618609e-24
Slc39a4	3.09868323428916e-28	0.977462552697323	0.548	0.087	6.58904002939248e-24
Cib1	3.27919463035823e-28	1.40966380307887	0.976	0.434	6.97287946199375e-24
Rab4a	3.57918190930768e-28	0.644828015843164	0.643	0.112	7.61077241195186e-24
Nostrin	3.59732536208612e-28	1.0321950380758	0.643	0.119	7.64935264993992e-24
Atp5g3	3.82276393590314e-28	2.2778822793127	1	0.803	8.12872523330443e-24
Txn1	4.16279778838621e-28	2.90139406935904	1	0.868	8.85177321722444e-24
Dstn	5.21463723094546e-28	2.74786780324392	1	0.789	1.10884046078824e-23
Abcg2	5.31704790977194e-28	1.1147726564956	0.762	0.179	1.1306170675339e-23
Patj	5.4993634673513e-28	0.657911570830031	0.452	0.059	1.16938464769758e-23
Mtch2	5.52716976699353e-28	2.01448664114588	0.976	0.522	1.1752973792535e-23
Atp5b	6.27956555927076e-28	1.89215774402806	1	0.929	1.33528682052334e-23
Adck5	6.42499594508448e-28	0.80581553974494	0.595	0.101	1.36621113776276e-23
Uqcrq	8.27647175484405e-28	1.91630679868847	1	0.898	1.75990895395004e-23
Chchd7	8.98887613111715e-28	1.54662821265241	0.952	0.367	1.91139462052075e-23
Aldh1a1	9.89571882006397e-28	2.29003626378205	0.857	0.233	2.1042256498984e-23
Atp5d	1.21772828872581e-27	1.7610303365169	1	0.874	2.58937743314656e-23
Plpp2	1.27786848748025e-27	0.910300794547114	0.643	0.127	2.717259551778e-23
Krt19	1.30957051521136e-27	1.48466229734497	0.81	0.152	2.78467074354545e-23
Chpt1	1.71114910237471e-27	1.59889174381203	0.857	0.281	3.63858745128958e-23
Uqcrfs1	1.76042717247391e-27	1.93906668284379	1	0.671	3.74337233954851e-23
Phyh	2.2085096948201e-27	2.46692634118538	0.952	0.415	4.69617501506545e-23
Baiap2l1	2.30198343104903e-27	0.970659245371289	0.714	0.143	4.89493756778267e-23
Dgkq	2.68042737001384e-27	0.458486137420637	0.476	0.064	5.69966075959742e-23
Atpif1	2.85662535068921e-27	2.22454312987756	1	0.867	6.07432814570554e-23
Cox6b1	3.3251336425509e-27	1.6210426001197	1	0.955	7.07056417752023e-23
St3gal4	3.81722411885594e-27	1.87814069364079	0.857	0.288	8.11694536633527e-23
Slc25a3	4.00949312953596e-27	1.69174638480112	1	0.952	8.52578619064526e-23
Entpd5	4.22302215516189e-27	0.883747275895333	0.548	0.092	8.97983431073623e-23
Spint2	4.36049512687345e-27	1.68179172313247	0.881	0.244	9.27215683778371e-23
Cdr2	5.08670797169681e-27	0.91702702477437	0.619	0.116	1.08163758310161e-22
Dok4	5.42410718760815e-27	0.326683535068788	0.31	0.028	1.153382152373e-22
Il18	5.46473496016218e-27	1.5197705194016	0.857	0.245	1.16202124192889e-22
Scp2	7.3667597527711e-27	3.31334097489069	1	0.729	1.56646779382925e-22
Dennd5b	8.02372342644472e-27	0.648131711414532	0.595	0.098	1.7061645493992e-22
Mterf2	8.37190894701937e-27	0.29264477026796	0.286	0.024	1.7802027184942e-22
Cyb5r3	9.1191095986049e-27	1.88011801379234	1	0.465	1.93908746504735e-22
Idh1	9.80731915958697e-27	2.11709562839803	0.952	0.411	2.08542834609457e-22
Scrn2	1.05812007833253e-26	0.476902392566426	0.405	0.049	2.2499865345663e-22
Tmc4	1.3881804356602e-26	0.718898914671269	0.571	0.097	2.95182687838786e-22
Cox4i1	1.73237750072633e-26	1.62780382841197	1	0.981	3.68372751754447e-22
Txndc17	1.89119557371515e-26	1.55301223173049	1	0.792	4.02143826794789e-22
Cycs	1.96752692372693e-26	2.15116612746536	1	0.762	4.18374925061294e-22
Ms4a8a	2.88024570249681e-26	1.0384740225577	0.714	0.15	6.12455446178923e-22
Atp5j2	3.53798769695727e-26	1.74544977624691	0.976	0.938	7.52317703880995e-22
Cox6c	3.6550800593119e-26	1.8560164665927	1	0.964	7.77216223812081e-22
Sdhb	3.69203102793079e-26	1.73216933990466	1	0.679	7.85073477779202e-22
Nme7	4.96557047290379e-26	1.01857661591432	0.619	0.125	1.05587890535826e-21
Hectd3	5.05962817976164e-26	0.602636031127029	0.643	0.12	1.07587933614451e-21
Car9	5.58543141456373e-26	0.605841590767176	0.405	0.051	1.18768613599283e-21
Anxa4	7.1041045095034e-26	1.939837487699	1	0.448	1.5106167829008e-21
Cox7b	7.32319607660167e-26	1.94276201328658	1	0.88	1.55720441372858e-21
Suclg1	7.44863775222832e-26	1.49831569296544	1	0.513	1.58387833163383e-21
Atp5k	8.15090582946087e-26	1.80545871053057	1	0.876	1.73320861557656e-21
Plin3	8.31546925162427e-26	1.51379301412293	0.952	0.407	1.76820138166538e-21
Dhfr	8.84390124527158e-26	0.630882053714819	0.5	0.075	1.88056716079455e-21
Gk	1.26278374921913e-25	1.31554338724841	0.69	0.154	2.68518336433957e-21
Gcat	1.48457115160659e-25	0.454797014022471	0.5	0.074	3.15679209677626e-21
Uqcrh	1.6231774787652e-25	1.58696956716966	1	0.949	3.45152459084631e-21
Gata6	1.71351326754033e-25	0.863318215033542	0.714	0.143	3.64361461209775e-21
Ptprr	1.94745067799674e-25	0.284628369583494	0.214	0.015	4.14105912169226e-21
Trpm4	2.43790504091357e-25	0.78900612161706	0.524	0.084	5.18396127899862e-21
Prdx1	2.64754325564696e-25	1.9445122775073	1	0.934	5.6297359788077e-21
Svip	2.8081659512468e-25	0.995972870812824	0.643	0.136	5.9712840787312e-21
Lnx1	2.91612416791021e-25	0.260534996204319	0.31	0.03	6.20084643064427e-21
Iqgap2	3.28407383498643e-25	1.66567957751356	0.952	0.394	6.98325460271514e-21
Rtkn	3.45225260560695e-25	0.253419616143468	0.31	0.03	7.34086994056262e-21
Cs	5.40469376094338e-25	1.68769543367395	0.929	0.439	1.149254081327e-20
Sh3d19	6.06178884442457e-25	0.936230796278571	0.738	0.165	1.28897877987844e-20
Fbxo25	6.19364885478638e-25	0.729868704459023	0.619	0.12	1.31701749248178e-20
Slc25a45	8.23682042742106e-25	0.950373301502858	0.69	0.157	1.75147749568681e-20
Msra	8.28582408618735e-25	1.00003805592083	0.69	0.159	1.76189763368688e-20
Plac8	8.92001932668986e-25	2.64843249829586	1	0.597	1.89675290962733e-20
Cnnm4	1.26724284266758e-24	0.469204694254949	0.476	0.07	2.69466518064835e-20
Mocs2	1.33724481935956e-24	1.4788450284594	0.929	0.439	2.84351738388618e-20
Dbi	1.41856490590825e-24	2.13627885931968	1	0.858	3.0164364159233e-20
Dgat1	1.67350712932247e-24	2.23522256247383	0.738	0.225	3.55854555979129e-20
Atp5a1	1.78803996922364e-24	1.80549716930356	1	0.905	3.80208819055716e-20
Abat	1.85792376808377e-24	0.488179520401442	0.5	0.077	3.95068910045333e-20
Gclm	1.92363134706157e-24	1.41776196148755	0.905	0.325	4.09040969639173e-20
Cox5b	2.08588847653861e-24	1.59159631833541	1	0.92	4.43543325651169e-20
Lap3	2.54127781434772e-24	1.85804626786998	0.976	0.452	5.40377314442899e-20
Fuom	3.71143705288891e-24	1.0633114642116	0.857	0.27	7.89199974926298e-20
Tob1	4.47600937351687e-24	1.42489718648223	0.81	0.267	9.51778633184627e-20
Chchd2	6.73851140967639e-24	1.4580700324523	1	0.985	1.43287706615359e-19
Crot	6.7766503777575e-24	1.71874925290974	0.833	0.282	1.44098693632635e-19
Arsg	7.48400104966241e-24	0.268147588364853	0.262	0.023	1.59139798320021e-19
Gsta4	8.21187126446975e-24	1.6084153373476	0.738	0.172	1.74617230567685e-19
Slc9a3r1	1.18233867928715e-23	1.80890115196906	1	0.469	2.51412496763619e-19
Cyp4f13	1.22253143120543e-23	0.744234313658749	0.667	0.146	2.59959083531523e-19
Ipmk	1.30983783985853e-23	0.972046368750156	0.762	0.197	2.78523918267519e-19
Sccpdh	1.36450925278253e-23	0.608547879891369	0.524	0.092	2.90149247511677e-19
Ccdc85c	1.4821038363615e-23	0.450807892919344	0.405	0.055	3.1515455976391e-19
Cdc14b	1.57911307284002e-23	0.427862911206022	0.5	0.078	3.35782603808701e-19
Cox7a2	1.93863246381783e-23	1.61552211468533	1	0.92	4.12230807106223e-19
Mpp1	2.15930086300742e-23	1.63326747500332	0.929	0.434	4.59153735509897e-19
Edf1	2.50716945879926e-23	1.82595543352207	1	0.843	5.33124513719074e-19
Atp5mpl	2.61157623984257e-23	1.56845705681456	1	0.91	5.55325571640123e-19
Hook2	2.86580253648529e-23	0.436628585993914	0.5	0.081	6.09384251358232e-19
Atp5f1	3.29856120888716e-23	1.36919918456879	1	0.892	7.01406055457766e-19
Casp3	3.75141678916753e-23	1.4895016678063	0.929	0.368	7.97701266048584e-19
Glrx	4.17686262475945e-23	1.82182537398168	0.929	0.425	8.8816806852885e-19
2900026A02Rik	4.64440434929211e-23	0.688920397907169	0.595	0.116	9.87586140833475e-19
Lypla1	5.89064984615699e-23	1.24487922754291	0.857	0.318	1.25258778328682e-18
Uqcr11	7.05792366467436e-23	1.68536618676304	1	0.893	1.50079688805636e-18
Cyb5a	7.34031761120759e-23	2.20912162026086	1	0.686	1.56084513684718e-18
Calm1	7.48956879465519e-23	1.45238731469467	1	0.988	1.59258190849548e-18
Sec23a	7.6906289218151e-23	1.07047592043887	0.738	0.201	1.63533533393476e-18
Cpm	8.52488323414889e-23	0.254032468500655	0.238	0.02	1.81273117090942e-18
Cyc1	9.9308408650737e-23	2.02560286873718	0.929	0.582	2.11169400154927e-18
Marc2	9.9371246708822e-23	2.37657663146941	0.976	0.601	2.11303019001639e-18
Tmem183a	1.57016758181453e-22	0.940198058726528	0.833	0.262	3.33880434597041e-18
Ndufb9	2.11857420006522e-22	1.56030011193289	1	0.857	4.50493617901869e-18
Dhrs4	2.56463527987999e-22	1.34398161562887	0.833	0.293	5.45344045913681e-18
Abhd17c	2.66106315880735e-22	0.850078849536969	0.619	0.131	5.65848470088795e-18
Sfxn1	2.86584583742961e-22	1.39924206872968	0.929	0.441	6.09393458871032e-18
Rorc	3.03083714418119e-22	0.321057176853874	0.381	0.05	6.44477210338689e-18
Cdh1	3.10977569857686e-22	0.861730085462572	0.643	0.137	6.61262704545384e-18
Gramd3	3.49099193249477e-22	0.71416954236144	0.595	0.122	7.42324524525687e-18
Adipor2	3.55405491061442e-22	1.49502988905311	0.905	0.386	7.55734236193051e-18
Acaa2	3.7938788534816e-22	1.73448198065632	0.905	0.437	8.06730399404327e-18
Cisd1	5.05137582867082e-22	1.39681185718512	0.905	0.402	1.07412455620856e-17
Ndufa6	5.21278194231559e-22	1.66132930846799	0.976	0.844	1.10844595221399e-17
Decr2	5.26358242759594e-22	0.613891673573474	0.595	0.123	1.119248167404e-17
Ifit1bl1	5.70984959231631e-22	0.620844723611237	0.238	0.021	1.21414241731014e-17
Cox5a	6.8365155879992e-22	1.70716061277606	1	0.88	1.45371667463215e-17
Acot13	8.09798667792316e-22	1.15482780446786	0.786	0.259	1.72195588719358e-17
Pex11a	8.19579588403971e-22	0.53697102230497	0.429	0.067	1.7427540367822e-17
Tfg	9.37063675687172e-22	1.54521810309432	0.929	0.451	1.9925721999812e-17
Atp5c1	9.63242247715503e-22	1.53864374326499	0.976	0.872	2.04823831554225e-17
C2cd2l	1.11718261494813e-21	0.50738167102874	0.548	0.103	2.37557711242571e-17
Ndufa1	1.15972814287097e-21	1.3535332195384	1	0.809	2.46604592300084e-17
Gsdmd	1.24618631758385e-21	1.246967600624	0.929	0.406	2.6498905857103e-17
Nectin3	1.25408725925199e-21	0.590347789757503	0.524	0.096	2.66669114807342e-17
Sh3d21	1.3752669710972e-21	0.393942257486803	0.381	0.053	2.92436768734109e-17
Pccb	1.69083715629532e-21	0.914607694771453	0.643	0.159	3.59539612914637e-17
Ndufab1	1.73999377918626e-21	1.62088938127075	0.952	0.681	3.69992277206167e-17
Tmem8	1.9897957015805e-21	0.70927264596295	0.619	0.131	4.23110157984077e-17
Tmem41a	2.52468317797185e-21	0.700362196173709	0.476	0.084	5.36848630963934e-17
Pepd	2.91446369956413e-21	2.0871869250184	0.929	0.443	6.19731561075316e-17
Cox6a1	2.96016070335363e-21	1.63039596001387	0.976	0.871	6.29448571961115e-17
Cox7c	3.65131705914723e-21	1.64845663754277	1	0.977	7.76416059457067e-17
Il17rc	3.73089031153432e-21	0.630427215972285	0.571	0.116	7.93336515844659e-17
Myo5b	3.7722270056111e-21	0.795655302733929	0.619	0.124	8.02126350473145e-17
Uqcrc1	4.34645248998881e-21	1.62893965519034	0.952	0.666	9.24229657471221e-17
Akr7a5	4.6443352487147e-21	1.28614632586248	0.786	0.278	9.87571447286695e-17
Uqcr10	4.73926114449832e-21	1.48642398195984	0.976	0.877	1.00775648976612e-16
Nr1h3	5.02277965235268e-21	0.4686400900328	0.476	0.079	1.06804386527627e-16
Cttn	5.45574926558744e-21	0.979934640523567	0.714	0.178	1.16011052383451e-16
Ttyh2	5.50413960388958e-21	0.4889082559852	0.476	0.08	1.17040024537108e-16
Ndufc1	6.44224816673083e-21	1.41744847475293	1	0.809	1.36987965017364e-16
Ldha	6.74235462129034e-21	1.44307361462057	1	0.848	1.43369428667118e-16
Gss	6.79015155823587e-21	0.605533342572728	0.595	0.132	1.44385782734327e-16
Decr1	7.32810231503314e-21	1.09556593550316	0.762	0.253	1.55824767626865e-16
Dglucy	9.1889158467621e-21	0.723653679906817	0.476	0.083	1.95393106565549e-16
Gramd1c	9.44002338554045e-21	0.339677616329075	0.238	0.022	2.00732657270132e-16
Cmtm4	1.15628920609782e-20	0.588185461612612	0.595	0.128	2.4587333678464e-16
Frat2	1.17983185311782e-20	0.262167709042082	0.357	0.046	2.50879445246973e-16
Synj2bp	1.50546480706649e-20	1.09902380071755	0.929	0.359	3.20122036574618e-16
Zfpm1	1.57051859548534e-20	0.736375827776202	0.548	0.112	3.33955074144003e-16
Erbb2	1.8404045682229e-20	0.38551096476994	0.333	0.042	3.91343627386918e-16
Atp5j	1.8675067642824e-20	1.12827498395785	1	0.927	3.9710663835701e-16
Abcb1a	2.22548661576795e-20	1.17847321446606	0.524	0.108	4.73227473976896e-16
Pcdh1	2.39235061019847e-20	0.316135087727785	0.381	0.052	5.08709433752604e-16
Dnah2	3.00775563119739e-20	0.307633973584401	0.167	0.012	6.39569157417814e-16
Atp5h	3.36098447483545e-20	1.18748193012673	1	0.952	7.14679738729009e-16
Gpx4	3.36745385261893e-20	1.76316111539559	1	0.854	7.16055387220888e-16
2310061I04Rik	3.53230128822215e-20	0.526863925728601	0.548	0.111	7.51108545927557e-16
Trim2	4.03067433227721e-20	0.767558941919645	0.643	0.156	8.57082590015426e-16
Ogdh	4.80605566279164e-20	1.5631749422017	0.905	0.559	1.02195967613601e-15
Arhgef5	5.96024583079664e-20	0.727180568435024	0.69	0.167	1.2673866734606e-15
Dsg2	6.31888211473606e-20	0.593386790095058	0.667	0.138	1.34364709287747e-15
Sod1	7.3107413650136e-20	1.57671840033922	0.952	0.564	1.55455604385649e-15
Plekhb2	7.61797089197807e-20	0.98073863403951	0.929	0.349	1.61988533047022e-15
Tmem79	8.97436352377691e-20	0.276447193757761	0.262	0.028	1.90830865969592e-15
Efna1	9.89172075925297e-20	0.676556659811536	0.476	0.086	2.10337550224755e-15
Mical1	1.01047281165768e-19	0.720708430737058	0.619	0.138	2.1486693867089e-15
Magi3	1.06010302699318e-19	0.640990891543582	0.595	0.13	2.2542030765983e-15
Serpinb6a	1.29495675466988e-19	1.38768007256981	0.952	0.439	2.75359604313003e-15
Acadvl	1.34768262359741e-19	1.03012136364682	0.833	0.311	2.86571233081753e-15
Prpsap1	1.49436581252983e-19	1.14812070031626	0.786	0.278	3.17761946376342e-15
Ndufa3	1.53070364857366e-19	1.18582396142271	0.976	0.859	3.25488823832702e-15
Thap4	1.62598576523735e-19	0.545245931574564	0.524	0.105	3.45749613120069e-15
Tpi1	1.62846216473352e-19	1.34120299680674	1	0.755	3.46276194708936e-15
Sdhd	1.84833115620469e-19	1.44047058914568	0.881	0.515	3.93029137055364e-15
Abhd18	1.99094375545976e-19	0.430699830562714	0.452	0.076	4.23354280160963e-15
Ubxn2a	2.10782149635014e-19	1.67401997818901	0.833	0.341	4.48207162983893e-15
Atl2	2.39938581524633e-19	0.810247528497598	0.619	0.151	5.1020539975398e-15
Cox8a	2.74177814393982e-19	1.0902582760562	1	0.985	5.83011704527363e-15
Lratd2	2.94468201609225e-19	0.302959837343062	0.143	0.009	6.26157183901855e-15
Ndufa5	3.1573485513345e-19	1.40048648570838	0.952	0.733	6.71378595955768e-15
Pdk2	3.29878378643716e-19	0.543461238619656	0.405	0.065	7.01453384347998e-15
Aco1	4.19831761043189e-19	1.00381178166784	0.714	0.222	8.92730256682238e-15
Aldh3a2	4.65572044134718e-19	0.804537031955092	0.714	0.201	9.89992394648065e-15
Areg	5.37202968743118e-19	0.862271483704024	0.262	0.029	1.14230839273537e-14
Dynll2	5.68670008177352e-19	1.34086706976975	0.905	0.466	1.20921990538832e-14
Id1	6.42041013181141e-19	0.842609820722713	0.571	0.127	1.36523601042838e-14
Xpnpep1	6.81718811961919e-19	1.06505789652154	0.786	0.288	1.44960688175582e-14
Nek3	7.1264231149291e-19	0.283578222895619	0.214	0.02	1.51536261115852e-14
Hist1h2bc	7.82218440635768e-19	1.28123389195867	0.952	0.373	1.6633092921679e-14
Insl6	7.85274193359528e-19	0.459332028315756	0.381	0.06	1.6698070447597e-14
Fam98c	7.97842058647282e-19	0.816173121113582	0.738	0.218	1.69653135350758e-14
Aldh5a1	8.01262722027071e-19	0.29367069447103	0.262	0.029	1.70380505211836e-14
Stard4	8.43179753153287e-19	1.07571569478399	0.714	0.206	1.79293742710515e-14
Lpgat1	1.21621414676007e-18	1.27492244226655	0.857	0.397	2.5861577616706e-14
Ralgps2	1.331219971028e-18	0.831599223297302	0.833	0.257	2.83070614639393e-14
Dennd2d	1.41031655690581e-18	0.395243447944284	0.357	0.052	2.99889712660452e-14
2210016F16Rik	1.43757622612691e-18	0.948272680700489	0.929	0.417	3.05686208723626e-14
Ndufv1	1.49679138972259e-18	1.14522061904461	0.952	0.464	3.18277721110611e-14
Acadm	1.51071086182779e-18	1.23355067099026	0.905	0.481	3.21237557659062e-14
Ndufb3	1.51480886934532e-18	1.21549929624162	0.976	0.698	3.22108957977589e-14
Luzp1	1.65049306599103e-18	1.08674241973691	0.881	0.343	3.50960845552332e-14
Sord	1.79882962186186e-18	1.21305875370829	0.619	0.17	3.82503130792707e-14
Aco2	1.8625282584314e-18	1.44564062378179	0.881	0.546	3.96048008872852e-14
Kbtbd11	1.94224542378102e-18	0.587738270544439	0.619	0.146	4.12999066912795e-14
Uqcrb	2.11649452936529e-18	1.39516752002816	0.976	0.894	4.50051396724235e-14
Tprkb	2.4907799635318e-18	0.600398142411464	0.69	0.179	5.29639451445402e-14
Kctd5	2.69330354614302e-18	0.680089858919783	0.619	0.153	5.72704066051851e-14
Smdt1	2.71033673262961e-18	0.985805701615949	1	0.899	5.76326002826361e-14
Adap1	2.81458666609063e-18	0.918762123535567	0.643	0.17	5.98493708677512e-14
Sco1	3.26488199026385e-18	0.382786744809908	0.452	0.081	6.94244506409705e-14
Thnsl2	3.40054468772442e-18	0.258925684375887	0.262	0.03	7.2309182239772e-14
Fblim1	4.0892135056043e-18	0.358757934719203	0.5	0.093	8.69530359831699e-14
Itpk1	4.36299885457646e-18	0.889282889989712	0.81	0.269	9.27748076437138e-14
Abhd17a	5.65517877192482e-18	1.44301608417214	0.881	0.527	1.20251721406209e-13
Dpp4	5.78865768628795e-18	1.36209915830892	0.69	0.205	1.23090017041227e-13
Coro2a	5.86319163822978e-18	1.00074265541912	0.786	0.251	1.24674906995318e-13
Rbm47	5.96793043815673e-18	1.16279190704794	0.81	0.349	1.26902072836965e-13
Srr	6.4479770691147e-18	0.381841353185352	0.405	0.068	1.37109784397655e-13
Chchd3	6.85904503303066e-18	0.983388341020579	0.881	0.422	1.45850733582364e-13
Bpgm	7.18067616974115e-18	0.524821376884896	0.524	0.11	1.52689898073376e-13
Tdp2	7.34007111033352e-18	0.601218981677294	0.595	0.138	1.56079272090132e-13
Plekha7	7.62948372949152e-18	0.327349301490566	0.381	0.06	1.62233342023908e-13
Hook1	7.73333479635037e-18	0.427554525201219	0.429	0.078	1.64441631109594e-13
Ndufa4	8.47795079908184e-18	1.48636731626607	0.976	0.919	1.80275145791676e-13
Arhgef26	8.96885246882476e-18	0.40227498263211	0.333	0.047	1.9071367889709e-13
Ak2	8.99772458745199e-18	1.41959460488967	0.952	0.588	1.91327615627579e-13
Apol10b	1.00700301811014e-17	0.387068673271546	0.31	0.043	2.14129121770939e-13
Atp5g1	1.34004684025011e-17	1.34744996022715	1	0.871	2.84947560110783e-13
Slc31a1	1.50024954206827e-17	0.951275779568787	0.833	0.323	3.19013062625396e-13
Lpcat3	1.62538755828644e-17	1.12965694121998	0.738	0.287	3.45622410394029e-13
Zfp747	1.74539855059006e-17	0.320542479238889	0.333	0.048	3.7114154779747e-13
Ndufb8	1.93738758899841e-17	1.05653376472685	1	0.827	4.11966096924622e-13
Chac2	2.20065076894286e-17	0.396952462492702	0.429	0.076	4.67946379508009e-13
Ahcyl1	2.4850051652706e-17	1.02057947017159	0.857	0.361	5.28411498343140e-13
Ndufs7	2.50466872295563e-17	1.02550944958112	0.976	0.733	5.32592757249284e-13
Chka	2.93509209793872e-17	2.03893072666203	0.667	0.221	6.2411798370569e-13
Tubb4b	3.07356836867334e-17	1.25513142688248	0.952	0.511	6.53563577914699e-13
Gng12	3.37769934246713e-17	1.21855962082583	0.976	0.579	7.18233988182211e-13
Ndufa12	3.93878186988804e-17	1.24516156347508	0.952	0.651	8.37542576812993e-13
Ndufa11	4.07515318206987e-17	1.09177590575546	1	0.765	8.66540572635337e-13
Ezr	4.35696211883716e-17	1.30153527025225	0.976	0.523	9.26464424949534e-13
Hagh	4.49753501967179e-17	1.09248850608012	0.786	0.313	9.56355846583009e-13
Sucla2	5.17785544774187e-17	1.09075204386329	0.857	0.385	1.10101918240783e-12
Cyp4f16	5.74224196060219e-17	0.805860362847154	0.548	0.132	1.22103033050245e-12
Akr1a1	6.59550681498097e-17	1.19172079962613	0.976	0.857	1.40246856913755e-12
Elovl7	7.11478106806256e-17	0.323608710452677	0.31	0.044	1.51288704631282e-12
Casp6	7.8510726994304e-17	1.11384869495772	0.81	0.34	1.66945209880688e-12
Sdha	8.93503321291423e-17	1.09093993991685	0.976	0.605	1.89994546239408e-12
Acaa1a	8.96659476554753e-17	1.25610925635268	0.905	0.568	1.90665671094603e-12
Nhsl1	9.62917610140146e-17	0.414938766162507	0.476	0.097	2.04754800620201e-12
Gadd45a	9.69033005758608e-17	0.648928123525308	0.595	0.15	2.0605517834451e-12
Pcx	9.85261400455855e-17	0.295648826825539	0.214	0.022	2.09505984192933e-12
Slc37a4	1.03157915390153e-16	0.444511897162763	0.452	0.088	2.19354991285621e-12
Dhrs7b	1.07142609893297e-16	0.696730949356874	0.667	0.194	2.27828045677108e-12
Vdac2	1.0922609590711e-16	1.22853521755647	0.952	0.8	2.32258370336878e-12
Srxn1	1.19923908685297e-16	0.82427465960596	0.571	0.148	2.55006199428414e-12
Ndfip2	1.39838030023059e-16	1.13283092043829	0.833	0.398	2.97351587041032e-12
Serf2	1.50799176730387e-16	1.44565043307939	1	0.978	3.20659369399494e-12
Pycrl	1.53279300990528e-16	0.515210928617112	0.548	0.129	3.2593310562626e-12
Bcar1	1.55500077534886e-16	0.49077869379661	0.452	0.089	3.30655364870182e-12
Pank3	1.68647242438243e-16	1.06338833362528	0.762	0.3	3.5861149632068e-12
Mylk	1.83965198189788e-16	0.619687899562042	0.786	0.252	3.91183597430766e-12
1810055G02Rik	2.40740496109688e-16	0.52530468482773	0.476	0.101	5.1191059092764e-12
Esrra	2.9091244277264e-16	0.965033255548431	0.667	0.217	6.18596218311742e-12
Gstp1	3.61117992839183e-16	1.0628030357743	0.69	0.226	7.6788129997324e-12
Hadha	3.85098563139613e-16	1.2078074805586	0.881	0.578	8.18873584660074e-12
Thoc7	4.2260429362034e-16	1.18242451339237	0.929	0.636	8.98625769954291e-12
Camk2n1	4.69810996453289e-16	0.795097654817037	0.667	0.178	9.99006102858273e-12
Atp5e	4.85182468812139e-16	1.00262566629568	1	0.973	1.03169200168213e-11
Xpnpep2	5.99334740620509e-16	0.549067817443248	0.214	0.023	1.27442539245545e-11
Atp5l	6.0187020522554e-16	1.53172364323221	0.952	0.836	1.27981680439159e-11
Esd	6.15459840717104e-16	1.08027879009727	1	0.726	1.30871380530085e-11
Ift20	6.48457080253553e-16	1.07216505400921	0.976	0.642	1.37887913545116e-11
Gstt1	7.78810369917469e-16	0.876319212455623	0.643	0.187	1.65606237059251e-11
Fam8a1	8.37884565613599e-16	0.578929119954965	0.643	0.182	1.78167774032076e-11
Hsd17b4	8.53586786494635e-16	1.32289417102963	0.81	0.355	1.81506694280219e-11
Aldh9a1	8.62676224829141e-16	1.1612433528648	0.81	0.365	1.83439472447669e-11
5033406O09Rik	8.96908159506388e-16	0.448911927297514	0.262	0.035	1.90718551037438e-11
Coq4	9.55966057552916e-16	0.481348379985696	0.5	0.115	2.03276622478052e-11
Hpgd	9.82713977705342e-16	1.12055236890166	0.905	0.304	2.08964300219264e-11
Idh3a	9.85730302086821e-16	0.922832563776635	0.786	0.354	2.09605691435742e-11
Acsl5	1.02130262520552e-15	2.23380478565832	0.762	0.387	2.17169790223702e-11
Eif6	1.11298084799502e-15	0.922697603387234	0.929	0.614	2.36664247517662e-11
Aprt	1.24191154242541e-15	1.0848997958467	1	0.736	2.6408007038134e-11
Ndufs6	1.24852339958631e-15	1.08100142271072	0.976	0.719	2.65486015688032e-11
Fam234b	1.26983651143598e-15	0.296955616650536	0.333	0.052	2.70018035791746e-11
Spryd7	1.28014344342213e-15	0.569316707736101	0.571	0.148	2.72209701809282e-11
Pex16	1.32286001833236e-15	0.653417666088706	0.619	0.182	2.81292954298194e-11
Slc25a24	1.51828851651889e-15	0.769155268327399	0.762	0.281	3.22848870152577e-11
Ndufv3	1.6219220077005e-15	1.05841645164081	0.976	0.813	3.44885495717435e-11
Tpmt	1.80317708255253e-15	0.333406160953089	0.357	0.061	3.83427574833969e-11
Fat1	1.98414686591822e-15	0.589925479724111	0.476	0.103	4.21908989568851e-11
Sptssa	2.09602281228588e-15	1.19311542123005	0.905	0.598	4.45698290804469e-11
Crip1	2.13925343198953e-15	1.65807797440291	1	0.908	4.54890849778254e-11
Slc35c2	2.18036433363491e-15	0.891009342957382	0.667	0.217	4.63632671904126e-11
Ckb	2.43160038277757e-15	1.51535264563648	0.881	0.54	5.17055505393823e-11
Casp1	2.56554186112714e-15	1.09978312394119	0.762	0.312	5.45536821350076e-11
Krtcap3	2.5795800058425e-15	0.384387752689168	0.405	0.079	5.48521892442349e-11
Sdhc	2.88085760109546e-15	1.0996734754303	0.857	0.502	6.12585560296939e-11
Pcyt1a	2.94330080593055e-15	1.16960551761484	0.81	0.332	6.25863483373072e-11
Uqcrc2	3.3439955434402e-15	1.24473222793978	0.905	0.624	7.11067212357123e-11
Slc52a2	4.18859987525662e-15	0.497308005839343	0.452	0.099	8.90663877474568e-11
Ctnnd1	4.36822444014148e-15	0.808477334531811	0.833	0.323	9.28859244951685e-11
Sdsl	4.76408852529974e-15	0.388233541764142	0.333	0.056	1.01303578401974e-10
H2afv	4.85925316737764e-15	0.95624668741705	0.952	0.573	1.03327159351118e-10
Gata5	4.94167186194148e-15	0.383536538026173	0.333	0.056	1.05079710472324e-10
2310030G06Rik	6.01641863628003e-15	0.407110286610664	0.405	0.077	1.27933125881859e-10
Phlpp2	6.82874754605875e-15	0.450458509039243	0.429	0.089	1.45206487819393e-10
Crat	6.99270087452741e-15	0.744367225101496	0.667	0.213	1.48692791395951e-10
Slc35e2	7.89037791340659e-15	0.343974975267721	0.452	0.094	1.67780995950678e-10
Miga2	8.09133224492972e-15	0.259139452825689	0.357	0.062	1.72054088856185e-10
Tmem170	8.51982250440078e-15	0.273993029018941	0.238	0.03	1.81165505733578e-10
Tma7	9.5216848451733e-15	1.08809156982756	1	0.896	2.02469106547765e-10
Pkp4	1.00285406381751e-14	0.578594166197308	0.524	0.127	2.13246888130155e-10
Ndufs5	1.22086201425328e-14	1.03638771439407	0.929	0.75	2.59604098710818e-10
Mapk3	1.32922544638875e-14	0.873983707867519	0.929	0.506	2.82646498920104e-10
Tpm1	1.39812420056904e-14	0.778596382026852	0.952	0.492	2.97297130009001e-10
Gstm1	1.4763645480876e-14	1.78460938798461	0.857	0.374	3.13934157505348e-10
Cpped1	1.60027154514686e-14	0.569070740568404	0.524	0.135	3.40281741360028e-10
Paqr4	1.60702790378052e-14	0.349880448034212	0.452	0.095	3.41718413459889e-10
Fam234a	1.95152207601162e-14	0.955039441846808	0.714	0.278	4.14971654243111e-10
Arfgap3	1.97465134230324e-14	0.659531650116842	0.643	0.191	4.1988986142736e-10
Pnpo	1.97785796653154e-14	0.714208651427699	0.571	0.155	4.20571718003266e-10
Gstm4	2.0030128667542e-14	0.467169027158346	0.333	0.059	4.25920655986613e-10
Arl4a	2.09775833733335e-14	0.998105159060635	0.714	0.266	4.46067332850563e-10
Vdac1	2.85067451822991e-14	0.974315209027133	0.952	0.655	6.06167429556407e-10
Pxmp4	3.00021362684191e-14	0.525293801291889	0.571	0.16	6.37965425611665e-10
Tmem98	3.52633398606331e-14	0.369990697090142	0.643	0.155	7.49839658796503e-10
Alas1	3.72302264209699e-14	0.931866626713586	0.81	0.346	7.91663534615503e-10
AU040320	4.03938119706085e-14	0.680159549443058	0.548	0.158	8.58934017743019e-10
Sec31a	4.37056663059452e-14	1.184846080522	0.881	0.488	9.29357288329619e-10
Ptprf	4.59518985998349e-14	0.735192958534903	0.619	0.171	9.7712117182689e-10
Ptpn3	4.91996549133961e-14	0.332750346752549	0.333	0.058	1.04618146207845e-09
Smagp	5.41341919991499e-14	0.693592296031587	0.643	0.189	1.15110945866992e-09
Hdac11	7.5990115311649e-14	0.28695325386647	0.286	0.045	1.61585381198691e-09
Gale	8.07312190529389e-14	0.427561979569695	0.429	0.097	1.71666864194169e-09
Hsd17b11	8.28003457602386e-14	1.23949752841401	0.81	0.442	1.76066655224571e-09
4833439L19Rik	8.42992683179112e-14	0.748271787025786	0.762	0.295	1.79253964151206e-09
Micu1	8.61817639335783e-14	0.73384342306739	0.714	0.269	1.83256902828361e-09
Barx2	9.61716913377276e-14	0.25505492600293	0.405	0.079	2.04499484460544e-09
Etfdh	1.02062325438388e-13	0.536657002603614	0.595	0.173	2.17025328812189e-09
Nfe2l2	1.06145139250528e-13	1.09015834763402	0.952	0.715	2.25707024102322e-09
0610040J01Rik	1.06648316887889e-13	0.292544406164704	0.286	0.045	2.26776981030408e-09
Lima1	1.06722886575305e-13	1.00034349789516	0.881	0.445	2.26935546013728e-09
Rhod	1.16158016681832e-13	0.3642180721974	0.333	0.061	2.46998406672248e-09
Cmpk2	1.36033156164038e-13	0.342167958093644	0.405	0.082	2.89260903267211e-09
Rwdd2b	1.47376227536612e-13	0.291192643062584	0.31	0.053	3.13380810233851e-09
Gsta3	1.52416134046049e-13	0.380223163357401	0.357	0.067	3.24097667435518e-09
Snx25	1.55294728483429e-13	0.329172806282631	0.357	0.069	3.30218710647164e-09
Arhgap42	1.66020985868417e-13	0.330297128577186	0.381	0.074	3.53027024350603e-09
Gpd2	1.77627549993435e-13	0.642883476588137	0.69	0.233	3.7770722230604e-09
Ppip5k2	1.87836097372898e-13	0.632281715930776	0.69	0.24	3.9941467745373e-09
Coq9	2.01149150033871e-13	0.410300251885629	0.548	0.147	4.27723552632022e-09
Pkp3	2.08078365729965e-13	0.489726140938909	0.571	0.151	4.42457836888198e-09
Aifm1	2.21795248183308e-13	0.895218289211452	0.69	0.274	4.71625415736987e-09
Fdx1	2.35773393218269e-13	0.781685083228861	0.738	0.302	5.01348543339327e-09
Ndufs2	2.45028047070147e-13	0.919177692068616	0.905	0.627	5.21027639289962e-09
Nadk2	2.50707811997247e-13	0.514032955234485	0.476	0.122	5.33105091430945e-09
Acadl	2.58883820115781e-13	1.13434976076952	0.81	0.463	5.50490555094197e-09
Dhcr24	2.60007002685674e-13	0.596178017915144	0.476	0.118	5.52878890510817e-09
Snx7	2.75191457521425e-13	0.677082759557161	0.5	0.136	5.85167115273557e-09
Ndufb4	2.94246487741689e-13	1.16865836575681	0.881	0.574	6.25685731533927e-09
Slc16a10	3.11386844880994e-13	0.676757958037658	0.548	0.154	6.62132986954946e-09
Tstd3	3.15534009843746e-13	0.503860636444352	0.476	0.12	6.70951518531741e-09
Pdcd6	3.1655474997725e-13	1.12091692934003	0.905	0.592	6.73122020351625e-09
Mgat3	3.24702899412084e-13	0.340749620673806	0.381	0.077	6.90448245309855e-09
Gda	3.32745725206865e-13	1.97548513439988	0.857	0.564	7.07550510079878e-09
Hdlbp	3.51568136102477e-13	1.01720233240995	0.952	0.727	7.47574484608308e-09
Plekha8	3.866782538555e-13	0.498811545534076	0.381	0.082	8.22232638998334e-09
Mon1a	4.00320812902982e-13	0.30578564361588	0.357	0.069	8.512421765569e-09
Higd2a	4.11559014651523e-13	0.93616007384998	0.905	0.592	8.75139088754999e-09
Dgcr6	4.24089879031623e-13	0.752206604814506	0.69	0.264	9.01784718772843e-09
Smpd2	4.36393946885691e-13	0.52859115939965	0.524	0.141	9.27948088657732e-09
Slc23a1	4.37570913390655e-13	0.254172186083642	0.143	0.013	9.30450790233888e-09
Azin1	4.61864616848674e-13	1.05137116445135	0.881	0.47	9.8210892126702e-09
Stx3	4.63923113829076e-13	0.516754655748999	0.571	0.165	9.86486109246148e-09
Bri3bp	4.84262025719358e-13	0.65819215466215	0.69	0.239	1.02973477148964e-08
Ndufb10	4.89534345439358e-13	1.18261057205261	0.952	0.778	1.04094583214225e-08
Ndufb7	5.23628542867428e-13	0.882775492264048	0.976	0.852	1.1134437335533e-08
Sec13	5.33492814086972e-13	0.927003354018196	0.905	0.473	1.13441911987454e-08
Tesk2	5.42149628945333e-13	0.295591273463731	0.286	0.047	1.15282697098936e-08
Mpi	5.92938030709513e-13	0.503915682524667	0.476	0.126	1.26082342850071e-08
Hadhb	6.09032377191527e-13	0.892030365874431	0.857	0.494	1.29504644686006e-08
Nudt4	6.85610207194226e-13	1.24422528265342	0.881	0.417	1.4578815445778e-08
Mrps31	7.93970079591663e-13	0.694940379395087	0.619	0.21	1.68829797724371e-08
Cmpk1	8.2432113119519e-13	1.19024956521596	0.952	0.661	1.75283645337345e-08
Lgals9	9.12558499133257e-13	1.2764970974841	0.905	0.565	1.94046439255696e-08
Rab11fip1	1.00953430953965e-12	0.891608658029098	0.619	0.214	2.14667375580511e-08
Txnrd1	1.07433576707572e-12	0.998888744828502	0.833	0.491	2.28446757510981e-08
Naip6	1.15042375685421e-12	0.425790782201065	0.333	0.062	2.44626107657478e-08
Slc2a9	1.45291291468163e-12	0.333016218079144	0.286	0.049	3.08947402177901e-08
Abr	1.62954471007039e-12	0.652647385281893	0.714	0.265	3.46506387149368e-08
Ddhd2	1.64175018393542e-12	0.748026571465292	0.714	0.301	3.49101759112028e-08
Mrps36	1.73095016422086e-12	1.06256582726465	0.833	0.5	3.68069242919924e-08
Jup	1.81048197485163e-12	0.620999372741384	0.738	0.261	3.8498088713245e-08
Aldh18a1	1.8124044528101e-12	0.558794930818071	0.548	0.162	3.85389682845539e-08
Hipk2	1.99210620528785e-12	0.690714563213245	0.833	0.391	4.23601463492408e-08
Ugt1a7c	1.99535760359793e-12	0.275062586682636	0.214	0.029	4.24292840829064e-08
Nckap1	2.20543888746717e-12	0.640324121490616	0.738	0.248	4.68964525031019e-08
Gucd1	2.44472266385755e-12	0.421752675246816	0.429	0.104	5.1984582724267e-08
Nit1	2.69437864578503e-12	0.65029499997155	0.69	0.262	5.72932675239729e-08
Mpnd	2.7154016353298e-12	0.641851163988396	0.667	0.247	5.77403003736529e-08
Pld1	2.74587838127667e-12	0.533198048122608	0.5	0.139	5.83883578994672e-08
Prrg2	2.75749319882247e-12	0.437113650421535	0.452	0.113	5.86353353797609e-08
Selenoi	2.82112153484027e-12	1.1408882986206	0.571	0.201	5.99883283168434e-08
Nectin2	3.34949865824342e-12	0.656733184982237	0.595	0.188	7.12237394688881e-08
Prelid1	3.36854382886679e-12	0.79509492400787	1	0.783	7.16287159770234e-08
Fnbp1l	3.91948726769077e-12	0.66010709180927	0.595	0.192	8.33439772601766e-08
Psme2	3.97800132792612e-12	0.90912318770874	1	0.823	8.45882202370211e-08
Glo1	4.32830532402065e-12	0.872959553551206	0.81	0.432	9.20370844099751e-08
Nlrc4	4.94676292422804e-12	0.274802271223089	0.333	0.064	1.05187966820785e-07
Golga4	5.17639319127316e-12	0.957254557898368	0.786	0.442	1.10070824819232e-07
Rab8a	5.17954399585683e-12	0.782165675908446	0.905	0.572	1.101378235279e-07
Lasp1	5.3106238547512e-12	1.00033369705861	0.833	0.474	1.12925105647429e-07
Dyrk2	5.34099243357738e-12	0.682757602396991	0.619	0.214	1.13570863107589e-07
Ndufa2	5.35362380532566e-12	0.783640435057823	1	0.906	1.13839456596445e-07
Mtmr4	5.52913044165947e-12	0.464908670623707	0.452	0.118	1.17571429711447e-07
Dlst	5.76126265914425e-12	0.832870925104605	0.762	0.369	1.22507489184043e-07
Acsl1	5.94581667173583e-12	0.451591255456986	0.595	0.181	1.26431845707791e-07
Dlg3	6.09660732046729e-12	0.381659289487826	0.405	0.093	1.29638258062416e-07
Dnpep	6.22344840340723e-12	0.659404478505401	0.738	0.32	1.32335406850051e-07
Id3	6.32313366344141e-12	0.43956636675077	0.762	0.279	1.34455114219418e-07
Cdk11b	6.35667027005997e-12	1.07203066504197	0.905	0.531	1.35168236622555e-07
Hint2	6.39524364548332e-12	0.926723946162839	0.81	0.426	1.35988460877557e-07
Itgb4	6.78009765099161e-12	0.471386203023219	0.452	0.113	1.44171996450686e-07
Htatip2	7.94284248953121e-12	0.655336115865575	0.643	0.238	1.68896602697392e-07
Mettl26	8.7318126226207e-12	0.827868356203897	0.667	0.265	1.85673263607407e-07
Entpd7	9.01834392080681e-12	0.741240254832644	0.571	0.207	1.91766065132036e-07
Src	9.33435089735344e-12	0.484479281585097	0.524	0.153	1.98485637481324e-07
Gmds	9.93645551125779e-12	0.854991768650935	0.476	0.147	2.11288789991386e-07
Adamtsl5	1.03700044488265e-11	0.358905619538896	0.333	0.069	2.20507774599846e-07
Usp2	1.1178699564355e-11	0.577857160084708	0.452	0.119	2.37703867536444e-07
Pde5a	1.12398073658635e-11	0.444416779070147	0.452	0.11	2.39003263827722e-07
Endog	1.15095490253759e-11	0.627444386944973	0.548	0.179	2.44739050475593e-07
Xdh	1.15386475004983e-11	1.33491841330218	0.857	0.493	2.45357800450595e-07
Ndufa13	1.18514733133229e-11	0.742026243226152	1	0.902	2.52009728534498e-07
Vapa	1.19117236848054e-11	0.887270144587149	0.929	0.787	2.53290892433703e-07
Ppard	1.26672732527127e-11	0.729271383481698	0.548	0.183	2.69356898445684e-07
9430038I01Rik	1.36567665344834e-11	0.587156869893576	0.643	0.223	2.90397483589256e-07
Sphk2	1.37541890450506e-11	0.434783096579151	0.595	0.189	2.92469075853955e-07
Pmm2	1.54872822928682e-11	0.523104964466403	0.714	0.272	3.29321570675549e-07
Tax1bp1	1.59996426978287e-11	1.06207946742541	1	0.832	3.40216402326629e-07
Guk1	1.66351998484253e-11	0.902870336019093	0.786	0.437	3.53730889576915e-07
Hyal2	1.70501250131344e-11	0.302968513146836	0.405	0.096	3.62553858279289e-07
Fth1	1.80827878500428e-11	1.51303574813395	1	0.999	3.84512400843309e-07
Pnp	1.81312043866321e-11	1.08548001142113	0.976	0.719	3.85541930077345e-07
Eps8	1.83205319739768e-11	0.8685074453392	0.929	0.567	3.89567791894644e-07
Tnik	1.86064455406505e-11	0.322655163447469	0.429	0.101	3.95647457976392e-07
Slc7a7	2.00204538453897e-11	0.694606125480904	0.595	0.219	4.25714930568367e-07
Fam160a2	2.06600616663919e-11	0.270384952619214	0.357	0.077	4.39315551274157e-07
Frat1	2.07148084343934e-11	0.272833944488241	0.19	0.026	4.4047968654894e-07
Rhoc	2.20373982109838e-11	1.0580712899561	0.881	0.485	4.6860323555836e-07
Atp5o	2.33185736803398e-11	2.58693014854188	0.524	0.205	4.95846150738746e-07
Ghitm	2.50134487584824e-11	0.924637041056946	0.929	0.654	5.3188597440037e-07
Immp2l	2.52072070440765e-11	0.430049697994013	0.333	0.073	5.36006050585242e-07
Tmco4	2.74100728479148e-11	0.313826185950447	0.357	0.078	5.8284778903806e-07
Slc7a8	3.0207146642953e-11	0.808415613731167	0.667	0.258	6.42324766215752e-07
Nudt7	3.38763487717247e-11	0.30071219810697	0.381	0.088	7.20346680281954e-07
Emc9	3.43435673903438e-11	0.393106818733167	0.5	0.141	7.3028161698827e-07
Thra	3.5450930120111e-11	0.58469644157126	0.786	0.303	7.5382857807404e-07
Dera	3.63980789625256e-11	0.714052201540943	0.667	0.277	7.73968751059144e-07
Hint1	3.68642770809916e-11	0.847736021843288	0.976	0.931	7.83881987850206e-07
Letm1	3.76673322289943e-11	0.863944918805721	0.643	0.283	8.00958152517334e-07
Etfa	4.11205269747774e-11	1.03555815660105	0.833	0.516	8.74386885591667e-07
Pin4	4.16853811109564e-11	0.829008642444715	0.881	0.526	8.86397943943376e-07
Kmt5a	4.48711208112718e-11	0.71727096520619	0.881	0.504	9.54139512930883e-07
Depdc7	4.66078678993136e-11	0.401122275793202	0.333	0.072	9.91069703011004e-07
Arpin	4.90646147397616e-11	0.263652941847525	0.31	0.062	1.04330996782629e-06
Mrpl12	4.96495043818788e-11	0.914101718907438	0.857	0.534	1.05574706117627e-06
Zzef1	5.00452513668148e-11	0.831756659525549	0.714	0.337	1.06416222506395e-06
Ifngr2	5.02297453328577e-11	0.849895053623487	0.881	0.545	1.06808530475789e-06
Mgat4a	5.2270634232029e-11	0.887258921535645	0.667	0.316	1.11148276630986e-06
P4hb	5.30163126715529e-11	1.77611533641146	0.833	0.779	1.1273388726479e-06
Abhd6	6.90011695132995e-11	0.633347063589127	0.429	0.123	1.4672408685308e-06
Etl4	7.3540763366092e-11	0.354332335507976	0.452	0.119	1.56377079221658e-06
Micos10	8.06249750325373e-11	1.51474677545696	0.524	0.202	1.71440946909187e-06
Pgpep1	9.26094175584204e-11	0.361384255602371	0.524	0.155	1.96924665496225e-06
Car4	9.37122688578861e-11	0.557239619958391	0.286	0.055	1.99269768499409e-06
Osgin1	9.77794488371742e-11	0.383092307873527	0.333	0.072	2.07918220007367e-06
Zfand6	1.1566154730677e-10	0.915193693836369	0.881	0.569	2.45942714193116e-06
Ech1	1.19028944510383e-10	0.872311501461858	0.881	0.596	2.53103147606878e-06
Ndufs3	1.20513899692815e-10	0.885489750953743	0.833	0.534	2.56260756306802e-06
Prkca	1.28294014454478e-10	0.552897302897472	0.524	0.169	2.72804392336002e-06
Mpc1	1.30235495898052e-10	1.00505722960854	0.905	0.661	2.76932758477618e-06
Tle5	1.3868001078068e-10	1.61946315572034	0.524	0.2	2.94889174924039e-06
Atp5md	1.3898002670308e-10	2.74273847664033	0.524	0.222	2.95527128781429e-06
Prdm16	1.4572282266527e-10	0.252894184257241	0.262	0.048	3.09865010115429e-06
Gpr89	1.45852480273481e-10	0.632920642733633	0.548	0.194	3.1014071405353e-06
Prdx6	1.49219036871086e-10	1.05878579550777	0.857	0.617	3.17299360002677e-06
Eci1	1.70287116754499e-10	0.963498194690488	0.667	0.323	3.62098525066766e-06
Atg4d	1.71989072216464e-10	0.433959597946122	0.5	0.15	3.65717563161089e-06
Mxd1	1.7204697424173e-10	1.20857530517163	0.81	0.389	3.65840686027614e-06
Gpbp1l1	1.73153566549175e-10	0.662645090065715	0.786	0.351	3.68193743910165e-06
Tcea3	1.75127539356287e-10	0.651442920567871	0.571	0.194	3.72391199687208e-06
Zswim7	1.78343583079476e-10	0.292621052417542	0.452	0.121	3.79229795060197e-06
Enpp3	1.92556411304418e-10	0.58854892717652	0.214	0.035	4.09451952997714e-06
Gapdh	1.98915971753054e-10	0.764843761505898	1	0.975	4.22974922335694e-06
Akr1e1	2.11022716451792e-10	0.353225509044373	0.571	0.179	4.48718704263089e-06
Etfb	2.40623376064768e-10	0.883031116681726	0.929	0.695	5.11661546864123e-06
Mcrip2	2.46269940619951e-10	0.370275324345824	0.429	0.118	5.23668401734264e-06
Slc40a1	3.07868201815049e-10	0.891255592574469	0.405	0.114	6.5465094433952e-06
Yes1	3.1984671316288e-10	0.341283872807308	0.405	0.105	6.80122050869547e-06
Kctd14	3.26750762297961e-10	0.252294131411192	0.167	0.022	6.94802820950384e-06
Zfp768	3.26932228153193e-10	0.263529614616124	0.357	0.084	6.9518868994495e-06
Shroom3	3.42640461234191e-10	0.369774076988316	0.405	0.105	7.28590676768384e-06
Immt	3.48103865156853e-10	0.856128144893247	0.81	0.559	7.40208058869533e-06
Ces2g	3.55968731853353e-10	0.495271661265957	0.381	0.101	7.5693191141297e-06
Tspan3	3.63375625469701e-10	0.972010435303937	0.762	0.427	7.72681929998773e-06
Ndufa10	3.66676791765669e-10	0.89552733286973	0.833	0.585	7.79701530010518e-06
Nipsnap3b	3.8838333438574e-10	0.603715687006211	0.738	0.333	8.25858322237837e-06
H1f0	3.97121642167572e-10	0.640711864107572	0.881	0.471	8.44439459905124e-06
Slc4a4	4.03703020967534e-10	0.528157454811368	0.548	0.168	8.58434103785364e-06
Ppcs	4.73767062718929e-10	0.27746756763196	0.429	0.115	1.00741828216553e-05
Tbc1d31	5.90286608726686e-10	0.291874549862455	0.357	0.087	1.25518544479643e-05
Slc39a14	6.67351604741051e-10	0.579968550014595	0.524	0.179	1.41905645232137e-05
Myl12b	6.87707767946673e-10	0.962414187320566	0.952	0.806	1.46234179776181e-05
Abcc3	6.93078352846779e-10	0.550651517869617	0.5	0.167	1.47376180949339e-05
Mlx	7.57976560557e-10	0.735339178292959	0.69	0.299	1.6117613583684e-05
Sox6	8.56593486743631e-10	0.306441829052424	0.381	0.095	1.82146039021166e-05
Ndufb5	8.69754524544862e-10	0.866449850880074	0.905	0.771	1.84944602099219e-05
Ctnna1	8.74001884310949e-10	0.768257026360929	0.905	0.614	1.8584776067988e-05
Zbtb7b	8.96705061343673e-10	0.517937825960619	0.595	0.22	1.90675364244119e-05
Nr1d1	9.67361092735607e-10	0.58736666439843	0.619	0.228	2.056996627593e-05
Tmed4	9.89614817892617e-10	0.627528479941974	0.643	0.279	2.10431694876686e-05
Ccs	1.05510726798888e-09	0.537269130557681	0.762	0.336	2.24358009465156e-05
Timm8b	1.06967060191569e-09	0.79170160063208	0.881	0.581	2.27454756791353e-05
Nkiras1	1.09971744648069e-09	0.546055917115008	0.429	0.126	2.33843917819653e-05
Myo18a	1.1207914716564e-09	0.753888078494532	0.69	0.312	2.38325098533016e-05
Atp1a1	1.12356771031324e-09	1.91124794529	0.881	0.802	2.38915437921006e-05
Slc43a2	1.14866115083599e-09	1.41591248573264	0.667	0.347	2.44251307113764e-05
Cndp2	1.17167583774447e-09	1.35668369166199	0.857	0.536	2.49145150137983e-05
Ubald2	1.28291352996614e-09	0.735401458527486	0.857	0.506	2.72798733012001e-05
Mrpl34	1.28888400972181e-09	0.901906832569246	0.786	0.512	2.74068295827246e-05
Cox16	1.28987810381851e-09	0.809644666630902	0.714	0.32	2.74279679995969e-05
March8	1.2950302001061e-09	0.591589488136638	0.595	0.229	2.75375221750561e-05
Tnfaip1	1.36698233495204e-09	0.632365019585384	0.667	0.291	2.90675123704203e-05
Tes	1.45116406206171e-09	0.496660931862971	0.833	0.401	3.08575526156802e-05
Lysmd3	1.47615266797565e-09	0.599852186941068	0.643	0.269	3.13889103318342e-05
Ppm1b	1.57394667086969e-09	0.604728672670553	0.643	0.253	3.34684020093731e-05
Pja1	1.59194548909029e-09	0.549366890033327	0.595	0.223	3.3851128880016e-05
Twf1	1.74343615691969e-09	0.807229202041879	0.833	0.491	3.70724264407402e-05
Tmem181a	1.86093639506604e-09	0.277509420289836	0.429	0.12	3.95709515046843e-05
Ppp2r5c	2.23925490758997e-09	0.962522830604164	0.881	0.594	4.76155163549932e-05
Prr5	2.2630695547025e-09	0.29055047587256	0.429	0.119	4.8121911011194e-05
Actn4	2.3117686803509e-09	0.978472576489969	0.81	0.626	4.91574492189815e-05
Slc35f5	2.41951884423262e-09	0.352705843830803	0.524	0.171	5.14486487037625e-05
Ndufb2	2.49343380296108e-09	0.810643807485958	0.905	0.714	5.30203763861644e-05
Bet1	2.75027023313073e-09	0.742717569177062	0.738	0.359	5.84817462372918e-05
Acat1	2.78358260031923e-09	0.88133524013862	0.833	0.544	5.9190100413188e-05
Them4	2.80675369896241e-09	0.467040155983143	0.357	0.094	5.96828106547368e-05
Slc25a1	2.84038573644558e-09	0.545032477575502	0.667	0.303	6.03979622997788e-05
Lrrc8b	3.11787133261063e-09	0.393687843487861	0.452	0.139	6.62984160166324e-05
Tacc2	3.18341390861416e-09	0.352551227584064	0.429	0.126	6.76921133527716e-05
Synpo	3.34900116826317e-09	0.275066739529776	0.429	0.123	7.1213160841948e-05
Itga3	3.38466952435249e-09	0.368767562637261	0.405	0.112	7.19716127658314e-05
Ap1ar	3.50865048299847e-09	0.718255553217601	0.595	0.238	7.46079438704795e-05
Ndufv2	3.52663660061473e-09	0.903652970036784	0.857	0.681	7.49904006754717e-05
Apeh	3.72336154921035e-09	0.490871526390742	0.548	0.202	7.91735599824089e-05
Copb2	3.79979470195255e-09	0.653506404008898	0.905	0.63	8.0798834542319e-05
Fhl2	3.99602439830155e-09	0.304474564172919	0.333	0.081	8.49714628054842e-05
Ndufa7	4.14524738147293e-09	0.667914378346031	0.929	0.836	8.81445403196404e-05
Plpp1	4.31179895793061e-09	0.459117323244877	0.619	0.227	9.16860930414364e-05
Fam126b	4.36550406609647e-09	0.501362699747392	0.524	0.185	9.28280784614754e-05
Ccdc25	4.73239410238281e-09	0.85738039427411	0.714	0.342	0.000100629628193068
Ube4b	4.73710630961961e-09	0.811902258888282	0.667	0.319	0.000100729828567751
Idh3b	4.84578802345621e-09	0.78484947016915	0.786	0.512	0.000103040836530773
Acads	4.8571511911308e-09	0.586965607387976	0.619	0.295	0.000103282462928205
Pak1	4.93910773429298e-09	0.620873026778569	0.619	0.254	0.000105025186862006
Lamtor2	5.04127361978783e-09	0.749741208779977	0.881	0.757	0.000107197642251168
Ndufb6	5.40532968093295e-09	0.850202014258054	0.833	0.653	0.000114938930335358
Prr13	5.8285006735336e-09	0.862037120534848	0.929	0.666	0.000123937238322018
Gmnn	6.26988340201463e-09	0.343471221664414	0.5	0.161	0.000133322800660439
Lrba	6.27873596845314e-09	0.328744642698645	0.69	0.248	0.000133511041633187
Rnf5	6.76398084278556e-09	0.582866774840463	0.619	0.258	0.000143829288640992
Pgp	6.98075420816613e-09	0.730661226012823	0.786	0.447	0.000148438757482445
Map2k2	7.03321553527479e-09	0.92975742520404	0.857	0.67	0.000149554295142083
Fam110c	7.08841792026592e-09	0.252316094750042	0.238	0.048	0.000150728118656534
Sec24a	8.01373186466473e-09	0.560700495081031	0.548	0.215	0.000170403994370231
Rmdn3	8.10982263314188e-09	0.50328789068954	0.452	0.154	0.000172447268471129
Npepps	8.66602269181171e-09	0.673802457349753	0.786	0.405	0.000184274306518684
Mical2	9.35968246640084e-09	0.282763118689538	0.452	0.137	0.000199024287965547
Dgka	9.40417591307877e-09	0.312022180162761	0.452	0.136	0.000199970396615707
Dnajb12	9.86502781333865e-09	0.371188367000313	0.595	0.221	0.000209769951422833
Lcorl	9.90614671482404e-09	0.433318060011027	0.571	0.213	0.000210644303744018
Ppp1r16a	1.05642603325135e-08	0.267886210090601	0.357	0.094	0.000224638431710568
Ndufs4	1.06406120541556e-08	0.767315084715371	0.881	0.64	0.000226261974719565
Dcaf11	1.09099929596035e-08	0.558278583488773	0.619	0.256	0.000231990090293008
Gde1	1.11750237760229e-08	0.883282679089769	0.619	0.331	0.000237625705573352
Aspscr1	1.19277544271075e-08	0.558749698391473	0.571	0.23	0.000253631770138015
Tmbim6	1.19332413466578e-08	0.957011734367202	0.905	0.935	0.000253748443995331
Mov10	1.25226035731858e-08	0.395458288366632	0.405	0.123	0.000266280642380222
Mkrn1	1.27999456935365e-08	0.728889996449825	0.857	0.604	0.000272178045227359
Timm13	1.28169935908237e-08	0.621724147928187	0.952	0.759	0.000272540551715274
Wdtc1	1.28264822573094e-08	0.466389711314442	0.5	0.18	0.000272742318719427
Tmem135	1.31679303789728e-08	0.424775663602309	0.524	0.189	0.000280002871578477
Ppp2r5d	1.39563012185989e-08	0.433452018360302	0.476	0.161	0.000296766789112286
Tpd52	1.40662482517735e-08	0.744221431451643	0.905	0.654	0.000299104702825711
Strbp	1.44191994327383e-08	0.620618683099958	0.548	0.214	0.000306609856737746
Tsc22d1	1.46330712446415e-08	0.517812543122231	0.81	0.352	0.000311157626946058
Hdhd2	1.51070352378954e-08	0.263738683042032	0.214	0.041	0.000321235997298607
Bag4	1.5191134638913e-08	0.40043249750671	0.429	0.133	0.000323024286961847
Golph3l	1.54051788388036e-08	0.461020044682662	0.571	0.211	0.000327575722828321
Gk5	1.55510062681454e-08	0.255431177401947	0.262	0.057	0.000330676597285843
Gpc4	1.5760341548347e-08	0.25655740270392	0.333	0.085	0.000335127902684051
Lta4h	1.59315423052004e-08	0.639182608889544	0.714	0.347	0.000338768315577782
Coa3	1.74264294411244e-08	0.706215005948484	0.81	0.608	0.000370555595636069
Fbxo8	1.91127199756995e-08	0.382715665862609	0.476	0.161	0.000406412877563275
Gnb1	1.92807786682799e-08	0.720006342674567	0.952	0.869	0.000409986477602305
Mvp	1.95877281712362e-08	0.809006973425137	0.857	0.522	0.000416513451833167
Ifi35	2.08912383912335e-08	0.709853605697725	0.81	0.454	0.00044423129315119
Wbp1	2.13928791011423e-08	0.466875226259997	0.524	0.196	0.00045489818120669
Slc25a39	2.22938196907225e-08	0.67334704987007	0.762	0.476	0.000474055781903522
0610012G03Rik	2.26364776739826e-08	0.653253735563837	0.881	0.586	0.000481342061259566
Cox17	2.33863916578103e-08	0.812341660400706	0.952	0.768	0.000497288232211678
Gpr155	2.34822442820648e-08	0.277465418124092	0.333	0.086	0.000499326442413825
Rxra	2.34940817627445e-08	0.350812039190197	0.524	0.182	0.000499578154602999
Tmem19	2.51911728704345e-08	0.448298279386257	0.524	0.198	0.000535665099916918
Sos2	2.54657159296669e-08	0.35201204398645	0.595	0.215	0.000541502983528437
Isoc2b	2.61731146476962e-08	0.283047733506936	0.357	0.1	0.000556545109868612
Elovl6	2.7935964830481e-08	0.64124575824653	0.429	0.147	0.000594030356155347
Tbrg1	2.82451203787611e-08	0.703761101587117	0.881	0.522	0.000600604239733975
Sort1	2.91016521452263e-08	0.328303075462457	0.333	0.088	0.000618817531216091
Vat1	2.9707206499268e-08	0.445422018571854	0.786	0.369	0.000631694039000434
Slc4a7	3.12002829179828e-08	1.41334292689949	0.643	0.356	0.000663442815967987
Mocs1	3.36710559043795e-08	0.259496523948039	0.31	0.079	0.000715981332750726
Sap30l	3.39474358649588e-08	0.693189635574581	0.738	0.387	0.000721858276232483
Mpc2	3.59764274988458e-08	0.977404743626901	0.833	0.687	0.000765002754335456
Cpox	3.61544538744536e-08	0.562637940792264	0.524	0.209	0.000768788307186381
Tcim	3.62390623199357e-08	0.541995717190179	0.405	0.123	0.000770587421171112
Taldo1	3.66551295708141e-08	0.722481883636583	0.905	0.819	0.000779434675193792
Rmdn1	3.79898448385342e-08	0.37814182635064	0.452	0.153	0.000807816060646591
Cmas	3.92983726954416e-08	0.613974249659313	0.667	0.349	0.000835640596995871
Mrpl53	4.13529141384736e-08	0.546956697660521	0.31	0.086	0.000879328366240503
Grhpr	4.42440735868709e-08	0.394845434931911	0.5	0.186	0.000940805980751223
Pgrmc1	4.45903226650054e-08	0.857470145453301	0.69	0.396	0.000948168621148674
Rnf167	4.91680036562774e-08	0.535680673858108	0.643	0.279	0.00104550842974708
Rcan1	5.05828857070508e-08	0.351018771751139	0.405	0.124	0.00107559448167473
Serhl	5.1101476485046e-08	0.447911569598635	0.476	0.169	0.00108662179597802
Rab3gap2	5.23202991782512e-08	0.635452679586307	0.548	0.22	0.00111253884172633
Gm49980	5.42635229594748e-08	0.456592765497954	0.19	0.036	0.00115385955221027
Zfp706	5.50254234127944e-08	0.731716020990648	0.881	0.737	0.00117006060344966
Sar1b	5.76773256729285e-08	1.01625240795383	0.714	0.492	0.00122645065310915
Nuak2	5.76775908437682e-08	0.493389018823484	0.524	0.193	0.00122645629170189
Cox11	6.28050621856537e-08	0.320830345396618	0.31	0.083	0.00133548684231574
Rnpepl1	6.3881034233604e-08	0.493903427258373	0.69	0.326	0.00135836631194336
Lurap1l	6.47602062004136e-08	0.312398634653179	0.333	0.091	0.00137706102464559
Lsr	6.63670627153257e-08	0.413237154449086	0.524	0.193	0.00141122922157868
Gstt3	7.08856891696869e-08	0.335918261253765	0.381	0.116	0.00150731329450422
Atp9a	7.27417119308656e-08	0.359691201190886	0.476	0.16	0.00154677976249793
Sec24c	7.28168886884846e-08	0.435957346201344	0.643	0.277	0.00154837832107194
Chmp2b	7.53982059092423e-08	0.782100853785268	0.714	0.392	0.00160326745045413
Gm43305	8.05631928904161e-08	0.390822727836982	0.476	0.166	0.00171309573362181
Tmem243	8.31168946179885e-08	0.627793541756	0.667	0.315	0.00176739764715691
Gpi1	8.38282301995224e-08	0.690646723074495	0.905	0.823	0.00178252348696265
Afg3l2	8.65165125993755e-08	0.408239373243238	0.619	0.264	0.00183968712391312
Copz1	9.03804864938473e-08	0.646736987800227	0.81	0.528	0.00192185066480517
Arhgap5	9.46098014477212e-08	0.55720493648966	0.81	0.435	0.00201178281798434
Scoc	9.74480770750419e-08	0.911583170127966	0.643	0.313	0.00207213591092369
Bcar3	1.00302478274362e-07	0.333882686691513	0.429	0.144	0.00213283189802603
Ccng2	1.04187407126132e-07	0.54403784401785	0.429	0.149	0.00221544102513008
Dlat	1.05380610469044e-07	0.528231833092291	0.595	0.259	0.00224081330101374
Echs1	1.05706722775148e-07	0.618683574417665	0.786	0.461	0.00224774775309075
Batf2	1.06168513120755e-07	0.359494339832204	0.381	0.115	0.00225756726299973
AI661453	1.21028390557094e-07	0.254269532983239	0.262	0.063	0.00257354769680605
Neurl3	1.2665312448405e-07	0.399481780875761	0.833	0.419	0.00269315203902883
Micos13	1.28706294232535e-07	0.979258386002152	0.429	0.165	0.00273681064056063
Ddt	1.29733952108922e-07	0.604688750158024	0.762	0.467	0.00275866275764412
Gmppb	1.33780325662196e-07	0.385234347347758	0.548	0.218	0.00284470484488094
Atp6v0a2	1.35794703649501e-07	0.657483035344445	0.619	0.332	0.00288753857840299
Ptges2	1.4180645683828e-07	0.309058630376838	0.429	0.146	0.00301537249820918
Mrps35	1.55954552640513e-07	0.347514594018249	0.619	0.261	0.00331621760734787
Apoo	1.65562644616157e-07	0.391673593753728	0.405	0.138	0.00352052407511797
C230096K16Rik	1.72168811856459e-07	0.322752749066133	0.31	0.084	0.00366099761531574
Pdha1	1.78707706939762e-07	0.585509123878691	0.762	0.467	0.00380004068036709
Chn2	1.8339024407599e-07	0.277236237726725	0.381	0.116	0.00389961015003185
Mrpl18	1.8633011454824e-07	0.594120194473778	0.857	0.577	0.00396212355575377
Mast2	1.96118223833913e-07	0.366528213772288	0.452	0.162	0.00417025791160432
Nr2f6	2.04901124238718e-07	0.441393935705783	0.595	0.251	0.00435701750581209
Uap1	2.17121188310531e-07	0.332601724029451	0.595	0.237	0.00461686494823513
Snx9	2.17270508601749e-07	0.527769598322324	0.857	0.479	0.0046200400949076
Prkar2a	2.27590098905792e-07	0.719651991999505	0.643	0.348	0.00483947586313276
Akap7	2.29758111082311e-07	0.500044076249089	0.595	0.268	0.00488557647405427
Pex19	2.36835840238106e-07	0.401375649409555	0.524	0.212	0.00503607730682308
Cnnm2	2.36949554529281e-07	0.263063581077757	0.238	0.056	0.00503849532751064
Tomm70a	2.46774945950003e-07	0.698062686398437	0.738	0.428	0.00524742245068086
Tbc1d24	2.48928917995539e-07	0.383500920341899	0.31	0.085	0.00529322451225713
Ndufa8	2.62228538706413e-07	0.793403564467211	0.833	0.69	0.00557602764705317
Nipsnap1	2.68148209980764e-07	0.278436618170219	0.381	0.12	0.00570190353703097
Ppdpf	2.68240146898331e-07	0.731380812782308	0.738	0.442	0.0057038584836461
Dynlt1a	2.77136191521113e-07	0.330739664237028	0.333	0.096	0.00589302397650495
Vti1b	2.8057977035191e-07	0.573386776160784	0.881	0.498	0.00596624823676302
Fgd4	2.96088876689608e-07	0.480196843235994	0.595	0.252	0.00629603387392781
Slc25a11	2.98980270054051e-07	0.589737392562947	0.762	0.494	0.00635751646242935
Stk16	3.11085213155671e-07	0.541558368572504	0.667	0.32	0.00661491597254218
Ocel1	3.19062064068924e-07	0.422031647850286	0.571	0.248	0.0067845357303616
Lonp2	3.41442147912361e-07	0.558461132639622	0.643	0.325	0.00726042583320845
Arcn1	3.42656121792682e-07	0.630831694614245	0.857	0.575	0.0072862397737996
Tsta3	3.56359370495434e-07	0.428431800035262	0.571	0.245	0.00757762565421491
Ap1g2	3.59518179156936e-07	0.350999857897124	0.405	0.133	0.00764479456159308
Tmem238	3.81171848056437e-07	0.482771813605622	0.548	0.232	0.00810523817707207
Ndrg3	3.89451717498525e-07	0.336768640154732	0.476	0.171	0.00828130132088864
Hint3	3.90300564948922e-07	0.380837779740215	0.643	0.287	0.00829935121307388
mt-Nd6	3.94303131716092e-07	0.410560514022517	0.548	0.225	0.00838446179281098
Mdp1	4.05942884377996e-07	0.436277579854851	0.643	0.306	0.00863196949341371
Txlng	4.09283914866278e-07	0.350770615575399	0.429	0.147	0.00870301316571653
Nat2	4.21925408879926e-07	0.38468604567149	0.262	0.068	0.00897182189442274
Ndufa9	4.36912891069259e-07	0.571099856629492	0.714	0.428	0.00929051571569672
Car2	5.13241630670936e-07	0.333731829374532	0.405	0.132	0.0109135700345868
Aplp1	6.19600585514061e-07	0.269866880195959	0.262	0.067	0.013175186850371
Fam213b	6.23029013449236e-07	1.07233133699837	0.476	0.237	0.0132480889419846
Rhot2	6.6053666867691e-07	0.312962932297256	0.381	0.127	0.0140456517227458
Rps6ka1	6.85812382862873e-07	0.609346179260214	0.667	0.337	0.0145831145091961
Ndufb11	6.9662819837332e-07	0.661407903187328	0.952	0.827	0.0148131020102103
Pex5	6.98281324849598e-07	0.259238849251445	0.405	0.136	0.0148482540916019
Gfpt1	6.99134681237161e-07	0.68336879423976	0.667	0.382	0.014866399861827
Dnaja1	7.17555724591984e-07	0.614454713889681	1	0.842	0.0152581049277239
Ormdl3	7.19875090650611e-07	0.370317563769387	0.524	0.214	0.0153074239275946
Pgrmc2	7.2060003508496e-07	0.514753984547131	0.643	0.346	0.0153228391460466
Csnk2a1	7.26120462182811e-07	0.547440487854903	0.905	0.677	0.0154402255078553
Ppm1a	8.83127341590749e-07	0.561661608936948	0.69	0.405	0.0187788197915857
Lipe	9.1484637254274e-07	0.433692039555892	0.476	0.18	0.0194532932657488
Acbd5	9.66649642845559e-07	0.54429660322787	0.738	0.399	0.020554838005468
Ap1s3	9.6710018848055e-07	0.32411289274273	0.286	0.082	0.0205644184078504
mt-Co3	9.99527961695461e-07	0.3349952795583	0.857	0.424	0.0212539625774923
Nkiras2	1.00356502439457e-06	0.364554737851537	0.5	0.197	0.021339806678726
Ilrun	1.00888600339393e-06	0.39009352160625	0.357	0.117	0.0214529519761685
Ano6	1.01316610624103e-06	0.725038238357605	0.69	0.426	0.0215439640831093
Asap2	1.01396923263846e-06	0.346274823837583	0.381	0.127	0.0215610417628242
Cluh	1.0335046973324e-06	0.465084698418344	0.429	0.165	0.0219764438840762
Mrpl51	1.09569100902348e-06	0.544663424560162	0.81	0.563	0.0232987736158753
Ctnnb1	1.16282652849386e-06	0.491671770924122	0.952	0.689	0.0247263433018934
Chd3	1.16613539564671e-06	0.475618102278768	0.738	0.413	0.0247967030530316
Cep19	1.17690687029333e-06	0.263494637768941	0.333	0.102	0.0250257476899173
Ccdc91	1.27010206789946e-06	0.296766401653183	0.357	0.117	0.027007450371814
Vwa8	1.3145570074138e-06	0.276231999941241	0.381	0.128	0.027952740205647
Slc41a2	1.37760617124182e-06	0.290940140049729	0.286	0.083	0.0292934176252861
Fam84a	1.3883819846096e-06	0.251837617652485	0.214	0.05	0.0295225545207385
Ing4	1.39037681538807e-06	0.281329863421991	0.357	0.117	0.029564972602412
Mxi1	1.40660342857324e-06	0.584164215069111	0.571	0.276	0.0299100153051813
Samd8	1.42800897630106e-06	0.35546767775171	0.524	0.219	0.0303651828720657
Naip5	1.4525404753815e-06	0.402533418264134	0.286	0.082	0.0308868206685121
Nomo1	1.49011172301211e-06	0.413507258770231	0.452	0.182	0.0316857356781294
mt-Co2	1.51173246071939e-06	0.454552741616392	0.881	0.449	0.0321454790447372
Mul1	1.53159950957969e-06	0.289193829462544	0.452	0.168	0.0325679319717026
Acp5	1.69966506372825e-06	0.46321181507678	0.619	0.317	0.0361416779151175
Hacd1	1.76039507313226e-06	0.281211688176703	0.381	0.13	0.0374330408350843
Slc25a36	1.86980482957426e-06	0.559913920789904	0.667	0.352	0.0397595298960671
Hopx	1.88407330466622e-06	0.491858485833595	0.524	0.226	0.0400629347504224
Cited2	1.90702687287362e-06	0.465171670375236	0.81	0.468	0.0405510194247848
Ank	1.90828713659362e-06	0.477300209208715	0.357	0.124	0.0405778176725267
Qdpr	1.92987732985397e-06	0.521452082284495	0.69	0.362	0.0410369115420149
Mapkap1	1.94888945365227e-06	0.553398705840679	0.714	0.379	0.0414411853424618
Trak1	2.12598129968364e-06	0.366915770080949	0.524	0.226	0.0452068663564728
Calm3	2.19612935449628e-06	0.790874607354033	0.952	0.771	0.0466984945940089
Epn1	2.20953925184882e-06	0.479416761751383	0.857	0.597	0.0469836426513132
Ncln	2.28455307797281e-06	0.345390584629493	0.595	0.278	0.0485787366500139
Mrps34	2.33873842346454e-06	0.464125168547865	0.69	0.396	0.04973093383655
