id	p_val	avg_log2FC	pct.1	pct.2	p_val_adj
Il1r2	0	1.73908218088627	0.817	0.085	0
Cxcr2	0	2.27667368600007	0.862	0.067	0
G0s2	0	3.29908814464835	0.898	0.192	0
Il1f9	0	1.22118439049522	0.366	0.017	0
Hdc	0	2.07485175947466	0.827	0.123	0
Slc7a11	0	1.57346878103476	0.682	0.091	0
S100a8	0	5.37110837143846	0.891	0.163	0
S100a9	0	5.49891127049564	0.874	0.164	0
Acod1	0	2.02252890508947	0.703	0.086	0
Slfn4	0	1.30496055365898	0.615	0.054	0
Wfdc21	0	1.59324528463779	0.418	0.026	0
Mirt2	0	0.558728277436344	0.359	0.015	0
Trem1	0	1.53145379643043	0.803	0.094	0
Lrg1	0	1.8121974060896	0.708	0.104	0
Clec4d	1.02262468454744e-302	1.43693842773967	0.698	0.102	2.17450912922168e-298
Csf3r	7.60820825639023e-290	1.73298827438706	0.893	0.211	1.61780940363882e-285
Retnlg	5.84275557001237e-289	2.44207988531367	0.306	0.016	1.24240354440743e-284
Mmp9	1.38986978696285e-281	1.3859929318596	0.791	0.135	2.9554191149978e-277
Arg2	1.32105191751217e-275	0.841527423474074	0.561	0.068	2.80908479739787e-271
Hcar2	8.85695019872798e-271	1.33180699128759	0.625	0.09	1.88334189025752e-266
Cxcl3	2.1276787308571e-257	1.84330110474108	0.534	0.066	4.52429605329453e-253
Rab44	2.24365411934802e-252	0.475147970726443	0.406	0.037	4.77090611938162e-248
Il1rn	2.12595403323228e-238	2.08503875318229	0.931	0.272	4.52062865626511e-234
Upp1	4.1690718445943e-237	1.17506829623164	0.618	0.099	8.86511437034532e-233
Gm5483	3.40755768244435e-235	1.35947512456657	0.169	0.004	7.24583065594968e-231
Ptgs2	4.81467016431835e-234	1.87115736189131	0.843	0.2	1.02379146374065e-229
H2-Q10	1.05704253031027e-226	1.0198890019704	0.589	0.096	2.24769523645175e-222
Gm37691	7.3561391714931e-224	0.269028563141146	0.188	0.007	1.56420943342629e-219
Slfn1	4.83226660575534e-223	1.51706757833534	0.91	0.258	1.02753317104781e-218
Cd300lf	2.61600866588438e-211	1.60659050236534	0.922	0.317	5.56268082713656e-207
Clec4e	8.76539817318002e-210	1.89391516127314	0.734	0.156	1.863874267545e-205
Amer2	1.3388891514466e-201	0.285978173081283	0.207	0.01	2.84701389163606e-197
Tnfaip2	2.54913121779862e-199	2.07522511650101	0.969	0.397	5.42047262152698e-195
Stfa2l1	2.8100868666539e-199	1.18413203253234	0.223	0.013	5.97536871325286e-195
Cd177	1.94312145224478e-195	0.63183223897506	0.411	0.05	4.1318534560533e-191
E230032D23Rik	2.10075946860771e-194	0.40395932500679	0.342	0.034	4.46705493404744e-190
Trem3	1.09490325401488e-191	0.469213980576989	0.361	0.039	2.32820227933724e-187
Mirt1	1.28846115881683e-191	0.630070244096746	0.444	0.062	2.73978380810811e-187
Ankrd33b	3.24685445493113e-190	0.486351947903684	0.297	0.026	6.90411131296555e-186
Il1b	8.48236639977034e-189	2.23137751565869	0.993	0.513	1.80369039124716e-184
4833407H14Rik	3.93961593298981e-183	0.500983423689221	0.349	0.038	8.37719931990954e-179
Mrgpra2b	3.25100387877236e-174	0.383206641136122	0.152	0.006	6.91293464782155e-170
Cxcl2	4.6880827217825e-173	2.35844774024129	0.962	0.387	9.96873909959832e-169
Mxd1	4.05593634461154e-171	1.72304316444637	0.912	0.37	8.62454304318198e-167
Trim30b	4.00066970360691e-165	0.563930792783237	0.378	0.05	8.50702405774973e-161
Fpr2	1.03632388042441e-160	0.680276751293708	0.454	0.073	2.20363909933446e-156
Ffar2	9.44353780090587e-159	1.02548823256307	0.61	0.134	2.00807387798462e-154
Srgn	1.13015920193853e-155	1.85076626734898	1	0.728	2.40317052700209e-151
Cd24a	4.73540661236675e-155	1.01290648771097	0.71	0.187	1.00693686205367e-150
Asprv1	6.67395689584026e-153	0.767591175264346	0.185	0.012	1.41915019433147e-148
Cass4	1.56924830078408e-150	0.687331457402052	0.496	0.095	3.33684958678728e-146
Smox	7.69721424610743e-149	0.890383175672243	0.675	0.181	1.63673563729228e-144
Il1a	1.41339734888463e-148	0.905568497564628	0.461	0.081	3.00544812266828e-144
Emilin2	3.13973488696123e-147	1.18955058022751	0.957	0.473	6.67633226363436e-143
Csf2rb	6.07273440878672e-147	1.23146610564642	0.95	0.43	1.29130624468441e-142
B430306N03Rik	2.22716597756289e-146	0.630109027860536	0.627	0.151	4.73584573468974e-142
Tarm1	8.05423321400017e-146	1.00667583323674	0.786	0.242	1.712652150625e-141
Sirpb1b	3.62260079949622e-145	0.594283463191984	0.518	0.105	7.70309834004875e-141
Car4	5.63240940903295e-145	0.784246989167459	0.337	0.045	1.19767553673677e-140
Plaur	2.45473574781458e-143	1.12833002758531	0.765	0.255	5.21975009415292e-139
Ccr1	2.97645688375097e-143	1.40410270449849	0.981	0.483	6.32913791760807e-139
Slc16a3	3.30990017668714e-143	1.01454678112164	0.815	0.266	7.03817173570754e-139
Pim1	4.07377982239517e-142	1.39213586936219	1	0.786	8.6624854143411e-138
Clec5a	3.41285682035977e-141	0.865995159434624	0.577	0.136	7.25709874281301e-137
Osm	6.57487641774899e-141	1.33125467643004	0.907	0.357	1.39808172147014e-136
Cyp4f18	5.41247068729826e-139	0.831518164592808	0.641	0.164	1.1509077669471e-134
Nlrp3	7.66955286135561e-133	0.99480886969343	0.753	0.239	1.63085372043866e-128
Treml2	1.48898505728337e-131	0.695258290640962	0.66	0.18	3.16617782580736e-127
Plek	1.82651103664223e-131	1.55680390731121	0.993	0.587	3.88389306831604e-127
Ifitm1	3.77075109678595e-129	1.83391528301163	0.815	0.315	8.01812513220564e-125
Gm19951	1.20869381951171e-128	0.688498296400246	0.406	0.072	2.57016653780971e-124
Msrb1	2.57278354035167e-125	1.36462676657374	0.945	0.554	5.4707669202038e-121
Lilra6	8.74133788543942e-125	0.441372326934845	0.361	0.059	1.85875808795984e-120
Fgr	2.10650515736431e-123	0.864608889152322	0.815	0.289	4.47927256661947e-119
Wfdc17	7.87282776887047e-123	1.68487712007934	0.931	0.48	1.67407809677262e-118
Mefv	9.28637062074465e-123	0.707247797319368	0.622	0.166	1.97465384879514e-118
Il1rap	1.99778160351204e-121	0.836145544110498	0.575	0.153	4.248082801708e-117
Hp	2.37150815215485e-116	0.83846824639659	0.732	0.232	5.04277493474207e-112
Pilra	2.64419777826497e-116	0.838344175716206	0.722	0.236	5.62262215570264e-112
Ltb4r1	1.05876936449606e-115	0.883286469657911	0.798	0.275	2.25136717666441e-111
Gm5150	4.73105778014168e-114	0.632048848949452	0.599	0.163	1.00601212636933e-109
Sell	1.86269976069195e-113	0.798606581680537	0.672	0.196	3.96084477113537e-109
Cd44	3.79109140179374e-113	1.31116359236944	0.962	0.55	8.0613767567742e-109
Il18rap	1.13404933501509e-112	0.477494700540924	0.458	0.1	2.41144250597609e-108
AA467197	1.64553809167005e-112	1.02995127615471	0.767	0.262	3.4990721981272e-108
Ppp1r3b	1.95761793022289e-112	0.796678081593992	0.615	0.182	4.16267876682596e-108
Lilr4b	3.56231382787283e-112	1.19954859044925	0.976	0.546	7.57490412358878e-108
Btg1	1.6548108400183e-108	1.1347276234797	1	0.873	3.5187897702149e-104
Samsn1	2.92394446365263e-108	1.00391515748769	0.846	0.351	6.21747550751096e-104
Egln3	2.15511414013463e-107	0.479055129159641	0.418	0.089	4.58263470758229e-103
Lmnb1	8.52849610905037e-107	0.887560494299467	0.76	0.296	1.81349941262847e-102
Sorl1	5.57742031430146e-106	0.919632188242024	0.741	0.279	1.18598265563306e-101
Cebpb	7.22469492799237e-106	1.14054286703899	0.998	0.823	1.5362591294883e-101
Plk3	8.64821476124192e-106	0.701642241170684	0.572	0.167	1.83895638683048e-101
Siglece	5.67886093534964e-105	0.612674327720601	0.632	0.184	1.20755298929275e-100
Slc2a1	1.51882608910057e-104	0.744570781165083	0.71	0.25	3.22963179586345e-100
Sirpb1c	3.06481185003173e-104	0.505277184850476	0.615	0.176	6.51701591790747e-100
Cd274	7.88330300973256e-104	0.996786949878415	0.765	0.295	1.67630555198953e-99
Litaf	3.83556329342982e-103	0.940481628068367	0.967	0.727	8.15594178714916e-99
Fcgr4	4.0851518542776e-103	0.955751358303642	0.848	0.373	8.68666690293588e-99
Cd80	1.0555022817306e-102	0.46055167843092	0.444	0.102	2.24442005187194e-98
Trib1	1.93102796441175e-102	0.987451390138134	0.886	0.434	4.10613786352514e-98
Tpd52	6.35238866127752e-102	1.01400431971322	0.957	0.643	1.35077192493405e-97
Adam8	2.26859481325077e-99	0.826465404350655	0.658	0.225	4.82394001089643e-95
Grina	1.61882283489681e-97	1.09377471078687	0.948	0.622	3.44226487612458e-93
Snx20	2.90539415603077e-96	0.911495939400348	0.86	0.424	6.17803013338382e-92
Cpeb2	1.96383770143723e-95	0.641438635455097	0.537	0.157	4.17590448833613e-91
Pygl	3.52980844014334e-95	0.855174285228793	0.679	0.249	7.5057846671208e-91
Fpr1	1.40774606684115e-94	0.512775785406484	0.245	0.035	2.99343123653103e-90
Cxcr4	2.03380501157851e-94	0.7527358082194	0.591	0.176	4.32468297662054e-90
Cd300ld	3.16106466028444e-94	0.730414786061945	0.686	0.232	6.72168789362884e-90
Samhd1	3.20913395136997e-94	1.04511636098273	0.969	0.714	6.82390243419311e-90
Gpr35	7.24875784034104e-94	0.634637108486578	0.72	0.255	1.54137586717012e-89
Il4ra	9.16433371662751e-94	1.00824287261133	0.917	0.557	1.94870392150367e-89
Themis2	1.37308964097822e-93	0.692773669772949	0.739	0.276	2.91973781257609e-89
Oas3	1.43369510097815e-92	0.455727948107659	0.409	0.094	3.04860926271995e-88
Clec4n	1.94446897270462e-92	0.920001347110457	0.77	0.307	4.13471882355909e-88
Cd33	9.43982823436251e-92	0.808422086095478	0.708	0.25	2.00728507575484e-87
Cd84	1.03866852572166e-91	0.844773512686074	0.884	0.421	2.20862475309453e-87
Pde4b	7.32133786685278e-91	0.948410770627512	0.867	0.456	1.55680928400757e-86
Gcnt2	1.13568721739705e-90	0.822161721464998	0.755	0.311	2.41492529907308e-86
Lst1	1.23775974108895e-90	1.04556621858769	0.962	0.553	2.63197231345154e-86
Mcemp1	5.60524557444735e-90	0.67729492107529	0.432	0.107	1.19189941895048e-85
Ppp1r3d	7.19122654189126e-90	0.285629031867521	0.28	0.048	1.52914241186776e-85
Rnf149	1.00335058595539e-89	0.677864400145125	0.729	0.291	2.13352468597554e-85
Lcp2	2.52858127200494e-89	0.801083538128479	0.884	0.426	5.37677521679131e-85
Basp1	7.57995421072783e-89	1.1778000357227	0.957	0.653	1.61180146336917e-84
Tfec	7.82421338289327e-89	0.698261537504091	0.679	0.242	1.66374073373842e-84
Tgm2	1.37218418439873e-88	1.37906101737784	0.929	0.558	2.91781244970545e-84
Mcl1	1.38748662017133e-88	0.901379695708297	1	0.909	2.95035154913231e-84
Arg1	3.89631936121886e-88	1.27814850065621	0.831	0.376	8.28513348969579e-84
Rdh12	7.30559238808397e-88	0.28798762982438	0.181	0.021	1.55346116540218e-83
Chd7	7.90981756515682e-88	0.795107469870125	0.805	0.367	1.68194360705495e-83
Sdcbp	1.26730093384255e-87	0.772781883013295	0.99	0.866	2.6947887057228e-83
Syk	3.23503525068332e-87	0.763702228134217	0.862	0.435	6.87897895705301e-83
Neat1	3.5407488567996e-87	1.17992382918711	0.99	0.707	7.52904836909868e-83
Entpd1	2.06576949255333e-86	0.785269310161206	0.791	0.338	4.39265224896539e-82
Ncf1	2.25463839607172e-86	0.961898079080385	0.841	0.396	4.79426308540691e-82
N4bp1	8.7284888127111e-86	0.892864824209579	0.874	0.502	1.85602586113489e-81
Ccl6	5.04369657203124e-85	1.05522506589519	0.945	0.566	1.07249163907672e-80
Pkm	3.59201031783914e-83	0.753208392343788	0.99	0.853	7.63805073985314e-79
Atp6v0c	5.23210311823386e-83	0.785679773594558	1	0.941	1.11255440706125e-78
Gda	5.70671890915874e-83	0.899193439435787	0.929	0.551	1.21347670884351e-78
2310001H17Rik	1.54556018732342e-82	0.621406356931069	0.534	0.171	3.28647918232452e-78
Itgam	7.01626955138335e-82	0.868854710329974	0.879	0.433	1.49193955740615e-77
Isg15	1.06696118651027e-81	1.18083545964017	0.819	0.441	2.26878626699543e-77
Hk3	2.501781882887e-81	0.524988025392267	0.627	0.215	5.31978899577092e-77
Gsr	8.08029832510455e-81	0.822026506296067	0.789	0.386	1.71819463585023e-76
Ccrl2	1.5047504148145e-80	1.24522912801855	0.819	0.395	3.19970128206154e-76
Csrnp1	3.14425423865262e-80	0.763177073472612	0.808	0.376	6.68594221307094e-76
Tyrobp	1.24420692043717e-79	0.954774970121513	1	0.682	2.64568159561759e-75
Nrg1	1.42647975611818e-79	0.657761799415359	0.549	0.175	3.0332665534097e-75
Fcgr3	1.42663802960147e-79	0.881095305676035	0.979	0.613	3.03360310614457e-75
Rnf19b	2.41643767638939e-79	0.951242021338529	0.857	0.446	5.1383130750744e-75
Ell2	2.6562593532992e-79	0.537469110048634	0.601	0.211	5.64826988885542e-75
Ets2	4.5632874950691e-78	0.81450268140355	0.893	0.499	9.70337452951494e-74
Nfam1	6.21274981313806e-78	0.702197477245993	0.753	0.322	1.32107912026568e-73
Mmp25	1.74258876024944e-77	0.267725966551868	0.242	0.041	3.7054407397944e-73
Ptafr	6.15927552925828e-77	0.862890327578563	0.836	0.373	1.30970834854148e-72
Rnase2a	2.24993584675404e-76	1.14759454574705	0.615	0.229	4.78426358453779e-72
Ncf2	4.06679781782983e-76	0.805274509980489	0.917	0.49	8.64763887983336e-72
Slfn2	5.09139003317289e-76	0.80866011631099	0.979	0.622	1.08263317665388e-71
Scimp	1.11492214289845e-75	0.639736613061965	0.724	0.295	2.37077044465926e-71
Cd53	2.90873426162986e-75	0.930029221083629	0.974	0.648	6.18513253392974e-71
Isg20	7.25223998768803e-75	0.754166871422628	0.589	0.225	1.54211631098198e-70
Cdk2ap2	1.17904830736344e-74	1.00049091147048	0.914	0.688	2.50712832077763e-70
Tnfrsf23	1.83608318186781e-74	0.28056626936226	0.245	0.044	3.90424727792371e-70
Ptpn1	4.44159294689113e-74	0.825988235421855	0.952	0.728	9.4446032422693e-70
Cytip	8.7522669059084e-74	0.647491353896644	0.831	0.37	1.86108203487236e-69
Nfil3	1.0542651169577e-73	0.681305957594515	0.815	0.385	2.24178934469885e-69
Cdkn1a	1.06176066483561e-73	0.967765742918246	0.931	0.603	2.25772787770645e-69
Dhrs9	1.07477487557557e-73	0.432282475263299	0.399	0.111	2.2854012954239e-69
Ccl24	8.09431619695922e-73	1.12953728341068	0.834	0.436	1.72117539612141e-68
1600010M07Rik	1.8768798567817e-72	0.313606587502551	0.318	0.072	3.9909973274606e-68
Rhog	2.60406652829695e-72	0.706696682546375	0.924	0.616	5.53728706577064e-68
Nfkbid	3.68278834615996e-72	0.5827025267038	0.608	0.218	7.83108113927455e-68
Rhoh	4.23962487903069e-72	0.68800830895872	0.727	0.319	9.01513834277087e-68
Xbp1	1.18036935527758e-71	0.814436910431983	0.926	0.778	2.50993739706225e-67
Olr1	8.72707312069301e-71	0.527779653163134	0.359	0.092	1.85572482838416e-66
Glipr2	5.56070465564835e-70	0.619129449111339	0.729	0.314	1.18242823797707e-65
Rsad2	9.50231569248036e-70	0.864880244346651	0.38	0.104	2.02057240884902e-65
Tgfbi	9.87201104991391e-70	0.945858327800141	0.929	0.633	2.09918442965369e-65
Dgat1	1.07636457983722e-69	0.523013548441971	0.582	0.213	2.28878164256586e-65
Rab20	1.19880307930435e-69	0.637842222532127	0.732	0.327	2.54913486783278e-65
Fxyd5	1.33799764128295e-69	0.762531517866022	0.995	0.734	2.84511818442406e-65
Fosl2	1.43963706160426e-69	0.763553018112001	0.924	0.617	3.0612442477953e-65
1600014C10Rik	1.8888659507018e-69	0.490664470610198	0.582	0.213	4.01648455757231e-65
F630028O10Rik	2.9273721703425e-69	0.610001788669636	0.423	0.122	6.22476418301629e-65
Oasl2	3.20028334677214e-69	0.827996332905546	0.789	0.399	6.80508250857628e-65
Ndel1	5.52691846198434e-69	0.731677475010415	0.831	0.473	1.17524394175635e-64
Slc15a3	7.46442867205617e-69	0.799260063451023	0.933	0.544	1.58723611282602e-64
Cox17	8.33755875785274e-69	0.771545215780612	0.96	0.761	1.77289849426981e-64
Cstdc4	1.19377662196235e-68	0.86705765782038	0.124	0.013	2.53844660894075e-64
Ltb	2.05544911275637e-68	0.477704953965289	0.532	0.176	4.37070699336516e-64
Ms4a6d	3.05429382771557e-68	0.878751228896167	0.869	0.5	6.49465039525438e-64
Ccl9	3.60387327514851e-68	0.923948067148719	0.848	0.446	7.66327613227579e-64
A530064D06Rik	4.67191767394558e-68	0.252953815670678	0.221	0.039	9.93436574187788e-64
Dmxl2	6.28992499644059e-68	0.453352616801437	0.394	0.113	1.33748965124313e-63
Vasp	9.28854216523472e-68	0.819797619362526	0.876	0.56	1.97511560601551e-63
Tes	9.6084232324954e-68	0.762045902999914	0.777	0.388	2.04313511615782e-63
Fbxl5	1.00676134041963e-67	1.0075989001801	0.76	0.411	2.14077731426829e-63
Picalm	1.08692874811274e-67	0.787014768036173	0.981	0.83	2.31124528998692e-63
Ctsd	1.15196814912097e-67	0.837069299312317	0.979	0.818	2.44954507229084e-63
Fcgr2b	1.30283233730358e-67	0.80240379573013	0.933	0.605	2.77034268204233e-63
C5ar1	2.23410160324598e-67	0.546306877026683	0.888	0.423	4.75059364914226e-63
Gm14548	3.32172736349946e-67	0.270299805670429	0.276	0.059	7.06332106574525e-63
Thbs1	3.82026066042786e-67	1.12690013731213	0.743	0.384	8.1234022683338e-63
Hif1a	1.08683990023599e-66	0.807152884488587	0.95	0.737	2.3110563638618e-62
Tgm1	1.08885631757059e-66	0.322580811459354	0.366	0.097	2.3153440736821e-62
Fcer1g	1.14920287746105e-66	0.842925635009597	1	0.689	2.44366499863318e-62
Csf2ra	1.42728431477145e-66	0.63899098221069	0.888	0.496	3.03497736693002e-62
F10	1.64373577125343e-66	0.650947423363811	0.694	0.277	3.4952397439933e-62
Trim30a	3.08246758302395e-66	0.765394011551115	0.862	0.502	6.55455906854212e-62
Slc11a1	3.84458818934438e-66	0.594115886536279	0.753	0.329	8.17513232582189e-62
Resf1	6.11892936292747e-66	0.961304642493912	0.879	0.582	1.3011291397329e-61
Lilrb4a	8.55442954031097e-66	1.1883726497691	0.872	0.475	1.81901389745173e-61
Itgal	9.19783633825752e-66	0.502619313877548	0.587	0.211	1.95582791896708e-61
Ncf4	1.06083019075457e-65	0.683717319546278	0.848	0.439	2.25574931762052e-61
Chil3	1.44524956987383e-65	1.01230501050132	0.58	0.214	3.07317868537971e-61
Lcp1	1.92130154026354e-65	0.851351551365773	0.995	0.682	4.0854555952164e-61
Fabp5	2.27392810594011e-65	1.06484591386575	0.874	0.556	4.83528072447104e-61
Havcr2	2.96964663710932e-65	0.407326776924767	0.404	0.117	6.31465660914926e-61
Arl4c	3.35973295743489e-65	0.732884162196449	0.86	0.501	7.14413616068956e-61
Pglyrp1	5.36212965174381e-65	0.924372244109306	0.42	0.132	1.1402032491468e-60
Spi1	1.74324489121099e-64	0.729915320638586	0.983	0.588	3.70683593667104e-60
Mmp8	2.07975439890973e-64	0.444452285319121	0.226	0.043	4.42238975384165e-60
Igsf6	2.25381282764247e-64	0.6559010591545	0.698	0.298	4.79250759669895e-60
Plin2	2.64375638800102e-64	0.813352519782603	0.914	0.659	5.62168358344536e-60
Nfe2	4.34001331605474e-64	0.282444650302098	0.204	0.036	9.2286043152588e-60
Tlr4	9.4719695241213e-64	0.562498315339026	0.67	0.292	2.01411959960915e-59
Prdx5	1.6811835410315e-63	0.805160250267559	0.988	0.87	3.57486868164938e-59
Gm44292	2.70901532845518e-63	0.545920908472197	0.416	0.126	5.7604501944271e-59
Bst1	3.57235426258823e-63	0.570570128147302	0.613	0.253	7.59625410396762e-59
Pik3ap1	4.96792988277975e-63	0.543777990785639	0.732	0.324	1.05638061027429e-58
Apbb1ip	1.35794501131455e-62	0.706590738192754	0.903	0.55	2.88753427205925e-58
Nampt	4.71248348874478e-62	0.723714434647572	0.805	0.461	1.00206248904669e-57
Prkcd	5.38541443293471e-62	0.719431995227949	0.898	0.554	1.14515452501924e-57
Ccl8	7.81669239033318e-62	1.15837768702094	0.644	0.29	1.66214146988045e-57
Gpat3	7.94874432483855e-62	0.35281273150454	0.311	0.078	1.69022099323367e-57
Cd300lb	1.01443886559649e-61	0.367530595163722	0.368	0.103	2.15710280380437e-57
Rab8b	3.74173495601098e-61	0.651705842106831	0.952	0.69	7.95642521046176e-57
C130050O18Rik	4.62404073954259e-61	0.344503340078187	0.371	0.106	9.83256022856337e-57
Dusp5	1.83184424595812e-60	0.783963177317667	0.789	0.41	3.89523360460535e-56
Lyn	2.08272694089626e-60	0.706948222150876	0.948	0.635	4.4287105671218e-56
Snap23	2.53102398965452e-60	0.69331172914877	0.886	0.589	5.38196941160137e-56
Gk	2.92213911886554e-60	0.454350369867681	0.439	0.145	6.21363662235568e-56
Snx18	3.7352742331248e-60	0.705841669980192	0.865	0.522	7.94268712931657e-56
Il17ra	4.70123262449747e-60	0.614850278354555	0.537	0.209	9.99670105273141e-56
Ripor2	6.25969034321723e-60	0.477576498483681	0.418	0.133	1.33106055458171e-55
Pirb	1.98857977021386e-59	0.616101429140057	0.884	0.481	4.22851602338275e-55
Mafb	2.24025984956525e-59	0.95232230781563	0.895	0.567	4.76368854411554e-55
Gabarap	2.91185845382423e-59	0.516269559665633	1	0.966	6.19177581621183e-55
Rnasel	5.41949468933073e-59	0.612780788085978	0.805	0.436	1.15240135073929e-54
Stat1	7.6689963776514e-59	0.89543539678741	0.824	0.525	1.63073538974379e-54
Dgat2	7.7767658873807e-59	0.329404326238688	0.264	0.061	1.65365149829263e-54
Ctsb	9.547707652635e-59	0.752907626672983	0.995	0.95	2.03022455525631e-54
Gm21188	1.36861187298378e-58	0.40007251605795	0.542	0.201	2.9102162867127e-54
Rgcc	1.83957760143901e-58	0.398318227276416	0.482	0.164	3.91167781169991e-54
Pdcd1lg2	1.4067581716278e-57	0.576234095073213	0.577	0.229	2.99133057614935e-53
Lyst	1.48528367922881e-57	0.943829771667125	0.67	0.331	3.15830721551215e-53
Ier3	1.91862227255734e-57	0.76255381965184	0.988	0.726	4.07975840036592e-53
Arpc1b	2.10675898805971e-57	0.522323450631848	1	0.963	4.47981231221017e-53
4930581F22Rik	5.58023940796121e-57	0.325175846365295	0.394	0.12	1.18658210770887e-52
Hk2	6.21764032520849e-57	0.71674455524326	0.848	0.522	1.32211903875233e-52
Ppp1r18	7.55787926805271e-57	0.663169265464399	0.898	0.592	1.60710744755873e-52
Cstb	9.37578959085839e-57	0.814239565851464	0.933	0.765	1.99366789860013e-52
P2ry13	1.54905453041566e-56	0.332800217427509	0.363	0.105	3.29390955347586e-52
Rab11fip1	2.26709911226511e-56	0.498331817950684	0.515	0.204	4.82075955232054e-52
Bcl2a1a	3.49489700518711e-56	0.553347500244562	0.587	0.241	7.43154899182987e-52
Ccdc88b	4.12920492698597e-56	0.450224609994915	0.589	0.239	8.78034135674297e-52
Vav1	5.95249422003077e-56	0.452680749209345	0.713	0.327	1.26573837094734e-51
Ostf1	6.12992692886621e-56	0.672068102950483	0.976	0.801	1.30346766215411e-51
Hck	7.5654532666013e-56	0.501275487315047	0.743	0.356	1.6087179826101e-51
Cd14	1.0031971786504e-55	0.813461973527478	0.919	0.596	2.13319848068221e-51
Slc16a6	1.1400818800069e-55	0.537363803383437	0.644	0.28	2.42427010964667e-51
Jak2	2.9485595007352e-55	0.690275041527428	0.781	0.44	6.26981692236333e-51
Emb	5.39575842305227e-55	0.567041900489223	0.855	0.466	1.14735407107783e-50
Pgk1	7.5029726699006e-55	0.661114539902153	0.922	0.703	1.59543210852766e-50
Cfp	8.99924897285594e-55	0.657644679151328	0.872	0.504	1.91360030158809e-50
Apobr	9.77599090081438e-55	0.369260683814145	0.52	0.194	2.07876670514917e-50
Gm14005	1.16107437057293e-54	0.2998212676097	0.33	0.093	2.46890854158627e-50
Atp6v0a1	2.26181371114439e-54	0.650395285715142	0.779	0.457	4.80952067537744e-50
Cd244a	2.56223420702609e-54	0.298019237211732	0.404	0.127	5.44833481782027e-50
Cd9	6.9232999342487e-54	0.854681563508587	0.862	0.471	1.47217049801864e-49
Zeb2	2.7040201909982e-53	0.67226768268226	0.976	0.695	5.74982853413857e-49
Ccl4	3.6657653185924e-53	0.615615137358576	0.779	0.391	7.79488337345488e-49
Camkk1	5.0481023391902e-53	0.278733924149965	0.306	0.084	1.0734284814054e-48
Ehd1	6.33600721217938e-53	0.666977719280447	0.907	0.632	1.34728857359782e-48
AB124611	8.85347333017554e-53	0.530862328629423	0.708	0.339	1.88260256892853e-48
Itgb2	1.13782822194279e-52	0.628774287027682	0.9	0.518	2.41947793113914e-48
Ptpre	1.23370663960734e-52	0.600413909532859	0.879	0.532	2.62335379846105e-48
Csf2rb2	1.33913555190708e-52	0.409156863452239	0.532	0.208	2.84753783757522e-48
Inhba	2.09538067466362e-52	0.335280401000204	0.264	0.066	4.45561746660472e-48
Tnfsf14	2.81920693414473e-52	0.257778041211398	0.299	0.08	5.99476162476536e-48
Mir142hg	1.13863478980829e-51	0.414357779678381	0.449	0.159	2.42119301704835e-47
Rara	1.42090583647249e-51	0.580255889817831	0.732	0.39	3.0214141706751e-47
Bcl2l11	1.63571017029406e-51	0.64905335991503	0.774	0.409	3.47817410611328e-47
March7	1.74074369754278e-51	0.712758873841763	0.774	0.469	3.70151739845497e-47
Arpc5	2.88067025472865e-51	0.508104340859236	0.986	0.88	6.125457229655e-47
Inpp5d	3.48798922121189e-51	0.502508303650852	0.815	0.44	7.41686027998496e-47
Glrx	4.96224087005845e-51	0.56220822250102	0.753	0.415	1.05517089860923e-46
Zfp263	6.15275952150245e-51	0.440701597622287	0.57	0.245	1.30832278465228e-46
Mrc1	7.24008701540986e-51	0.795782439409286	0.905	0.548	1.53953210295675e-46
Hbegf	1.17816237582074e-50	0.870931066983356	0.561	0.245	2.50524447594522e-46
Arrdc4	1.74042460817376e-50	0.559535936719756	0.691	0.357	3.70083888682069e-46
Ctss	2.39478500417097e-50	0.685224482840702	0.962	0.663	5.09227083286916e-46
Retreg1	2.75847851833989e-50	0.581025026017788	0.741	0.379	5.86562872139794e-46
Ptprc	3.0832760280019e-50	0.651474490575934	0.979	0.657	6.55627814594325e-46
Ninj1	5.2179614118912e-50	0.750650215309088	0.836	0.54	1.10954731462454e-45
Pilrb1	5.4909386504496e-50	0.264601570487392	0.401	0.132	1.1675931946316e-45
Myd88	8.48526441508955e-50	0.576235901540192	0.793	0.469	1.80430662522464e-45
Cish	9.46070857122556e-50	0.545440577758028	0.644	0.299	2.0117250705854e-45
Stx11	1.03985303495745e-49	0.355233676411872	0.382	0.129	2.21114349353353e-45
Gmfg	1.24143139358587e-49	0.599780632479585	0.943	0.585	2.63977971532099e-45
Gadd45b	1.38097140576798e-49	0.840094307655231	0.855	0.524	2.93649759722503e-45
Irf7	1.48861737839379e-49	0.615040359626893	0.663	0.337	3.16539599341655e-45
Efhd2	2.02016645266032e-49	0.617265092283844	0.945	0.737	4.2956819449369e-45
Ptpn6	2.49815907474125e-49	0.555938324663451	0.86	0.516	5.3120854565298e-45
Pilrb2	2.90639711118104e-49	0.325102907047478	0.437	0.154	6.18016281721536e-45
AW011738	5.00038279386603e-49	0.253163009673929	0.259	0.066	1.06328139728767e-44
Bach1	5.06050863221352e-49	0.607812521513163	0.85	0.583	1.07606655555388e-44
Ccr5	1.15357147644199e-48	0.742897115723996	0.869	0.545	2.45295438750625e-44
Laptm5	1.23981446200191e-48	0.609782040729321	0.995	0.693	2.63634147200086e-44
Clec7a	1.52115703250811e-48	1.06976327185121	0.625	0.329	3.23458831392523e-44
Ccl7	1.97874754819077e-48	0.687434161394037	0.739	0.384	4.20760878647285e-44
Bcl2a1b	2.15877695330965e-48	0.58798589875339	0.867	0.498	4.59042331351763e-44
Fam49b	2.52009817194593e-48	0.569053340511051	0.95	0.682	5.35873675282582e-44
Vmp1	2.60394410600056e-48	0.639697521024331	0.945	0.746	5.53702674699958e-44
Malt1	2.73327812109919e-48	0.693799347210344	0.736	0.396	5.81204259670531e-44
B4galt3	2.94730852854917e-48	0.356381471625519	0.458	0.174	6.26715685510696e-44
Tet2	6.2363523912911e-48	0.539967164715191	0.736	0.408	1.32609797248414e-43
Mpeg1	1.93585927034957e-47	0.553030851229067	0.924	0.537	4.11641115247132e-43
Alox5ap	2.20379870885398e-47	0.632133936945793	0.929	0.564	4.68615757450711e-43
Tlr13	2.42039019637048e-47	0.378401772576629	0.511	0.204	5.1467177135622e-43
Serp1	4.36285106890942e-47	0.553774462514295	0.914	0.753	9.27716651292899e-43
Psap	1.10927544014466e-46	0.693448251211915	0.981	0.958	2.35876329592361e-42
Msr1	4.85312476654896e-46	0.559764773604285	0.751	0.4	1.03196845035897e-41
Retnla	8.02143676928751e-46	0.553725879381799	0.42	0.153	1.7056783146213e-41
Gm45221	1.94264129752e-45	0.36225347054403	0.38	0.132	4.13083245504652e-41
Msx3	2.21319087132637e-45	0.281246187065359	0.238	0.06	4.7061290687884e-41
Rin3	2.98853293571733e-45	0.419906901859628	0.682	0.332	6.35481643450933e-41
Kdm7a	4.72240349649234e-45	0.602523340655291	0.808	0.502	1.00417187949413e-40
Jaml	6.15936122166459e-45	0.38507714956172	0.603	0.26	1.30972657017476e-40
Sbno2	7.98569608581249e-45	0.476222782398394	0.86	0.542	1.69807841568717e-40
Rap2c	8.83217584194258e-45	0.476967832489366	0.708	0.389	1.87807387103067e-40
Lpcat2	9.34806543316528e-45	0.445532091966416	0.594	0.262	1.98777263370826e-40
Atp6v1b2	1.50247830760763e-44	0.601552049395041	0.77	0.477	3.19486987329686e-40
F7	2.06751277979775e-44	0.329832132006641	0.337	0.109	4.39635917496194e-40
Irf2	2.41983575017836e-44	0.591600384612716	0.931	0.77	5.14553873917926e-40
Chst11	3.38326952339824e-44	0.290559616077869	0.356	0.121	7.19418431455403e-40
Pla2g7	3.79018508337221e-44	0.661976055499536	0.817	0.454	8.05944956128267e-40
Rgs2	4.21832110570851e-44	0.496087359947162	0.8	0.442	8.96983799917857e-40
Cd52	5.81099169746322e-44	0.601364508439477	0.998	0.69	1.23564927454858e-39
Kdm6b	1.06891674637993e-43	0.555156879872548	0.865	0.576	2.27294456950228e-39
Arpc2	2.11273470216431e-43	0.405682792208164	0.998	0.972	4.49251907068219e-39
Kpna4	2.11378621033336e-43	0.583070923616463	0.86	0.618	4.49475499765286e-39
Gcnt1	2.74488908774154e-43	0.407066868892598	0.508	0.222	5.83673215617361e-39
Actg1	6.46589148718703e-43	0.507653091679376	0.998	0.992	1.37490716583545e-38
Iqgap1	7.92580410763815e-43	0.562054741471333	0.974	0.894	1.68534298544818e-38
Arid5a	8.75808956437944e-43	0.458545720184087	0.736	0.385	1.86232016496964e-38
Tmbim6	8.85594925281559e-43	0.428432488299357	0.99	0.932	1.88312904911871e-38
Ms4a8a	1.23083046570036e-42	0.319719098777232	0.397	0.142	2.61723790226525e-38
Rac2	1.31248858905501e-42	0.521751243093979	0.943	0.596	2.79087573576656e-38
Nabp1	1.37441819164387e-42	0.602564543238084	0.722	0.384	2.92256284271153e-38
Taldo1	1.62106874790368e-42	0.540588670036966	0.962	0.813	3.44704058554238e-38
Ifi47	2.21784676371765e-42	0.721041000467692	0.751	0.475	4.71602935836921e-38
Selplg	2.41899482762858e-42	0.489831541472657	0.817	0.439	5.14375060146941e-38
Rap1b	3.97085649668133e-42	0.479205515067816	0.969	0.898	8.44362925454317e-38
Zcchc2	6.32657427884952e-42	0.365132031701171	0.496	0.214	1.34528275465456e-37
Abr	1.05970820243235e-41	0.418970940020774	0.553	0.255	2.25336352165216e-37
Dck	1.27832619664154e-41	0.444246882789172	0.523	0.226	2.71823282453857e-37
Wdfy2	1.54837987364537e-41	0.454416587212969	0.663	0.335	3.29247496331951e-37
Cers6	1.6559107419892e-41	0.482222147861495	0.618	0.31	3.52112860176583e-37
Gm26917	2.26354050452661e-41	0.717765737831607	0.72	0.431	4.81319252882537e-37
Lgals3	3.29501100821624e-41	0.579807837714513	0.95	0.702	7.00651140787102e-37
Csf1	3.49759406087572e-41	0.90928866265704	0.511	0.235	7.43728401104614e-37
Skap2	4.59478981765447e-41	0.507887361586359	0.929	0.694	9.77036106826047e-37
Hcls1	5.36786088362393e-41	0.520261687534528	0.893	0.568	1.14142193829379e-36
Ptbp3	5.86055879705665e-41	0.578486589451553	0.941	0.791	1.24618922260613e-36
B130021K23Rik	6.20980948977235e-41	0.260270641141006	0.297	0.092	1.32045388990519e-36
Actr2	7.16825543109868e-41	0.472027209385128	0.96	0.86	1.52425783486882e-36
Rasgrp4	7.41314740932347e-41	0.299057484774801	0.423	0.163	1.57633166511854e-36
Baz1a	7.42537430456024e-41	0.445876953168184	0.789	0.47	1.57893159212169e-36
Gadd45a	8.01516942911641e-41	0.542705507318499	0.378	0.143	1.70434562740731e-36
Slc7a2	9.02312127411976e-41	0.439079918552689	0.394	0.146	1.91867650772883e-36
Mir22hg	9.7048511271811e-41	0.482761834458517	0.627	0.323	2.06363954368379e-36
Cmip	1.09782098550587e-40	0.453236514592947	0.746	0.426	2.33440654357968e-36
Rbms1	1.14259576089842e-40	0.59563660793553	0.938	0.799	2.4296156259744e-36
Tiparp	1.24203147964425e-40	0.629872061482518	0.762	0.502	2.64105573831554e-36
Rab3il1	1.97538731065057e-40	0.468298792633409	0.781	0.457	4.20046357736736e-36
Socs1	2.13889500940334e-40	0.569004356258074	0.653	0.338	4.54814634799526e-36
Adgre5	4.10104055325154e-40	0.573460495930894	0.755	0.422	8.72045263243408e-36
Cd300a	4.31671701922063e-40	0.359449569520343	0.61	0.28	9.17906706967074e-36
Lrrc25	5.18849131882561e-40	0.471192150539178	0.765	0.438	1.10328079403508e-35
Sirpa	7.23140683080319e-40	0.520094962659385	0.876	0.588	1.53768634850199e-35
Birc3	1.11831636446771e-39	0.49456023296414	0.691	0.363	2.37798791740414e-35
Ctsz	1.12354191902149e-39	0.519954132551052	0.971	0.903	2.3890995366073e-35
Id1	1.95735051949093e-39	0.355729461673982	0.34	0.12	4.16211014464552e-35
Capza2	3.39274143067373e-39	0.439443502789657	0.967	0.924	7.21432537818461e-35
Btk	4.21030464225317e-39	0.347191078090658	0.625	0.3	8.95279179128713e-35
Rtp4	1.18418719699498e-38	0.490634714868962	0.639	0.34	2.51805565569012e-34
Pira2	1.7045953687868e-38	0.353050818236348	0.295	0.096	3.62465159218825e-34
Msn	1.72341359739721e-38	0.488521079006675	0.976	0.858	3.66466667350543e-34
Tnfrsf1b	1.88596392921777e-38	0.523517057300094	0.701	0.397	4.01031369908867e-34
Bin2	1.90296875251466e-38	0.448900114133379	0.739	0.395	4.04647275534718e-34
Dusp1	2.49921590170277e-38	0.561683671474446	0.986	0.763	5.31433269338077e-34
Tlr2	3.33183876632666e-38	0.427949396928078	0.591	0.28	7.08482195271702e-34
Cyba	3.64880124692384e-38	0.465396774394321	0.995	0.959	7.75881097145886e-34
Cotl1	3.66854578330835e-38	0.528874530830285	0.941	0.691	7.80079575362689e-34
March1	3.92120785074187e-38	0.366932120783418	0.696	0.349	8.33805637381752e-34
Hspa5	3.93964997005288e-38	0.554369288680662	0.986	0.944	8.37727169632044e-34
Hilpda	5.95229053647152e-38	0.437664266064508	0.572	0.283	1.2656950596753e-33
Ist1	6.72537018233545e-38	0.458013649927346	0.786	0.508	1.43008271557181e-33
Grb2	1.52280065120166e-37	0.428460544527627	0.917	0.737	3.2380833047152e-33
Fcgr1	1.71056678443232e-37	0.441729803512229	0.784	0.437	3.63734921041688e-33
Cndp2	2.21736641865612e-37	0.508871863774043	0.791	0.527	4.71500795263037e-33
Cemip2	3.46298617621119e-37	0.518599086959375	0.618	0.332	7.36369380509548e-33
Gm26740	3.48268887789821e-37	0.254251777112224	0.38	0.139	7.40558962996275e-33
Ube2d3	3.96536927252542e-37	0.42501919745371	0.986	0.922	8.43196122109806e-33
Sfxn5	4.76249091712681e-37	0.293307847715191	0.34	0.127	1.01269606861784e-32
Sgpl1	5.30821991166783e-37	0.439716293371767	0.781	0.484	1.12873988201705e-32
Stk17b	7.21073787375925e-37	0.395748373744031	0.903	0.553	1.53329130147617e-32
Fgl2	8.40637022299829e-37	0.449874780278871	0.881	0.616	1.78753056421836e-32
Gapdh	1.22287169570408e-36	0.43668797142727	0.995	0.974	2.60031437374516e-32
Atf1	1.85107763533495e-36	0.458410628169345	0.705	0.417	3.93613148377624e-32
Grk2	2.0968197312377e-36	0.444997172960982	0.874	0.587	4.45867747650384e-32
Dok2	2.4774091175979e-36	0.43085006413171	0.736	0.397	5.26796274766018e-32
Sem1	2.70051315853037e-36	0.39317406096742	0.988	0.964	5.74237118029899e-32
H3f3b	2.96726378142042e-36	0.404968977859625	1	0.995	6.30958970481237e-32
Lgmn	5.10568047901342e-36	0.703921165075982	0.867	0.73	1.08567189705741e-31
Prdm1	5.54928145123462e-36	0.267948225910418	0.48	0.199	1.17999920779053e-31
Gbp2	7.42577533265113e-36	0.641966788465485	0.798	0.51	1.57901686673494e-31
Cd300c2	7.9862080198433e-36	0.371226830268914	0.667	0.332	1.69818727333948e-31
Atp6v1e1	8.2914923024399e-36	0.499614653229155	0.941	0.758	1.76310292319082e-31
Ifi204	9.0038421265547e-36	0.507966787424125	0.8	0.546	1.91457698979059e-31
Marcks	1.27204453078019e-35	0.457690335952406	0.995	0.778	2.704875490251e-31
Zfp622	1.31577029919396e-35	0.478424200866601	0.682	0.41	2.79785396420604e-31
Bmp2k	1.49306158227924e-35	0.464363938041562	0.798	0.537	3.17484614855857e-31
Clcn5	2.25130083163824e-35	0.444656507678623	0.639	0.345	4.78716608839556e-31
Igtp	2.26014091586506e-35	0.428504898097435	0.625	0.337	4.80596364349546e-31
Cd164	2.42128311987562e-35	0.698024064824266	0.879	0.69	5.14861642610351e-31
Junb	3.35451150715076e-35	0.588693942221491	1	0.922	7.13303326880537e-31
Plbd1	4.358117067425e-35	0.363202955967721	0.867	0.503	9.26710013217253e-31
Myo1f	5.34731701489209e-35	0.334764758052744	0.596	0.289	1.13705349004665e-30
Chmp4b	5.4494509846443e-35	0.43463438724318	0.964	0.841	1.15877125737476e-30
Arih2	5.94869120267629e-35	0.345931827699142	0.622	0.323	1.26492969733709e-30
Mif	6.34104075352499e-35	0.520034903350289	0.926	0.778	1.34835890582955e-30
Dennd4a	6.90690327149002e-35	0.403670532060503	0.641	0.336	1.46868391164964e-30
Atp6v1a	7.74631300450541e-35	0.558283866900392	0.846	0.615	1.64717599727803e-30
Med7	7.87072203295936e-35	0.411473637132483	0.549	0.277	1.67363033308848e-30
Bcl3	8.1733823982771e-35	0.390118471626153	0.591	0.304	1.73798803316964e-30
Tmem106a	9.87335666200554e-35	0.400464532834093	0.727	0.421	2.09947056060886e-30
Fem1c	1.03931067402459e-34	0.398706704675629	0.701	0.387	2.20999021724589e-30
Vegfa	1.18837880232433e-34	0.361747633488033	0.444	0.192	2.52696868526246e-30
Trpv2	1.70494701468168e-34	0.260560826464586	0.451	0.194	3.62539933201912e-30
Gatm	2.3788499428378e-34	0.681441864653143	0.898	0.614	5.05838651845031e-30
Gbp7	2.4554768878986e-34	0.606967935708838	0.819	0.612	5.22132605442758e-30
Ccl3	3.08612542648358e-34	0.469526843341157	0.501	0.22	6.56233710687469e-30
Aif1	4.61201142885891e-34	0.559406173576733	0.874	0.581	9.80698110232558e-30
Zfp608	5.91546445603645e-34	0.28073609104389	0.444	0.193	1.25786436193159e-29
Sema4a	6.28286880097096e-34	0.428221385595019	0.644	0.34	1.33598922183846e-29
Il10ra	1.52927428492567e-33	0.368837555067095	0.698	0.374	3.25184883946595e-29
Diaph1	1.55611565404901e-33	0.447281159966202	0.884	0.663	3.30892432676982e-29
Snx6	2.02994720049519e-33	0.517090477369568	0.853	0.736	4.31647972713298e-29
Vsir	2.16246555516306e-33	0.435618514606346	0.831	0.553	4.59826675649874e-29
Tmem189	2.31982558535382e-33	0.367935035813521	0.613	0.324	4.93287712469637e-29
Ap2a2	2.8095152132986e-33	0.644478674616134	0.853	0.743	5.97415314955815e-29
Tap1	3.06499910869633e-33	0.490046107324291	0.732	0.465	6.51741410473187e-29
Egr2	3.67210441757663e-33	0.338381293906948	0.572	0.283	7.80836283353495e-29
Card19	4.08259632001586e-33	0.662201313227625	0.779	0.522	8.68123281488173e-29
Ccl2	9.14672749037852e-33	0.587770188693888	0.758	0.456	1.94496013355409e-28
Plac8	1.25414309441884e-32	0.520930280021088	0.853	0.589	2.66680987597221e-28
Trim30d	1.66633150306973e-32	0.369135943053638	0.404	0.174	3.54328730812747e-28
Lair1	1.88275698065326e-32	0.310340546806886	0.791	0.437	4.0034944436611e-28
Txnrd1	3.15110834341795e-32	0.520634407836139	0.751	0.482	6.70051678144393e-28
Neurl3	4.57317983238741e-32	0.261992686136209	0.758	0.408	9.72440959558858e-28
Abcg1	5.93557868792219e-32	0.288457212673412	0.511	0.241	1.26214145219978e-27
Gna13	8.8308851541182e-32	0.452783477579903	0.822	0.565	1.87779941917169e-27
Nsf	1.03244589003386e-31	0.384490204233198	0.634	0.353	2.195392940568e-27
Tec	1.26269272524375e-31	0.345203230359421	0.603	0.328	2.68498981095831e-27
Zfp703	1.29748957598971e-31	0.594566087375635	0.789	0.533	2.75898183438451e-27
Plekho2	1.50320625858641e-31	0.426166432401253	0.822	0.535	3.19641778825813e-27
Tut7	1.8235894358982e-31	0.490303689192525	0.872	0.678	3.87768057649393e-27
Tbc1d14	2.10554467832933e-31	0.36175850574692	0.556	0.283	4.47723020399949e-27
Pgd	2.23611544529208e-31	0.430270572070171	0.739	0.469	4.75487588286908e-27
Timm10b	2.65958251454787e-31	0.424752864260166	0.9	0.781	5.65533625893459e-27
Pgs1	3.24303579759629e-31	0.392296376043829	0.606	0.329	6.89599132000875e-27
Ccnl1	3.24387532848296e-31	0.438883769244619	0.931	0.717	6.89777649848617e-27
St3gal4	4.31650342610845e-31	0.324067863256021	0.558	0.28	9.17861288527701e-27
Ms4a6c	4.50493828130593e-31	0.466259615237527	0.869	0.573	9.57930076136893e-27
Trps1	4.74280987109004e-31	0.416340540966038	0.791	0.485	1.00851109098859e-26
BC018473	5.72142552128337e-31	0.295171040537397	0.214	0.065	1.2166039228457e-26
Skil	6.32637398937016e-31	0.427245057059328	0.836	0.574	1.34524016509967e-26
Rab7	8.96750315592124e-31	0.463053265685418	0.91	0.765	1.90684987107509e-26
Hmox1	1.01282419972679e-30	0.3224911499151	0.727	0.421	2.15366937829905e-26
B2m	1.73130311416751e-30	0.456608651388888	1	0.983	3.68144294196579e-26
Txn1	1.73856475483253e-30	0.507892895789579	0.967	0.865	3.6968840946759e-26
Morrbid	3.72804103148919e-30	0.279489462321391	0.181	0.051	7.92730644935861e-26
Irgm1	3.79833287956166e-30	0.459908733283896	0.596	0.332	8.07677503509992e-26
Snx10	3.87835216982988e-30	0.429034551637149	0.698	0.436	8.24692805392627e-26
D16Ertd472e	4.05634858826785e-30	0.282000588777216	0.537	0.269	8.62541963809275e-26
Cyth4	6.39022303184392e-30	0.394804725886434	0.903	0.593	1.35881702549129e-25
Clec4a3	1.05395774401868e-29	0.333292094581659	0.817	0.475	2.24113574688133e-25
Bhlhe40	1.0757925221465e-29	0.441010254501897	0.774	0.504	2.28756521909231e-25
Dazap2	1.12548716612429e-29	0.442836081284954	0.922	0.75	2.39323591004669e-25
Pstpip1	1.24383723262019e-29	0.283009636607807	0.558	0.28	2.64489549144356e-25
Spp1	1.73666954489042e-29	0.293827760692645	0.39	0.169	3.69285412025498e-25
Fmnl1	1.90916193851666e-29	0.361016642567658	0.689	0.373	4.05964194606182e-25
Snx8	2.02206016221627e-29	0.286112525556619	0.506	0.245	4.29970872893668e-25
Nrros	2.16687854779349e-29	0.369816761435386	0.786	0.481	4.60765054402807e-25
Tcirg1	2.25845743076625e-29	0.3037407909502	0.61	0.33	4.80238388078136e-25
Cln3	3.53107350018436e-29	0.31343449406213	0.527	0.267	7.50847469079203e-25
Rbpj	3.67306292392195e-29	0.411624449609861	0.936	0.773	7.81040100142764e-25
Capzb	4.94348512951733e-29	0.359428826812463	0.957	0.906	1.05118267794057e-24
Ppp1r15a	5.10480863184049e-29	0.364403346743798	0.85	0.536	1.08548650747456e-24
Ifi30	5.16028474035625e-29	0.374732818955764	0.907	0.753	1.09728294718935e-24
Baz2b	5.76269441643134e-29	0.441625965837809	0.724	0.449	1.22537934070996e-24
Oasl1	5.87231798501573e-29	0.257797622529815	0.276	0.103	1.24868969633374e-24
Cltc	6.08148800079916e-29	0.415730739827145	0.926	0.884	1.29316760848993e-24
Dab2	6.88853034800018e-29	0.431659918570903	0.898	0.735	1.46477709319876e-24
Cks2	9.41337044589343e-29	0.358340704422357	0.382	0.172	2.00165909161478e-24
Nipa2	9.44440485528968e-29	0.471761404960834	0.789	0.589	2.0082582484288e-24
Dennd1a	1.10583541550569e-28	0.33672617898507	0.591	0.319	2.3514484275313e-24
Stk40	1.11711934630442e-28	0.310586316813817	0.568	0.301	2.37544257798172e-24
Rnpep	1.67794155539792e-28	0.417827740329247	0.698	0.45	3.56797492339815e-24
Tgfb1	1.90331535800985e-28	0.413666514780161	0.869	0.644	4.04720977727215e-24
Pitpna	2.33937627264915e-28	0.372654099224266	0.926	0.801	4.97444970616116e-24
Fes	2.51241938225219e-28	0.296823318935363	0.634	0.339	5.34240857442106e-24
Pkib	3.09936514677727e-28	0.262583295254167	0.485	0.227	6.59049004810718e-24
Ubash3b	3.39482445973926e-28	0.283048135451902	0.558	0.287	7.21875473118956e-24
Arpc3	3.85674539541397e-28	0.338247623250943	0.983	0.949	8.20098340880827e-24
Gm2a	5.55631166268017e-28	0.291563255279258	0.912	0.749	1.18149411195231e-23
Ehbp1l1	1.12172174649563e-27	0.349935646448222	0.679	0.406	2.38522912174832e-23
Irf1	1.46520572302514e-27	0.384394611792216	0.862	0.629	3.11561344944065e-23
Kctd12	1.46736624384254e-27	0.275423937325777	0.929	0.7	3.12020758090678e-23
Riok3	1.56289488059191e-27	0.359754068803518	0.834	0.619	3.32333967409063e-23
Eif5a	1.77826508368118e-27	0.393351942290348	0.969	0.912	3.78130287393967e-23
Braf	2.17217419728539e-27	0.324486925195725	0.58	0.319	4.61891121310765e-23
Cpne2	2.18604420238388e-27	0.288729105924181	0.561	0.295	4.64840439194909e-23
Ap2s1	2.2849045317633e-27	0.404786798445149	0.841	0.734	4.85862099634149e-23
Ap1b1	2.48227354086565e-27	0.375734985989383	0.76	0.495	5.27830645729671e-23
Hip1	2.77002515206068e-27	0.377084885624025	0.727	0.456	5.89018148334184e-23
Naaa	3.13570497445291e-27	0.304201589667945	0.739	0.462	6.66776305767666e-23
Nfkbia	3.45209812829351e-27	0.807443800124478	0.936	0.764	7.34054146000331e-23
D1Ertd622e	3.46086328457898e-27	0.298534492639878	0.425	0.201	7.35917968832874e-23
Flot1	4.0327511017148e-27	0.398619413639101	0.746	0.506	8.57524194268635e-23
Cbl	4.12792125009585e-27	0.363245794717669	0.862	0.634	8.77761174620381e-23
Capg	4.19061215261322e-27	0.30712124851156	0.781	0.491	8.91091768131674e-23
Ogfrl1	4.27041030890666e-27	0.350410058869575	0.622	0.356	9.08060048085912e-23
Tnfrsf13b	5.61045154605214e-27	0.252141004455222	0.551	0.277	1.19300641675253e-22
Cxcl9	5.64551501334128e-27	0.255743988321264	0.268	0.099	1.20046231243689e-22
Il13ra1	5.96372405344022e-27	0.387473708367664	0.622	0.368	1.26812628272353e-22
Cd68	7.13769897471111e-27	0.358024281689045	0.891	0.582	1.51776030998257e-22
Pik3cd	7.75586881926459e-27	0.317712846154443	0.682	0.391	1.64920794572842e-22
Il6ra	1.1659068459144e-26	0.38075966400058	0.727	0.449	2.47918431715238e-22
Dhx38	1.5455510021092e-26	0.274629821095201	0.525	0.277	3.28645965088499e-22
Klhl2	1.65130770842085e-26	0.290803815255563	0.335	0.149	3.5113407111861e-22
Pgam1	1.71072776796203e-26	0.368620629168541	0.907	0.735	3.63769152579446e-22
Ptpn12	1.93487537013949e-26	0.39270829099536	0.663	0.407	4.1143189870646e-22
Tuba1c	2.1002915791135e-26	0.418621255525897	0.777	0.536	4.46606001382694e-22
Pak2	3.51768385768419e-26	0.361314411408591	0.948	0.832	7.48000295497967e-22
Rab5c	3.71684155847466e-26	0.380319544143935	0.881	0.761	7.90349188994053e-22
Socs3	4.65340270659436e-26	0.253079118862716	0.938	0.71	9.89499551530225e-22
Zbp1	4.81766786597791e-26	0.439519076339291	0.689	0.443	1.02442889502154e-21
Sh3glb1	6.55165980525404e-26	0.324678750577144	0.979	0.915	1.39314494098922e-21
Irf2bp2	6.91054864612734e-26	0.34134604514889	0.922	0.747	1.46945906411252e-21
Atp6v1g1	7.16859117256604e-26	0.395105634288669	0.962	0.861	1.52432922693444e-21
Adipor1	7.19289232864023e-26	0.413282821367629	0.762	0.515	1.52949662476206e-21
Snap29	7.87857220111887e-26	0.289824462356449	0.525	0.284	1.67529959284592e-21
Pfkfb4	8.41624697448211e-26	0.275030704623332	0.411	0.194	1.78963075665388e-21
Tpm3	8.51800054739115e-26	0.31807745397809	0.99	0.939	1.81126763639725e-21
Aldoa	9.43061245768885e-26	0.416464951628063	0.974	0.874	2.00532543300296e-21
Gpx1	1.00133298415287e-25	0.371114110500092	0.976	0.91	2.12923445750266e-21
Creb5	1.11146756842768e-25	0.301261996754552	0.572	0.3	2.36342463750462e-21
Rlf	1.12900448289896e-25	0.312993350746822	0.561	0.309	2.40071513243635e-21
Gm12250	1.28097646295517e-25	0.377052927123478	0.413	0.204	2.72386835082788e-21
Gngt2	1.35477730336858e-25	0.258524967895942	0.639	0.358	2.88079845788294e-21
Ifitm6	1.50223565414275e-25	0.428986018361236	0.394	0.183	3.19435389496914e-21
Cdh1	1.76547592534115e-25	0.257456924840445	0.321	0.132	3.75410800764542e-21
Dnajc13	2.01683251114819e-25	0.355975865516074	0.72	0.462	4.28859265170551e-21
Pxn	2.71746968489054e-25	0.30906290201048	0.656	0.396	5.77842753795123e-21
Gbp5	2.93050862208236e-25	0.563847635554317	0.575	0.33	6.23143353399594e-21
Ubl3	3.92061140015548e-25	0.407589105663025	0.848	0.668	8.33678808129062e-21
Trim12c	4.73380959192588e-25	0.364537349159506	0.625	0.372	1.00659727162712e-20
Gripap1	5.24509637915069e-25	0.310813692779076	0.596	0.34	1.1153172940626e-20
Ccr2	5.86112813393349e-25	0.309417657385789	0.758	0.451	1.24631028639962e-20
Fyb	6.94861477674366e-25	0.303380618476706	0.876	0.59	1.47755344612677e-20
Itsn2	7.20066297531818e-25	0.367495283718203	0.758	0.52	1.53114897507166e-20
Calm1	7.26765860994264e-25	0.315701900384414	0.995	0.988	1.5453949268182e-20
Spata13	7.97758585138441e-25	0.305508644951299	0.33	0.146	1.69635385543838e-20
Ap2m1	8.18568612688491e-25	0.449261094419844	0.822	0.714	1.74060429802081e-20
Pag1	8.56761074226806e-25	0.252322073357213	0.385	0.177	1.82181674823588e-20
Eno1	8.96776033609586e-25	0.415523979942634	0.874	0.724	1.90690455786742e-20
Vrk1	9.21746105248525e-25	0.276728037522459	0.658	0.384	1.96000091820046e-20
Marcksl1	1.87599179794108e-24	0.372503033715276	0.77	0.47	3.98910895914191e-20
Arhgap30	2.32398064128806e-24	0.31722773371614	0.817	0.526	4.94171243563493e-20
Coro1a	2.32675538699691e-24	0.335025586578322	0.945	0.65	4.94761265491022e-20
Smap2	2.87222637052448e-24	0.362130276813201	0.808	0.564	6.10750215428325e-20
Mkrn1	3.17039074228342e-24	0.30704856400506	0.812	0.597	6.74151887439146e-20
Gdpd3	3.89881312064393e-24	0.271401347468821	0.618	0.352	8.29043621973725e-20
Map2k4	5.15953331861709e-24	0.278853422023888	0.563	0.318	1.09712316487074e-19
Jdp2	5.44185055349481e-24	0.403273052821668	0.553	0.325	1.15715510169514e-19
Aff1	5.94325164339636e-24	0.322553837121987	0.606	0.366	1.2637730294518e-19
Myo9b	6.84689237166158e-24	0.300310750312887	0.62	0.362	1.45592319391012e-19
Hnrnph2	7.58928719954454e-24	0.427525163967875	0.765	0.579	1.61378603011115e-19
Rab32	9.77266698388899e-24	0.341051523959333	0.582	0.34	2.07805990745416e-19
Lcn2	9.92472221142091e-24	0.864677460864524	0.392	0.191	2.11039293103654e-19
Zc3h7a	1.05134252581866e-23	0.332488143667068	0.663	0.424	2.23557474690079e-19
Dip2b	1.6998278902818e-23	0.330291329182254	0.67	0.442	3.61451402589523e-19
Ikbke	1.72516667175849e-23	0.305148122689851	0.394	0.192	3.66839441082726e-19
Orai1	1.76693914974208e-23	0.316348451315033	0.8	0.582	3.75721940801156e-19
Ftl1	1.93323118386213e-23	0.446234521688003	0.998	0.997	4.11082278936442e-19
Ranbp2	1.98768168483303e-23	0.378754743315959	0.817	0.612	4.22660633462896e-19
Gm8995	2.00290561918659e-23	0.545628927530274	0.596	0.371	4.25897850863837e-19
Bcl2l1	2.11594894543368e-23	0.291413546041194	0.52	0.292	4.49935383757017e-19
Gng5	2.17314329213692e-23	0.354131021969752	0.981	0.966	4.62097189639994e-19
Arrb2	2.5360880235127e-23	0.282943399559082	0.76	0.477	5.3927375731974e-19
Zyx	2.98756769642157e-23	0.38096762743119	0.848	0.652	6.35276394967082e-19
Dusp16	3.00052415049836e-23	0.286063984670593	0.397	0.194	6.38031455361972e-19
Mthfs	3.66026105286266e-23	0.275069662473674	0.511	0.276	7.78317910280715e-19
Ifit1	3.89086631698264e-23	0.434476956854158	0.34	0.158	8.27353813643188e-19
Cdc42	3.98923650990011e-23	0.268044788107186	0.998	0.98	8.48271251465159e-19
Furin	5.55427749538264e-23	0.289008048340741	0.71	0.466	1.18106156661817e-18
Lamp1	7.24167544011577e-23	0.357935749636199	0.96	0.938	1.53986986558622e-18
Gpr146	8.48061384781504e-23	0.288401329405637	0.615	0.37	1.80331772859939e-18
Alas1	9.4241733368434e-23	0.340925479019872	0.575	0.339	2.00395621834638e-18
Tbxas1	1.02456281500707e-22	0.27766068335817	0.703	0.406	2.17863036983103e-18
Iqsec1	1.07952548738315e-22	0.301337596824702	0.518	0.29	2.29550299637152e-18
Med13l	1.10463492820734e-22	0.424013649722051	0.694	0.464	2.34889571134009e-18
Lfng	1.16380978167182e-22	0.292733727825685	0.62	0.369	2.47472511974696e-18
Safb2	1.18304521349585e-22	0.276938797968973	0.667	0.413	2.51562734197758e-18
Ifrd1	1.53584371970928e-22	0.328477422263354	0.772	0.557	3.2658180855898e-18
Hist1h4i	1.73735277744116e-22	0.260100311545003	0.366	0.173	3.69430694595088e-18
Ak2	1.97444788190846e-22	0.349225052914623	0.784	0.582	4.19846597609016e-18
Atox1	2.26331233109234e-22	0.276277785768158	0.964	0.911	4.81270734083476e-18
Soat1	3.12676499014725e-22	0.359954569199926	0.743	0.519	6.64875307504912e-18
Lrrfip1	3.1776155786121e-22	0.3520450210311	0.762	0.522	6.75688176636076e-18
Fam111a	3.88893159407926e-22	0.302009850872119	0.729	0.442	8.26942414165013e-18
Ahr	4.83182546049528e-22	0.310353126949387	0.694	0.441	1.02743936591972e-17
Grn	5.61631265750007e-22	0.418056275494052	0.888	0.823	1.19425272349081e-17
Nudt4	5.87007908841232e-22	0.344825488348495	0.651	0.41	1.24821361736e-17
Ifngr2	9.16286733110975e-22	0.293858335585863	0.777	0.538	1.94839210928718e-17
Tnip3	9.78578277831616e-22	0.274438909855472	0.48	0.254	2.08084884998115e-17
Tmem173	1.0082665276092e-21	0.324141645060563	0.732	0.505	2.1439779443082e-17
Cybb	1.28545441099338e-21	0.263865478908087	0.86	0.533	2.73339025953632e-17
Etv6	1.33735792486729e-21	0.288713989881252	0.618	0.367	2.8437578914378e-17
Hlx	1.57483062352238e-21	0.289306049039352	0.558	0.323	3.34871983785798e-17
Wipf1	1.74905156393634e-21	0.343249233328348	0.772	0.532	3.71918324555423e-17
Irf5	2.31150205292817e-21	0.26542675660276	0.746	0.469	4.91517796534646e-17
Nadk	2.65687569194508e-21	0.379279386247149	0.736	0.487	5.64958047135202e-17
Arap1	3.81819635689953e-21	0.264423301035432	0.632	0.385	8.11901273331115e-17
Zfp281	4.1570812084681e-21	0.326812277331782	0.425	0.232	8.83961748168656e-17
Ptpn2	4.67176384609851e-21	0.314784539840237	0.622	0.385	9.93403864234386e-17
Rgl1	6.12326285102003e-21	0.310573430972657	0.739	0.494	1.3020506126409e-16
Dtx3l	8.41342321498768e-21	0.347653775667227	0.672	0.448	1.78903031243498e-16
Irgm2	8.56420398008068e-21	0.284267761105626	0.454	0.247	1.82109233432436e-16
Ttc7	9.28184345173792e-21	0.289405776077794	0.556	0.325	1.97369119157755e-16
Stx7	1.14793091975455e-20	0.3221062840623	0.862	0.698	2.44096030776608e-16
Arhgdib	1.3169266938381e-20	0.29443562903232	0.955	0.809	2.80031292177734e-16
Ssh2	1.32930606889586e-20	0.316691350575483	0.698	0.435	2.82663642490016e-16
Mrpl33	1.48828469008613e-20	0.338934397307048	0.924	0.811	3.16468856499916e-16
Kctd20	1.70831725012633e-20	0.28866874128157	0.482	0.271	3.63256580066864e-16
Gsap	2.03125229115383e-20	0.300838317002929	0.425	0.227	4.31925487190951e-16
Fermt3	2.07908068618205e-20	0.306072306500392	0.796	0.526	4.4209571710975e-16
Plekho1	2.61837168095027e-20	0.316021207036668	0.81	0.574	5.56770554237265e-16
Atp6v0d1	3.23385642600673e-20	0.28995052337838	0.77	0.559	6.8764723042607e-16
Parp14	3.61019560430804e-20	0.326336646634769	0.755	0.537	7.67671993300062e-16
Ly86	4.8775270263384e-20	0.300333512316829	0.881	0.58	1.0371573468806e-15
Pf4	4.87955808027083e-20	0.316128087212445	0.663	0.395	1.03758923018879e-15
Tmed5	5.6873606923004e-20	0.356586583085959	0.836	0.685	1.20936037761076e-15
Ccdc86	5.71030657612615e-20	0.272662083231997	0.532	0.319	1.21423959034746e-15
Rbm47	8.23552030550877e-20	0.298567745675496	0.572	0.342	1.75120103776338e-15
Atp6v0b	8.52528394166104e-20	0.275773190229514	0.957	0.889	1.8128163773548e-15
Ldha	1.30648462309945e-19	0.321725864967692	0.941	0.845	2.77810890255868e-15
Klf7	1.58354291515723e-19	0.338396984835855	0.677	0.448	3.36724565479033e-15
Edem1	1.63533007907672e-19	0.353320040364266	0.658	0.436	3.47736588014874e-15
Nfe2l2	1.76713688798737e-19	0.40651521486764	0.876	0.71	3.75763987861633e-15
Tle3	1.84397716420547e-19	0.349265221965259	0.58	0.365	3.92103304196652e-15
Irak2	1.94554207588438e-19	0.251768826312516	0.356	0.178	4.13700067016054e-15
Sema4d	2.01576739257341e-19	0.303107397128901	0.513	0.284	4.28632778356809e-15
Snx5	2.02553054721582e-19	0.360116727295302	0.855	0.743	4.30708815559971e-15
Clta	2.20616272746999e-19	0.324988191754235	0.95	0.938	4.69118442369219e-15
Il10rb	2.38701899225291e-19	0.344452598420962	0.767	0.545	5.0757571851266e-15
Ifi44	2.48025119038304e-19	0.279020550833864	0.458	0.256	5.2740061312305e-15
Sdc3	3.16372369005497e-19	0.340591414510328	0.722	0.479	6.72734205453288e-15
Midn	6.61817553557505e-19	0.309843284142312	0.677	0.45	1.40728884588468e-14
AI662270	6.75119179266221e-19	0.298316381925556	0.727	0.46	1.43557342279169e-14
Pdia4	6.94735264719866e-19	0.375572266321491	0.765	0.613	1.47728506690032e-14
Cd163	9.68023332183149e-19	0.399182082673682	0.466	0.257	2.05840481355425e-14
Nr4a1	1.02269669855238e-18	0.328404571888194	0.701	0.449	2.17466225980178e-14
Cysltr1	1.18687494880821e-18	0.26919640592526	0.682	0.436	2.52377089114578e-14
Lamp2	1.31783309059301e-18	0.309590178664715	0.964	0.861	2.80224028383697e-14
Ddx6	1.77958195277218e-18	0.369201471186418	0.86	0.721	3.78410306437477e-14
Adprh	2.53862340976822e-18	0.278668953809483	0.656	0.431	5.39812881853115e-14
Mdm2	3.62045175718182e-18	0.271149547109308	0.563	0.34	7.69852861647143e-14
Secisbp2l	3.80869396243966e-18	0.317183843359009	0.71	0.514	8.09880684173169e-14
Snx3	3.85141683218881e-18	0.295802336216766	0.907	0.843	8.18965275196629e-14
Slc3a2	4.27171452988736e-18	0.343207000792076	0.867	0.72	9.08337377635249e-14
B4galt5	4.81256282647168e-18	0.29690817254097	0.539	0.329	1.02334335942094e-13
Larp1	6.61217934818102e-18	0.309890343392357	0.765	0.564	1.40601381659721e-13
Csk	7.33333191445747e-18	0.284906058661979	0.755	0.552	1.55935969829024e-13
Atp13a2	7.89177000805872e-18	0.251980348811863	0.537	0.32	1.67810597451361e-13
Fas	9.81636128844248e-18	0.365353420170815	0.411	0.231	2.08735106437441e-13
Zfand3	1.02401548260584e-17	0.270177390234044	0.679	0.454	2.17746652221305e-13
Lgals9	1.04262428932613e-17	0.30491146712841	0.762	0.558	2.21703628882309e-13
Cdc42ep2	1.15981831339249e-17	0.321268228884956	0.451	0.26	2.46623766159779e-13
Ndufb1-ps	1.16518748307476e-17	0.307280794351553	0.96	0.916	2.47765466401018e-13
Mob1a	1.28291795585322e-17	0.275441927536619	0.831	0.681	2.72799674132629e-13
Cd38	1.38127371371402e-17	0.261227191818713	0.677	0.415	2.9371404248415e-13
Tgif1	2.02714945619779e-17	0.281443548940368	0.494	0.283	4.31053060365898e-13
Susd6	2.67976883395043e-17	0.307291134126357	0.772	0.585	5.6982604485122e-13
Lpin2	2.69475495948048e-17	0.250837134099051	0.511	0.3	5.7301269458393e-13
Mfsd1	2.98283874383783e-17	0.273120775445336	0.698	0.488	6.34270830489675e-13
S100a11	3.04124435616184e-17	0.518446290334415	0.969	0.81	6.46690199894253e-13
Eif3j1	3.27466349440044e-17	0.290810828686799	0.67	0.481	6.9632444544931e-13
Olfm1	3.41174655422545e-17	0.250050195608832	0.634	0.407	7.254737872905e-13
Mbd2	3.46288954835333e-17	0.321696991690563	0.838	0.7	7.36348833561853e-13
Hyou1	3.59787110253716e-17	0.260436087584917	0.52	0.31	7.65051311243501e-13
H2afj	3.66191551108701e-17	0.294238107829333	0.919	0.807	7.78669714277542e-13
Hnrnpll	4.01236617997942e-17	0.267171617588729	0.584	0.365	8.53189544510825e-13
Stat2	4.85156156012532e-17	0.266376903037126	0.542	0.339	1.03163605014505e-12
Bak1	5.44706246503573e-17	0.26796698530377	0.632	0.431	1.1582633625652e-12
Cmtm6	5.80016749177682e-17	0.289396271081497	0.682	0.47	1.23334761545142e-12
Ero1l	5.98192707595574e-17	0.3316530136975	0.518	0.311	1.27199697343123e-12
Maf	7.91402359626025e-17	0.259885051278427	0.862	0.696	1.68283797750878e-12
Cflar	9.81404177625244e-17	0.324128719368189	0.715	0.514	2.08685784330232e-12
Nfkb1	1.24040814193844e-16	0.326502781416092	0.774	0.591	2.6376038730179e-12
Cdc42se1	1.37785794619151e-16	0.316056445155992	0.758	0.547	2.92987713678162e-12
Zfp106	1.54330248853173e-16	0.284236099456526	0.805	0.64	3.28167841161388e-12
Vps4b	1.59973393961007e-16	0.312055803657864	0.779	0.59	3.40167424918686e-12
Sys1	1.66920958216383e-16	0.337692350581401	0.808	0.69	3.54940725551318e-12
Akap13	1.95103261937609e-16	0.299835236872064	0.91	0.82	4.14867576184132e-12
Tnfaip3	2.74803095170796e-16	0.433421130880152	0.568	0.361	5.84341301571181e-12
Eif4ebp1	3.3212148531459e-16	0.309694348317657	0.739	0.541	7.06223126372944e-12
Kras	3.59456408835301e-16	0.358639720410175	0.746	0.562	7.64348107747385e-12
Tcf7l2	3.68720116806038e-16	0.33240893614122	0.625	0.434	7.84046456376359e-12
BC005537	7.22218160798055e-16	0.329285143920576	0.876	0.752	1.53572469712098e-11
Dnm2	1.20206647037181e-15	0.262937887329554	0.741	0.557	2.55607414259862e-11
Tpi1	1.26497312100857e-15	0.297447872860226	0.86	0.752	2.68983884451262e-11
Casp4	1.29920176684399e-15	0.299722953637319	0.665	0.447	2.76262263701706e-11
Slfn5	1.37302691474735e-15	0.374985504807542	0.701	0.491	2.91960443151876e-11
Clint1	1.67500801985683e-15	0.314048501316332	0.793	0.649	3.56173705342357e-11
Ythdc1	1.82132458984351e-15	0.268070184182647	0.791	0.616	3.87286460784325e-11
Crlf2	1.86298373355508e-15	0.269368894161785	0.748	0.553	3.96144861103151e-11
Capza1	1.89830694496116e-15	0.285353255068723	0.732	0.531	4.03655988776542e-11
Atp6ap2	2.17728527289639e-15	0.254250536188584	0.767	0.58	4.62977940428689e-11
Bbip1	2.49854190524185e-15	0.263966169245852	0.736	0.545	5.31289950730627e-11
Wdr26	2.73754925853004e-15	0.291718369425814	0.829	0.672	5.82112474333827e-11
Rap2b	3.92566950119507e-15	0.269269115176202	0.691	0.494	8.34754362734120e-11
Larp4b	4.20966007648669e-15	0.265159173135551	0.727	0.526	8.9514211866413e-11
Reep3	4.51649657503643e-15	0.27601884522071	0.836	0.695	9.60387831715746e-11
Etf1	5.30067422403193e-15	0.280373926802939	0.779	0.606	1.12713536699815e-10
Cox5a	5.57092743705081e-15	0.26933270128891	0.903	0.879	1.18460201021448e-10
Hnrnpc	5.98346164605962e-15	0.268023987560322	0.846	0.705	1.27232328441812e-10
Abi1	7.13251288185234e-15	0.313842134892103	0.803	0.622	1.51665753919708e-10
Nktr	8.87024874313499e-15	0.266408828348599	0.831	0.68	1.88616969274022e-10
Stat3	9.48552458172519e-15	0.292646782232044	0.846	0.706	2.01700194705804e-10
Casp8	1.86607942025673e-14	0.287339907070235	0.689	0.49	3.96803127923391e-10
Osbpl9	2.39751414765756e-14	0.291331667566903	0.72	0.53	5.09807408357903e-10
Por	2.80248668438488e-14	0.258257519147415	0.739	0.534	5.959207685676e-10
Cap1	3.08608070899296e-14	0.287533610247926	0.803	0.64	6.56224201960263e-10
Cxcl10	4.25870547200248e-14	0.350955840422722	0.299	0.155	9.05571131566607e-10
Tnf	4.41186231802868e-14	0.645238137028361	0.297	0.151	9.38138403305618e-10
Sbno1	4.64905748432781e-14	0.278617277063164	0.739	0.544	9.88575583467466e-10
Rbbp6	5.16759050124157e-14	0.304498852673541	0.755	0.609	1.09883644418401e-09
Mapkapk2	6.53431549524367e-14	0.313229802915827	0.786	0.592	1.38945684690861e-09
Snx2	7.31176355264224e-14	0.293799593168916	0.781	0.659	1.55477340183385e-09
Eps8	8.36211515419198e-14	0.290889727810646	0.729	0.562	1.77812016638738e-09
Rbm25	1.18508002834272e-13	0.253019233898744	0.872	0.765	2.51995417226796e-09
Lap3	1.57822831397369e-13	0.256132020751374	0.62	0.447	3.35594468683366e-09
Ilrun	2.08294355700142e-13	0.254124153530577	0.228	0.113	4.42917117960783e-09
Fam32a	2.52330648597229e-13	0.314249434671533	0.8	0.629	5.36555891177147e-09
Gnai3	5.44157701514187e-13	0.256742416779661	0.743	0.564	1.15709693649977e-08
Atp5l	6.6823549167804e-13	0.257187300041892	0.938	0.832	1.42093594950418e-08
Eif1	1.35933240671339e-12	0.275461976447089	1	0.995	2.89048442963536e-08
Lnpep	1.73498673837091e-12	0.30872029075649	0.791	0.637	3.68927580047191e-08
Spag9	1.98838246828768e-12	0.315632367170827	0.834	0.681	4.22809648056691e-08
Psme2	2.36191069785852e-12	0.264472772639224	0.898	0.821	5.02236690792635e-08
Rock1	3.51699988479786e-12	0.262677315642784	0.881	0.755	7.47854855503417e-08
Kmt5a	4.00869753465142e-12	0.256278939562369	0.679	0.498	8.52409443768278e-08
Klf3	4.16704231423087e-12	0.275380455383253	0.781	0.617	8.86079877698052e-08
Rab1a	4.85511316904892e-12	0.298096677755557	0.829	0.725	1.03239126426656e-07
Sppl2a	5.4083179986346e-12	0.261781600282534	0.86	0.718	1.15002473922966e-07
Ski	5.9780475963164e-12	0.272978462383392	0.715	0.558	1.27117204088072e-07
Camk2d	8.1866165004575e-12	0.256510617794767	0.71	0.536	1.74080213265728e-07
Pcbp1	2.05347667792999e-11	0.28570492939134	0.905	0.863	4.36651280795034e-07
Rpn1	2.86498217047239e-11	0.279127000394463	0.805	0.705	6.0920980872925e-07
Gbp4	3.68937669661969e-11	0.299220991957132	0.508	0.344	7.84509060769211e-07
Gbp2b	7.74876627977537e-11	0.286880099501824	0.29	0.166	1.64769766173143e-06
Tax1bp1	6.26799640175066e-10	0.25693199503413	0.919	0.829	1.33282675486826e-05
Sod2	1.15971855524768e-07	0.320270778801412	0.786	0.671	0.00246602553587866
