id	p_val	avg_log2FC	pct.1	pct.2	p_val_adj
Ms4a4b	5.26124529206714e-292	1.80893425724985	0.901	0.152	1.11875119890516e-287
Il2rb	8.16263787618681e-290	1.24692422702404	0.854	0.126	1.73570331799236e-285
Nkg7	1.16595647787288e-286	1.51849098726564	0.869	0.133	2.47928985454888e-282
Trbc2	2.93524120835753e-254	1.25009682464042	0.818	0.129	6.24149690545145e-250
Cd3g	1.93269565340743e-253	0.872786707839916	0.699	0.092	4.10968403740556e-249
Gimap3	3.09979946541293e-241	0.857745663903611	0.788	0.123	6.59141358325404e-237
Gimap4	1.45384958161012e-239	1.15055282309733	0.869	0.16	3.09146575033576e-235
Sh2d2a	3.43106399737444e-234	0.872490714930324	0.707	0.102	7.295814484017e-230
Gzmb	2.27587834488307e-232	1.39298945361832	0.71	0.109	4.83942771255937e-228
Cd3d	1.331281102868e-223	0.971005454967915	0.657	0.092	2.83083613713852e-219
Ctla4	7.44966272926211e-221	1.25709263417667	0.624	0.087	1.5840962827503e-216
Cd2	2.93949667871183e-218	0.815792779608603	0.654	0.095	6.25054573761284e-214
Lck	5.75859425881909e-217	0.681073285489288	0.69	0.103	1.22450748319529e-212
Trac	8.76593476702284e-215	0.908175262640896	0.597	0.081	1.86398836885974e-210
Trbc1	4.15273183518592e-212	0.925223397939105	0.666	0.1	8.83036897433934e-208
Cd3e	5.67089955864466e-211	0.817604739379526	0.615	0.085	1.2058600821502e-206
Ptprcap	4.19884214053897e-208	0.847284492911757	0.83	0.152	8.92841792764207e-204
Skap1	1.15112237138339e-205	0.743381633026539	0.684	0.106	2.44774661050963e-201
Satb1	1.65618747396897e-204	1.25725104862935	0.746	0.142	3.52171704464761e-200
Prf1	2.67451097665742e-197	0.795106037524467	0.522	0.066	5.68708014076434e-193
Ctsw	1.10367803118162e-193	0.700495421251055	0.657	0.104	2.34686096550459e-189
Ccl5	3.24256847886271e-193	1.77572326829183	0.809	0.188	6.89499761345367e-189
Lat	3.85457363347658e-192	0.591960733147364	0.561	0.077	8.1963653742246e-188
Gm19585	5.90782200804782e-191	0.615829029262492	0.567	0.079	1.25623927179129e-186
Gimap7	2.08182945827731e-185	0.595864334048331	0.606	0.091	4.42680216008087e-181
Klrd1	4.29983748628592e-182	0.846197429726266	0.672	0.116	9.14317443083837e-178
Cd8b1	1.698983468473e-180	0.806918425786466	0.397	0.041	3.61271844736099e-176
Cd28	4.66937508708704e-179	0.698148885958841	0.549	0.081	9.92895918518187e-175
Cxcr6	5.17792889833712e-179	0.745567323203856	0.564	0.084	1.1010348009424e-174
Gzma	4.59276797935434e-178	1.2328462396209	0.761	0.175	9.76606183129908e-174
Txk	5.88161964379535e-175	0.73851157300703	0.615	0.101	1.25066760105664e-170
Gata3	6.84516737182503e-166	0.757570315231568	0.501	0.072	1.45555638994487e-161
Klre1	1.09927413782143e-165	0.681154751296119	0.475	0.064	2.33749652666349e-161
Icos	3.07529003198868e-161	0.760378096109894	0.507	0.077	6.53929672402073e-157
Eomes	1.22281227427097e-160	0.555745831675008	0.391	0.045	2.60018802000978e-156
Gimap1	3.17264568572776e-159	0.715177030273965	0.779	0.169	6.74631378613151e-155
Bcl11b	2.88821595155816e-158	0.595264889604174	0.478	0.068	6.14150239939327e-154
Ikzf3	8.75988325293133e-158	0.505422051771201	0.504	0.075	1.86270157490332e-153
Zap70	1.12149264615955e-156	0.508331353754197	0.501	0.075	2.38474196279366e-152
Itk	2.44795918978867e-156	0.427220188515766	0.507	0.075	5.20534042116662e-152
Fasl	9.46965637478532e-156	0.491023903244229	0.457	0.063	2.01362773153435e-151
Themis	3.53644822758741e-151	0.314898043272098	0.299	0.027	7.51990351114188e-147
P2ry10	3.39753177824485e-145	0.7631810189439	0.576	0.109	7.22451157325986e-141
Ctla2a	1.22801500560804e-144	0.617856065912027	0.764	0.177	2.61125110792494e-140
Gimap5	6.39376195985257e-144	0.6183823345591	0.627	0.123	1.35956954314305e-139
Cd8a	1.50439688943297e-143	0.537345280348827	0.385	0.048	3.19894954569027e-139
Thy1	6.4883823319028e-143	0.916781979732993	0.728	0.176	1.37968961905581e-138
Gimap6	1.65405009385694e-139	0.736619843772804	0.77	0.186	3.5171721195774e-135
Cd6	9.58613872724762e-139	0.361282203024192	0.316	0.034	2.03839653896193e-134
Tnfrsf18	9.5070271590245e-138	0.619226351452568	0.579	0.112	2.02157425509497e-133
Ifng	1.59284401457481e-137	0.499338493987521	0.352	0.043	3.38702351259188e-133
Ptpn22	1.18860966373383e-130	0.678096811412439	0.719	0.176	2.52745958896362e-126
Cd226	5.07311126379992e-126	0.409577396576631	0.418	0.064	1.07874637913442e-121
Stat4	4.24380070993254e-120	0.564023836996133	0.609	0.134	9.02401782960055e-116
Klrc1	4.57460935372047e-119	0.414817687464139	0.361	0.051	9.72744932975121e-115
Cd247	4.92654236718284e-119	0.374273522376152	0.388	0.059	1.04757996895776e-114
Klrk1	4.0733659222509e-118	0.628333716976662	0.618	0.141	8.66160529707432e-114
Gimap8	2.71543915757499e-117	0.416983939636174	0.481	0.087	5.77410982466746e-113
Klrc2	8.69048098251203e-116	0.359737956449259	0.331	0.044	1.84794387612136e-111
Klrb1c	3.57966467231671e-115	0.468631963972828	0.328	0.044	7.61179895921426e-111
Ets1	1.25039337126637e-114	0.819297209546189	0.881	0.298	2.65883646466081e-110
Ltb	1.60310928747772e-113	0.755081630708143	0.666	0.175	3.40885158889263e-109
Cd5	2.10701161357473e-113	0.301892693848678	0.284	0.033	4.48034949510531e-109
Spn	6.89836918275553e-112	0.520746804966015	0.57	0.125	1.46686922302114e-107
Tbx21	7.90405698315013e-112	0.314279678064875	0.319	0.042	1.68071867689704e-107
Sept1	5.50458082501013e-111	0.603205515024575	0.699	0.188	1.17049406663015e-106
Gzmk	1.07428161411645e-110	0.398114110131266	0.278	0.032	2.28435242425721e-106
Itgal	1.49191231990565e-110	0.734591255103093	0.725	0.209	3.17240235704737e-106
Lag3	6.41731849221676e-110	0.446157873877795	0.409	0.07	1.36457860418497e-105
Hcst	1.81325569208245e-107	0.856022172099472	0.848	0.304	3.85570690364413e-103
Cd7	3.15990447090289e-107	0.446140970462249	0.442	0.082	6.7192208669279e-103
Ubash3a	5.51366471481136e-107	0.263975731042178	0.301	0.04	1.17242566495749e-102
Gpr174	6.39087826231198e-107	0.353900412516866	0.328	0.047	1.35895635369802e-102
Vps37b	6.6992880503078e-106	0.875541683381668	0.833	0.315	1.42453661101745e-101
Sh2d1a	1.59439532648167e-102	0.327766364013721	0.316	0.045	3.39032222223062e-98
Rgs1	1.60773250398422e-102	0.817758548107297	0.869	0.304	3.41868239647204e-98
Tnfrsf9	2.27990540961978e-102	0.648767473547519	0.376	0.064	4.84799086301549e-98
Ncr1	5.34417780511538e-102	0.371805533810566	0.316	0.045	1.13638596847973e-97
Ppp1r16b	1.70918693002882e-101	0.41834560598955	0.507	0.108	3.63441508801329e-97
Tnfrsf4	2.70194946005814e-98	0.635561075599595	0.325	0.051	5.74542533186762e-94
Nabp1	3.4144724718266e-98	1.15249842141677	0.881	0.382	7.26053426409208e-94
Xcl1	1.70455859141229e-97	0.468820759501038	0.313	0.046	3.62457338877908e-93
Runx3	6.87845813756281e-94	0.845831386487252	0.866	0.348	1.46263533837136e-89
Cd27	7.41151303695189e-93	0.397147163441136	0.43	0.087	1.57598413217745e-88
Runx2	1.93476195672764e-92	0.315646181186437	0.388	0.072	4.11407782478565e-88
AW112010	3.78364848412533e-91	1.24439378595993	0.964	0.596	8.04555013664409e-87
Gm15472	4.72602558640424e-89	0.258744180722646	0.349	0.061	1.004942080693e-84
Dusp5	2.13691958375063e-87	1.15454874207068	0.875	0.411	4.54394580288734e-83
Pim2	5.58126121220615e-87	0.362044786332876	0.299	0.048	1.18679938416351e-82
Gpr171	6.64333024819025e-87	0.548141756120597	0.639	0.188	1.41263774397518e-82
Chil3	6.94844395862789e-87	1.22887675369511	0.672	0.214	1.47751712336263e-82
Il2ra	1.92888226538866e-86	0.519240803636341	0.328	0.056	4.10157524912246e-82
Inpp4b	1.03830778053657e-85	0.503443492487905	0.51	0.126	2.20785766453297e-81
Tcf7	1.10063786099337e-85	0.304302600510863	0.284	0.043	2.34039634761631e-81
Gimap9	1.24504536696386e-85	0.439465266087186	0.522	0.132	2.64746446831195e-81
Gimap1os	3.40019083017567e-85	0.259588266785954	0.281	0.042	7.23016578128555e-81
Cd69	4.53856231826834e-85	0.495590503829919	0.528	0.134	9.6507989135658e-81
Il7r	3.3734983374229e-84	0.412185247256331	0.427	0.092	7.17340686469605e-80
Cish	1.12408608505089e-83	0.886705273343086	0.758	0.298	2.39025665125222e-79
Nup210	1.44451104558576e-83	0.471000478095806	0.543	0.144	3.07160828733356e-79
Arg1	2.1829958209815e-83	1.34420058911808	0.86	0.379	4.64192231373507e-79
Cst7	4.31572836013523e-83	0.360624544643169	0.457	0.103	9.17696478499155e-79
Ablim1	1.38090624483434e-82	0.63148493522853	0.776	0.282	2.93635903901574e-78
Ccl24	2.64675157264501e-81	1.33727361020102	0.893	0.437	5.62805254407235e-77
Ffar2	2.83521020204094e-80	0.531904433336408	0.528	0.14	6.02879097361985e-76
Ptprc	4.22792466015205e-80	0.95622765971956	0.997	0.659	8.99025899734733e-76
Rasal3	1.61301503148841e-79	0.456329324802831	0.528	0.143	3.42991516295695e-75
Ccl1	1.86179484468902e-79	0.722140710026462	0.176	0.018	3.95892055774673e-75
Malt1	6.98619472072873e-79	0.951121073055184	0.872	0.394	1.48554444541576e-74
Il18rap	1.12935834416773e-78	0.394291697183721	0.442	0.104	2.40146758303827e-74
Il2rg	3.25372040175225e-78	0.755116567793892	0.863	0.383	6.91871106228598e-74
Grap2	4.39289491294427e-78	0.293211824725306	0.328	0.061	9.3410517428847e-74
Selplg	2.08321977593426e-77	0.84325783585427	0.878	0.44	4.42975853154662e-73
Cyfip2	3.18877681956707e-77	0.518648858350907	0.609	0.194	6.78061502912743e-73
Izumo1r	1.04480557306916e-76	0.288489550148528	0.194	0.023	2.22167457057425e-72
Emb	8.05761694834593e-75	0.809627303317201	0.931	0.467	1.71337166789628e-70
Klra4	1.16136921541095e-74	0.357252677673918	0.179	0.02	2.46953549964985e-70
Hopx	6.93293243640284e-74	0.509068197577594	0.651	0.214	1.4742187532767e-69
Sell	1.24027084702177e-73	0.652836290077407	0.627	0.201	2.63731192910708e-69
Cd53	6.44197721277274e-73	0.996921514753627	0.994	0.65	1.369822034524e-68
Adora2a	1.02343091929315e-72	0.354856940346835	0.382	0.085	2.17622350678495e-68
Tbc1d10c	6.5076607172305e-72	0.299499020208203	0.43	0.103	1.38378897491189e-67
Ly6c2	1.31723875052773e-71	0.567629721632459	0.606	0.188	2.80097647912218e-67
D16Ertd472e	2.34149222945446e-71	0.603049566994926	0.701	0.266	4.97894907671195e-67
Ugcg	5.6136595076629e-71	0.805605100218072	0.815	0.383	1.19368855770944e-66
Ccr5	7.65539058459763e-71	1.01276426509268	0.967	0.544	1.62784225390884e-66
Rinl	4.99733602949557e-70	0.501357202485372	0.627	0.211	1.06263353331194e-65
Rasgrp1	2.82809104767061e-69	0.545812226714274	0.666	0.235	6.01365280376678e-65
Gm8369	3.94808392089744e-69	0.285334707602019	0.296	0.056	8.39520564939631e-65
Pdcd1lg2	6.07428324909353e-69	0.610330378959603	0.66	0.229	1.29163559008725e-64
Itgb7	1.75644883452086e-67	0.461007648010263	0.636	0.211	3.73491280172517e-63
Klra8	2.2022319970271e-67	0.301637252447549	0.152	0.016	4.68282611847843e-63
Cd37	3.3842024114736e-67	0.568804827711878	0.74	0.285	7.19616800775746e-63
Ptpn7	5.26340877836258e-67	0.494421349879971	0.594	0.199	1.11921124263102e-62
Acap1	5.42979911150247e-67	0.312233168401032	0.364	0.083	1.15459248306989e-62
Mxd1	2.78113698909319e-66	0.692621555067053	0.842	0.376	5.91380969360776e-62
F10	2.97965698678581e-66	0.641266681843553	0.746	0.278	6.33594261670135e-62
Fabp5	3.56841525042706e-66	1.14830352354723	0.919	0.557	7.5878781885081e-62
Gpr18	4.39149602247131e-66	0.30124758559022	0.322	0.067	9.33807714218299e-62
Rac2	7.74668998917685e-66	0.734066981293606	0.976	0.597	1.64725615929857e-61
Cytip	1.16908327540852e-65	0.691415681720288	0.842	0.374	2.48593867682868e-61
Bcl2l11	2.04010874610305e-65	0.731630273944095	0.824	0.41	4.33808723771353e-61
Dgat1	2.23288176129307e-65	0.546069402035577	0.603	0.215	4.74799977721358e-61
Tmem26	1.19904535374358e-64	0.291812414874185	0.307	0.063	2.54965004020035e-60
Rhoh	2.71595450550978e-64	0.61515664257618	0.767	0.321	5.775205660516e-60
AA467197	5.40015364655386e-64	0.926195078534031	0.699	0.268	1.14828867140321e-59
Srgn	1.85633307788808e-63	1.06996299104839	0.994	0.73	3.94730665682122e-59
Padi2	3.36056436344719e-63	0.275568045040853	0.367	0.086	7.1459040624341e-59
BE692007	3.57447793891895e-63	0.356953650410082	0.337	0.076	7.60076988931726e-59
Car2	9.39480754121575e-63	0.389195645944044	0.451	0.123	1.99771187556412e-58
Tgm2	1.88684042777532e-62	1.2863975462988	0.875	0.562	4.01217748562144e-58
Il1rn	4.12013103019545e-62	0.647440688896872	0.71	0.284	8.7610466226076e-58
H2-K1	1.20927666408898e-61	0.937473359982401	1	0.967	2.57140589851881e-57
Klrb1f	1.99709333913545e-61	0.258361587557993	0.227	0.038	4.24661927633763e-57
Aopep	3.22833977728964e-61	0.352826667335973	0.358	0.085	6.86474170242869e-57
Arhgdib	4.50451326271624e-61	0.777524346509973	0.976	0.81	9.57839700183981e-57
Slfn1	8.25872919504785e-61	0.572782683160826	0.699	0.27	1.75613617603497e-56
Tfec	1.28208509518941e-60	0.603185729352498	0.657	0.246	2.72622574641076e-56
Id2	6.82606762730974e-60	0.620495493655265	0.937	0.497	1.45149502027114e-55
Shisa5	9.32790208877791e-60	0.648669081773009	0.961	0.754	1.98348510015773e-55
Mir142hg	9.80883384560142e-60	0.411554269891789	0.513	0.16	2.08575042892869e-55
Cblb	1.44795594619461e-59	0.415330525460576	0.588	0.206	3.07893352398823e-55
Peli1	1.84976393530383e-59	0.723042147883791	0.83	0.457	3.93333803203006e-55
AU020206	3.69077673121592e-59	0.502949045498283	0.609	0.227	7.84806764125752e-55
Ccr2	4.01424979857089e-59	0.752740231279191	0.928	0.449	8.53590077168115e-55
Btg1	3.01523424965548e-58	0.735507737699085	0.997	0.874	6.41159410846742e-54
Stk17b	3.24865149349877e-58	0.730288718774632	0.94	0.555	6.90793253577578e-54
Serpina3g	4.44795378398446e-58	0.562393353258973	0.588	0.215	9.45812892626456e-54
Adam8	4.66236597726381e-58	0.634821193623491	0.615	0.229	9.91405501405377e-54
B2m	1.50707887340775e-57	0.617190568138112	1	0.983	3.20465251641424e-53
Cnn2	2.04845081513151e-57	0.700632617211237	0.893	0.514	4.35582581329564e-53
Rnf19b	2.14783910590019e-57	0.856342210112009	0.839	0.45	4.56716507478615e-53
Treml2	2.65358370427563e-57	0.439881994872829	0.552	0.187	5.64258038877171e-53
Stat1	3.13591317391281e-57	0.880493906820416	0.851	0.527	6.6682057730082e-53
Cd274	3.23976219852902e-57	0.636204654021958	0.713	0.3	6.88903033895212e-53
Ifi214	5.94127955630375e-57	0.303360130104942	0.313	0.071	1.26335368485243e-52
Ccdc88c	9.12105843545964e-57	0.377028990299452	0.457	0.139	1.93950186571614e-52
Xist	1.59812032669284e-56	0.991355194461554	0.472	0.151	3.39824306267966e-52
Ipcef1	1.72937898626729e-56	0.26361485809288	0.328	0.078	3.67735147639877e-52
Socs1	4.61257669756477e-56	0.724228725939175	0.734	0.338	9.80818308970173e-52
Bcl2	1.6771282490479e-55	0.564644188384496	0.719	0.317	3.56624550877546e-51
Il13	5.52907011003307e-55	0.33928623004584	0.131	0.015	1.17570146819743e-50
Rnase2a	9.43468048439011e-55	0.518196523975235	0.636	0.231	2.00619045820071e-50
Pik3cd	1.43722331688815e-54	0.587821956386768	0.818	0.389	3.05611166103097e-50
Ccl9	2.21043769283431e-54	0.706744911015433	0.884	0.448	4.70027471004287e-50
Pabpc1	2.33681938848225e-54	0.629227187410157	1	0.93	4.96901274766865e-50
Chd7	2.51020846175836e-54	0.587379586169969	0.779	0.372	5.33770727308298e-50
Ikzf1	4.67122715944801e-54	0.595380957446075	0.779	0.364	9.93289743185024e-50
Msx3	2.07640768729177e-53	0.353336245406155	0.275	0.06	4.41527330625721e-49
Gpr132	2.14007026175422e-53	0.390591242199085	0.576	0.206	4.55064540459418e-49
Ccr1	2.22145931639636e-53	0.705117645354346	0.925	0.489	4.72371109038522e-49
Cdh1	2.37142677461559e-53	0.456472956775827	0.433	0.13	5.04260189354259e-49
Tarm1	3.04375969487144e-53	0.557965574385576	0.648	0.25	6.47225061517462e-49
Glipr2	4.89418303509519e-53	0.555084426209898	0.719	0.318	1.04069908058264e-48
Hs3st3b1	6.37415674160103e-53	0.387103918063993	0.43	0.13	1.35540068953404e-48
Bin2	9.50469368401074e-53	0.539442919545796	0.815	0.396	2.02107806496804e-48
Hif1a	1.05661248965791e-52	0.872070845802148	0.928	0.739	2.24678079800857e-48
Hbegf	1.72554764547372e-52	0.761624210908554	0.612	0.246	3.66920451333533e-48
Ms4a6d	2.49254955149156e-52	0.753943505450555	0.901	0.502	5.30015736629165e-48
Sema4d	4.35155434948036e-52	0.454169711955082	0.69	0.281	9.25314516873503e-48
Arl4c	5.91907267604221e-52	0.661186064447022	0.881	0.503	1.25863161383362e-47
Il10	8.88310737166416e-52	0.579906351511538	0.194	0.033	1.88890395151067e-47
Ripor2	1.59798191757837e-51	0.274616495260244	0.445	0.134	3.39794874953865e-47
Il4ra	4.63829822124992e-51	0.754357169282887	0.884	0.561	9.86287733766582e-47
Slc7a2	5.49216510337434e-51	0.511852340573955	0.457	0.146	1.16785398758152e-46
Cd300lf	7.64283690021938e-51	0.718274168154121	0.719	0.328	1.62517283846265e-46
B4galnt1	1.15607735261281e-50	0.548191764910702	0.734	0.347	2.45828288259589e-46
Itgb2	1.16193698946181e-50	0.618946542442541	0.922	0.521	2.47074281439159e-46
Ppp1r3b	2.22065963198139e-50	0.35169399832463	0.534	0.188	4.72201064144522e-46
Slc16a3	3.08487274462886e-50	0.509141788729396	0.66	0.275	6.5596734041788e-46
Arhgap45	5.30827532929122e-50	0.535850115355377	0.785	0.378	1.12875166602049e-45
Sept6	7.57462621754667e-50	0.332878303355206	0.525	0.183	1.61066851889912e-45
Prkch	8.02030189796743e-50	0.266283356705149	0.49	0.158	1.70543699558379e-45
Tnfaip3	1.29553684380871e-49	0.55123025713466	0.755	0.357	2.75482954467484e-45
Osm	1.67964643818524e-49	0.654040896172584	0.776	0.365	3.5716001861571e-45
Fcgr4	1.85097271571828e-49	0.557446818346321	0.797	0.378	3.93590838270335e-45
Retnla	7.60933569510117e-49	0.798263133387837	0.466	0.154	1.61804914220631e-44
Il21r	1.05732771421228e-48	0.486631207694422	0.722	0.319	2.24830165150099e-44
Tes	1.44765250386765e-48	0.575684686148767	0.776	0.391	3.07828828422416e-44
Lcp2	1.51441064831831e-48	0.591562946931005	0.839	0.431	3.22024280258406e-44
Cd244a	3.4990459015456e-48	0.333792013150994	0.418	0.129	7.44037120504656e-44
AI662270	4.02075563123418e-48	0.627178399785453	0.848	0.458	8.54973477425637e-44
Nr4a2	5.03592181762734e-48	0.431782501058013	0.564	0.215	1.07083841530028e-43
Pglyrp1	5.70637723179084e-48	0.262621812260105	0.427	0.134	1.213404054568e-43
Csf3r	6.87585719550801e-48	0.45610771984065	0.588	0.225	1.46208227405282e-43
Slamf6	4.15617199720462e-47	0.324184133266286	0.463	0.155	8.8376841348559e-43
Rassf5	6.97608191478266e-47	0.450186414230511	0.663	0.289	1.48339405835939e-42
Bhlhe40	7.21270271534721e-47	0.666697658789228	0.854	0.504	1.53370910539143e-42
Ilrun	1.08216858039319e-46	0.373198860352837	0.37	0.11	2.30112326934808e-42
Cd84	1.52232303283914e-46	0.591797188896917	0.836	0.426	3.23706769702915e-42
Irf8	1.57065184389859e-46	0.640980393763983	0.928	0.563	3.33983408086596e-42
Fyn	1.85303470857031e-46	0.492586130340821	0.794	0.404	3.94029300430391e-42
Ccr9	1.91537157331533e-46	0.340294558105556	0.194	0.036	4.07284611349772e-42
Itga4	1.96388847509256e-46	0.486846998388959	0.827	0.402	4.17601245343681e-42
Mrc1	4.20853623519902e-46	0.747684444001896	0.958	0.549	8.9490314505272e-42
Traf3ip3	4.80760896211792e-46	0.277277402547654	0.445	0.145	1.02228996970475e-41
Cd164	5.67060125341287e-46	0.744625458563629	0.937	0.69	1.20579665052571e-41
Sash3	1.00086918882774e-45	0.341807940882134	0.555	0.21	2.1282482431233e-41
Mafb	1.21798702496927e-45	0.689938090359791	0.946	0.568	2.58992760989467e-41
Prdm1	1.242301901991e-45	0.388075588157785	0.54	0.2	2.64163076439366e-41
Cxcr2	1.42094556680731e-45	0.350565469842439	0.325	0.089	3.02149865325907e-41
Baz1a	1.46659642400255e-45	0.677698933002796	0.824	0.471	3.11857063599902e-41
Ptbp3	8.50081019973736e-45	0.724400628924659	0.967	0.792	1.80761228087215e-40
Sla	8.89797383913546e-45	0.489377091405154	0.699	0.324	1.89206515715377e-40
Traf1	9.36616972302136e-45	0.390748691994908	0.585	0.234	1.99162232990326e-40
Samsn1	9.77522858818181e-45	0.420206433161804	0.764	0.358	2.07860460699098e-40
Ifi209	1.2235497450275e-44	0.402363337647988	0.576	0.231	2.60175617782647e-40
Nrg1	1.56717306222133e-44	0.405614324072838	0.499	0.18	3.33243679950745e-40
Coro1a	3.05181947951085e-44	0.62271380720392	0.985	0.651	6.48938894123187e-40
Cemip2	3.74248446860052e-44	0.602512064922196	0.684	0.332	7.95801897403215e-40
Dennd4a	3.78886552814056e-44	0.485859117916767	0.71	0.336	8.05664365903809e-40
Sub1	7.04266426580125e-44	0.563066937239208	0.994	0.906	1.49755212947998e-39
Psd4	1.45109596544903e-43	0.300128297105719	0.481	0.171	3.08561046093082e-39
Ctse	1.70397415234218e-43	0.314993737216954	0.409	0.132	3.6233306375404e-39
Gbp4	4.86050200974108e-43	0.506381900156153	0.704	0.339	1.03353714735134e-38
Gpr35	6.2134674680827e-43	0.425362835365937	0.624	0.261	1.3212317224131e-38
Klrb1b	6.29653041710995e-43	0.26574399125937	0.278	0.071	1.33889422789426e-38
Lcp1	6.83849668712514e-43	0.631421982300499	0.991	0.685	1.45413793555029e-38
Samhd1	9.95085262432029e-43	0.612403039519549	0.931	0.717	2.11594930203547e-38
Cd44	1.03446003891586e-42	0.660296304899562	0.884	0.556	2.19967582675068e-38
Serpinb9	1.15109667054912e-42	0.666878023524787	0.606	0.282	2.44769196025566e-38
Pim1	1.51354280892175e-42	0.656853461310995	0.976	0.788	3.21839742889122e-38
Ccl6	1.62674153906577e-42	0.542573295401916	0.94	0.569	3.45910320866946e-38
Rpl13a	1.75050075512747e-42	0.894768254675808	0.961	0.822	3.72226480570304e-38
Ly6a	1.89341983142241e-42	0.292223218254986	0.755	0.368	4.02616792953662e-38
Fam102a	4.20500371743898e-42	0.307507269912296	0.49	0.184	8.94151990476225e-38
Dock2	1.05420922740428e-41	0.490091116850694	0.83	0.445	2.24167050115246e-37
Sorl1	1.64992075327518e-41	0.416740814566115	0.648	0.286	3.50839148976434e-37
Plaat3	4.86563213131702e-41	0.27810728950756	0.319	0.091	1.03462801640325e-36
Ppp1r18	9.29936086688688e-41	0.540442173953611	0.922	0.594	1.97741609473483e-36
Laptm5	1.11073752479958e-40	0.600619868034413	0.997	0.696	2.36187227273383e-36
Trim30a	2.20145815650397e-40	0.522781873778326	0.848	0.505	4.68118062399005e-36
Chsy1	2.49600158228194e-40	0.402734000237681	0.534	0.221	5.30749776456431e-36
1600014C10Rik	3.36146204507037e-40	0.34232647055708	0.534	0.218	7.14781289263763e-36
Slc2a1	5.36857122235567e-40	0.417486729501095	0.591	0.257	1.14157298472171e-35
Parvg	6.95154328690464e-40	0.272168436654803	0.481	0.177	1.4781761645274e-35
Fcgr2b	9.90400418987133e-40	0.558200426882778	0.979	0.606	2.10598745093424e-35
Arhgap15	1.30972934538497e-39	0.383507245003412	0.666	0.297	2.78500848002661e-35
Dok2	2.22458359966296e-39	0.448924360645019	0.785	0.398	4.73035456632332e-35
Fxyd5	3.37612631038692e-39	0.537868380952896	0.991	0.737	7.17899498640674e-35
Cxcl3	3.43382302587306e-39	0.652082090477854	0.281	0.078	7.30168128221647e-35
Jaml	3.76587648714666e-39	0.328048278797295	0.624	0.262	8.00775976226866e-35
Lilrb4a	4.33940544121611e-39	0.716050914404025	0.83	0.479	9.22731173020194e-35
H2afy	4.7850155577961e-39	0.581187518991462	0.949	0.826	1.01748570820976e-34
Hk3	5.21097628185089e-39	0.345528608675031	0.555	0.22	1.10806199657277e-34
Ubash3b	5.37796875058605e-39	0.414212420735106	0.633	0.286	1.14357127512462e-34
Akna	7.28921690138534e-39	0.333714521249943	0.606	0.259	1.54997908191058e-34
Ms4a4c	7.83053281128325e-39	0.321560670513337	0.636	0.274	1.66508449699127e-34
Tap1	1.20197450016307e-38	0.556377855328047	0.785	0.465	2.55587857714675e-34
Cxcr4	1.39904075363736e-38	0.369786390787325	0.481	0.182	2.97492025853449e-34
Capzb	1.78609020451838e-38	0.550436647372159	0.973	0.906	3.79794221088789e-34
Sept9	2.06725904401204e-38	0.593080137767903	0.788	0.451	4.3958196311872e-34
Gatm	4.24060125172376e-38	0.769202721218411	0.94	0.615	9.01721450166541e-34
Rab27a	4.58438157830369e-38	0.263968163960569	0.415	0.149	9.74822898810496e-34
Prkcd	5.25128958169413e-38	0.543649517343322	0.893	0.557	1.11663421665144e-33
Gm4759	7.05053010142046e-38	0.26920635601786	0.239	0.06	1.49922472076605e-33
Csf2rb	1.55324970265194e-37	0.442197840145673	0.833	0.438	3.30283016771909e-33
Lilr4b	1.72553254658284e-37	0.555307947594532	0.907	0.552	3.66917240705375e-33
mt-Co3	2.54676900400751e-37	1.19889301219396	0.725	0.416	5.41544961012156e-33
Smad7	2.95850702809882e-37	0.298845646967377	0.579	0.242	6.29096934454933e-33
Hcls1	3.40307558563319e-37	0.491152771752229	0.922	0.569	7.23629992529042e-33
Ltb4r1	4.3167307001478e-37	0.359617060661034	0.645	0.284	9.17909616079428e-33
Efhd2	8.004629738164e-37	0.516867763887277	0.97	0.738	1.70210446752319e-32
Slc38a1	9.03221764549267e-37	0.388846539354872	0.693	0.346	1.92061076013756e-32
Ptgs2	1.50951904650955e-36	0.565536288918129	0.513	0.215	3.20984130049792e-32
Fermt3	1.55841484489927e-36	0.490952111945499	0.875	0.526	3.31381332619381e-32
Gna13	2.02333431363688e-36	0.547823457760474	0.872	0.566	4.30241808451746e-32
Fam107b	2.5956610606599e-36	0.42906286165232	0.663	0.334	5.51941367938721e-32
Tgfbi	3.09879995140697e-36	0.665214432971744	0.901	0.636	6.58928821667177e-32
Glrx	3.96153259025778e-36	0.464315801189274	0.749	0.418	8.42380289992414e-32
Csrnp1	5.90414862066279e-36	0.470532070041945	0.725	0.382	1.25545816269774e-31
Plac8	6.37809715943e-36	0.545254876208612	0.887	0.59	1.35623857998119e-31
Tasor	7.75708997169295e-36	0.272291962265817	0.293	0.087	1.64946761158079e-31
Gm26917	1.33830894520202e-35	0.778304192668603	0.749	0.432	2.84578014107758e-31
Plek	1.51135486131648e-35	0.521227878268235	0.958	0.591	3.21374497710336e-31
Nedd9	2.09170542493392e-35	0.262656300877897	0.525	0.217	4.44780241557949e-31
Il1r2	2.23100874964487e-35	0.380183128401011	0.328	0.106	4.74401700524485e-31
Aebp2	2.28832267001916e-35	0.436922286466879	0.684	0.37	4.86588932552874e-31
Cox17	2.45780825311013e-35	0.488841563895063	0.964	0.763	5.22628346941338e-31
Clec10a	2.67728238048033e-35	0.330159826733104	0.663	0.303	5.69297325385337e-31
Plekha2	2.76442923140185e-35	0.405469246231893	0.564	0.252	5.87828231765289e-31
Rpl27	3.48652307990306e-35	0.439888842376471	0.994	0.971	7.41374267710586e-31
Nampt	4.40342028689197e-35	0.488699434450269	0.785	0.464	9.36343289804708e-31
Hilpda	4.45388904885771e-35	0.432386757602955	0.6	0.284	9.47074967349104e-31
Rpl27a	4.51242463108204e-35	0.537184896964171	0.994	0.978	9.59521973553285e-31
Dck	4.6293557414655e-35	0.418749198079066	0.531	0.228	9.84386204865224e-31
Il17ra	7.67176324635841e-35	0.294930545315005	0.51	0.212	1.63132373670565e-30
Socs2	8.28105700138288e-35	0.565648699075045	0.66	0.351	1.76088396077406e-30
Isy1	1.10229823943729e-34	0.363738909575742	0.669	0.343	2.34392697633946e-30
Rgs2	1.28293975560568e-34	0.426743312722117	0.806	0.445	2.72804309631991e-30
Zdhhc18	1.53240467946837e-34	0.320996239817906	0.49	0.204	3.25850531042154e-30
Rab8b	1.82469767054746e-34	0.463730275574679	0.94	0.692	3.88003712665212e-30
Tle5	1.95161910442948e-34	0.473788761345408	0.475	0.193	4.14992286365884e-30
Ptpn1	2.6352057248234e-34	0.493307955653566	0.946	0.73	5.60350145326449e-30
Ankrd44	2.95843259970699e-34	0.374062352157437	0.731	0.379	6.29081108001694e-30
Hnrnpa2b1	3.25969792492882e-34	0.482298260727556	1	0.961	6.93142166756864e-30
Actg1	3.76831533455845e-34	0.43496509109316	1	0.992	8.01294572740509e-30
Coro2a	4.30514337113366e-34	0.352143704145053	0.561	0.244	9.1544568643786e-30
Capza1	4.80154898567716e-34	0.5084243278849	0.821	0.53	1.02100137631439e-29
Il1b	5.04613976060371e-34	0.29097635073967	0.901	0.52	1.07301115869477e-29
Akap13	5.16826850283868e-34	0.47018495405376	0.976	0.818	1.09898061444362e-29
Fgr	6.06211079448621e-34	0.302125539410005	0.654	0.298	1.28904723933955e-29
Vrk1	7.60678585589832e-34	0.481189849566315	0.725	0.384	1.61750694439822e-29
Rps15	8.39593661569544e-34	0.442623065192841	0.997	0.977	1.78531196196148e-29
Arrdc4	9.24641065441464e-34	0.463286908897515	0.669	0.361	1.96615676155473e-29
Ywhaz	2.06174550510441e-33	0.548214210188515	0.967	0.898	4.38409564205402e-29
Cdkn1a	2.27838047233595e-33	0.543463336267199	0.913	0.606	4.84474823637517e-29
Ccdc88b	2.58996951326572e-33	0.306278012406255	0.558	0.243	5.50731117300824e-29
Ifngr1	3.85560338057913e-33	0.453277295950673	0.964	0.759	8.19855502846347e-29
Oip5os1	4.16992099465051e-33	0.264219733028927	0.352	0.12	8.86692000302485e-29
Sh3kbp1	5.20332348833607e-33	0.400953308253319	0.725	0.374	1.10643470655978e-28
Itpkb	7.52375463226032e-33	0.387284426081776	0.713	0.386	1.59985118500383e-28
Crem	1.4421494967138e-32	0.365716215121681	0.582	0.281	3.06658668981223e-28
Ms4a6b	1.48421024949e-32	0.456835928906628	0.836	0.474	3.15602467451554e-28
Ahr	1.52251009161248e-32	0.455373764465807	0.77	0.441	3.23746545880477e-28
Rbpj	1.58946655093875e-32	0.466920388610554	0.967	0.773	3.37984167391616e-28
Atp8b4	1.66799369998301e-32	0.274603911870336	0.418	0.159	3.54682180364388e-28
Atp5l	1.79813982155342e-32	0.535602061915812	0.958	0.832	3.82356451655119e-28
Arhgap30	2.01310724152411e-32	0.413909968548809	0.887	0.526	4.28067123837688e-28
Sp110	2.47095156906331e-32	0.401454176775791	0.755	0.424	5.25423141645623e-28
Nfil3	2.8506772702271e-32	0.418975944923759	0.731	0.391	6.0616801474109e-28
Cd163	4.819606851096e-32	0.498157094772489	0.579	0.255	1.02484120081705e-27
Jak1	5.27223913531763e-32	0.441308613444361	0.949	0.803	1.12108892973394e-27
Mllt6	5.60696582677474e-32	0.325894998918458	0.534	0.243	1.19226521340538e-27
Dock10	6.18462562966064e-32	0.358163621574528	0.776	0.406	1.31509879389104e-27
Ccl7	6.63743433594291e-32	0.382016956878488	0.725	0.388	1.4113840371949e-27
Rapgef6	8.97990501636874e-32	0.414368458940317	0.743	0.434	1.90948700268065e-27
Arhgap9	1.47226312817169e-31	0.336614736522039	0.639	0.308	3.13062031574427e-27
Casp8	1.54552968930981e-31	0.470826953600972	0.794	0.488	3.28641433134839e-27
Olfm1	3.19827360553664e-31	0.466605539470173	0.746	0.405	6.80080899481311e-27
Larp1	3.6572789244211e-31	0.464472878707164	0.848	0.563	7.77683790488902e-27
Irf4	5.14161368786539e-31	0.297801352544655	0.328	0.114	1.0933127345877e-26
Lfng	5.75438160363021e-31	0.364224646797291	0.704	0.368	1.22361170419593e-26
Fam49b	5.75936734452179e-31	0.496567809548767	0.937	0.685	1.22467187213911e-26
Rpl23a	5.92993036170389e-31	0.463306637795789	1	0.956	1.26094039211271e-26
Tle3	6.20665788968925e-31	0.467682898967175	0.66	0.364	1.31978373366352e-26
Havcr2	8.29749038462453e-31	0.252081439103243	0.34	0.121	1.76437835538656e-26
Grk2	8.34619540866088e-31	0.46534651015988	0.863	0.589	1.77473499169765e-26
Cfl1	1.22781217071136e-30	0.455410264434367	0.997	0.986	2.61081979980065e-26
Abcg1	1.59147670251736e-30	0.264623371102696	0.552	0.242	3.38411606023291e-26
Gbp7	1.6855835393056e-30	0.453136919490645	0.893	0.611	3.58422483797944e-26
Arpc2	1.83862463218996e-30	0.381774407125678	1	0.972	3.90965141788873e-26
Stk4	2.11452877947099e-30	0.414605512571963	0.791	0.474	4.49633399666711e-26
Ddit4	2.55773774074677e-30	0.2964401222	0.43	0.175	5.43877353192392e-26
Fcgr3	2.96450194164706e-30	0.484268669512004	0.982	0.616	6.3037169287183e-26
Mbnl1	4.00295124673748e-30	0.471566932804813	0.982	0.906	8.51187553106258e-26
Ell2	4.03970539388172e-30	0.327759487211372	0.49	0.217	8.59002954955008e-26
Nfatc1	7.89621047473835e-30	0.32802274025323	0.552	0.259	1.67905019534836e-25
mt-Co2	9.53617300292783e-30	1.21708754931749	0.687	0.444	2.02777182734257e-25
Atp11b	9.83649995786412e-30	0.479872170226838	0.699	0.417	2.09163335104023e-25
Pfkp	1.01834560747874e-29	0.459378118793337	0.767	0.477	2.16541009974279e-25
Batf3	1.14702806519499e-29	0.279769823200879	0.657	0.319	2.43904047783063e-25
mt-Atp6	1.20533838524903e-29	1.24200075248694	0.943	0.844	2.56303154239354e-25
Wipf1	1.51145515497605e-29	0.42522327528197	0.83	0.532	3.21395824154107e-25
mt-Co1	1.59367713685994e-29	0.949661303233127	1	0.985	3.38879506381897e-25
Smap2	1.74682688013433e-29	0.389315110975682	0.869	0.564	3.71445267791765e-25
Atxn1	1.76107838570621e-29	0.276664553073894	0.546	0.254	3.74475707936569e-25
Hsph1	3.10844709537892e-29	0.439311400475528	0.621	0.336	6.60980190361373e-25
Fmnl1	3.19006387591979e-29	0.316760564299301	0.722	0.374	6.78335182575584e-25
Cd209e	3.34487423011828e-29	0.260734076847231	0.203	0.054	7.1125405629235e-25
Tnfaip2	4.20116590758203e-29	0.433794741955471	0.722	0.409	8.93335918588242e-25
Rnasel	4.29073970585963e-29	0.434674452281111	0.755	0.441	9.12382891053991e-25
Actr2	6.34584170547066e-29	0.429744887445158	0.985	0.86	1.34937978025128e-24
Rbms1	7.19446156664944e-29	0.516004085691464	0.94	0.8	1.52983030753234e-24
Rps27rt	7.62585433194271e-29	0.452191725681408	0.767	0.484	1.6215616651443e-24
Nfkb1	7.92238071867339e-29	0.483856577926913	0.836	0.59	1.68461503601871e-24
Rpl29	8.52190862589584e-29	0.506030026884189	0.97	0.788	1.81209865021049e-24
Hdc	8.70824790879159e-29	0.435009998693093	0.358	0.143	1.85172183532544e-24
Serbp1	8.90493030136661e-29	0.391121667557182	0.994	0.936	1.8935443792826e-24
Cd52	9.04586533888768e-29	0.531280929895362	0.994	0.693	1.92351280566108e-24
Rack1	1.11229019162212e-28	0.357813079598556	1	0.975	2.36517386346527e-24
Fli1	1.35142014522599e-28	0.37122566691294	0.761	0.414	2.87365979680854e-24
Ubl3	1.70447437104666e-28	0.460443589202727	0.899	0.667	3.62439430259363e-24
Ap1b1	1.77230210715115e-28	0.422262186951955	0.8	0.496	3.76862320064621e-24
B4galt5	1.90289421869124e-28	0.380517313321045	0.624	0.328	4.04631426662506e-24
Rbl2	1.90521200868925e-28	0.28092785075679	0.558	0.266	4.05124281527682e-24
Rab43	2.34199604590538e-28	0.260802105263912	0.46	0.197	4.9800203920132e-24
Sp100	3.71257451727538e-28	0.465695186017681	0.824	0.562	7.89441845353437e-24
Pgk1	4.3480081773022e-28	0.529023987424684	0.881	0.706	9.2456045882154e-24
Irf2	5.27773973252411e-28	0.415706137031228	0.934	0.771	1.12225857672393e-23
Ifi47	5.59035392650583e-28	0.397920705985536	0.779	0.476	1.1887328589322e-23
Ikzf2	5.79555700889174e-28	0.363147730263152	0.337	0.13	1.23236724237074e-23
Gbp8	6.19168751960129e-28	0.327260893630708	0.466	0.208	1.31660043416802e-23
Cfp	6.41521105777913e-28	0.382826276651683	0.884	0.507	1.36413047932615e-23
Il1rl1	8.85650214341178e-28	0.387309239246425	0.209	0.06	1.88324661577508e-23
Mllt3	1.39453021177127e-27	0.262853997653125	0.376	0.149	2.96532904231043e-23
Hdac7	1.43321555596355e-27	0.250252267132719	0.424	0.179	3.0475895582009e-23
Vav1	2.12199728599469e-27	0.2832887790985	0.663	0.331	4.51221502893911e-23
Jak2	2.13778496214077e-27	0.481530716298247	0.716	0.445	4.54578594349613e-23
Ldha	2.4931434565651e-27	0.450885666317403	0.97	0.845	5.30142024604004e-23
Hk2	2.91901028556424e-27	0.359843045231886	0.842	0.524	6.20698347122379e-23
Naa15	3.22976293917824e-27	0.398304033531784	0.782	0.5	6.86776791386862e-23
Ncf4	4.04982580249471e-27	0.363289748016887	0.779	0.444	8.61154958642475e-23
S100a9	6.24828163463123e-27	0.298647801512323	0.412	0.183	1.32863460678798e-22
Micos10	6.70958798720329e-27	0.397364272488857	0.451	0.195	1.42672678959891e-22
Abhd17b	8.35607304493532e-27	0.314631016347238	0.594	0.313	1.77683537227505e-22
Edem1	1.14917518602669e-26	0.427662828871794	0.731	0.435	2.44360611556715e-22
AB124611	1.27501225904085e-26	0.263578688194169	0.681	0.343	2.71118606762446e-22
Kdm7a	1.57329954277733e-26	0.391663669533911	0.803	0.505	3.34546414776172e-22
N4bp1	1.80725002336848e-26	0.431032926096474	0.788	0.508	3.84293644969074e-22
Stk40	1.98638983453752e-26	0.313515952461102	0.585	0.303	4.22385934416059e-22
Epsti1	2.192647489787e-26	0.372420791892371	0.776	0.461	4.66244562228308e-22
Cotl1	2.69162322753343e-26	0.464869399542771	0.943	0.693	5.72346763102708e-22
Ptpn2	2.78725491479459e-26	0.369265672558401	0.678	0.385	5.92681885081921e-22
Clcn5	2.83835196706606e-26	0.414383320260886	0.624	0.348	6.03547162276928e-22
Zeb2	3.51184522106265e-26	0.436287096452614	0.985	0.697	7.46758767806762e-22
Arpc5	3.79007629304169e-26	0.398857766404879	0.979	0.881	8.05921822952385e-22
Elmo1	3.82656795046872e-26	0.25917357198065	0.591	0.293	8.13681408987668e-22
Slfn2	3.96972161153552e-26	0.337012561560191	0.943	0.625	8.44121603476913e-22
Prelid1	4.42399525082158e-26	0.387610588570851	0.955	0.778	9.40718350134702e-22
Crlf3	4.50017584751165e-26	0.339095739194446	0.701	0.4	9.56917392214877e-22
Tet2	4.99687785280392e-26	0.410407993585072	0.701	0.412	1.06253610662022e-21
Acot7	5.56808470309395e-26	0.286290180955164	0.543	0.275	1.1839975312659e-21
Fosl2	8.85166017549486e-26	0.444285950916155	0.86	0.622	1.88221701971723e-21
Hspa5	1.09428025848871e-25	0.507513196266772	0.991	0.944	2.32687754165038e-21
Gda	1.25058022890157e-25	0.361407260410671	0.869	0.556	2.6592337987363e-21
Slc25a5	1.86765180036855e-25	0.384287914097329	0.964	0.857	3.97137478830368e-21
Wdr89	2.06632830738654e-25	0.447983763251857	0.755	0.497	4.39384051282674e-21
Serp1	2.08153862015677e-25	0.548252394170991	0.913	0.754	4.42618372190136e-21
Zfp703	2.2209293850519e-25	0.419534844037259	0.809	0.534	4.72258424437436e-21
Cntrl	2.36435239314746e-25	0.301807992038393	0.615	0.322	5.02755892878875e-21
Ube2v1	2.87508539929085e-25	0.315301072407832	0.436	0.198	6.11358159305206e-21
Neat1	3.08197983895919e-25	0.370151674732724	0.967	0.71	6.55352192956283e-21
Tgfb1	3.36487785844523e-25	0.374240362293898	0.913	0.644	7.15507627819793e-21
Egr2	4.50199907903342e-25	0.265606358633394	0.567	0.286	9.57305084165666e-21
Snx5	4.53274541437434e-25	0.438904083746584	0.934	0.742	9.63842984912561e-21
Myd88	5.68681122592746e-25	0.457285693040024	0.728	0.473	1.20924353908121e-20
Arhgef1	5.76266525121615e-25	0.378910500286193	0.758	0.498	1.2253731390186e-20
Ccnd2	6.63984536754391e-25	0.352130043015682	0.881	0.607	1.41189671895454e-20
Arid5a	6.86434539295874e-25	0.32483377737283	0.684	0.389	1.45963440435875e-20
Picalm	6.95126266668491e-25	0.386240600045158	0.97	0.831	1.47811649344388e-20
Atp5g2	6.99964853734176e-25	0.530295297555468	0.591	0.328	1.48840526498035e-20
Limd2	7.47107282186035e-25	0.340496221062808	0.731	0.42	1.58864892484038e-20
Rap1b	7.92635373706123e-25	0.387667093835209	0.973	0.899	1.6854598586487e-20
Mif	9.93855053220186e-25	0.417083888063167	0.952	0.779	2.1133333851674e-20
H2-Q7	1.19070926977252e-24	0.327934069213372	0.755	0.467	2.53192419124428e-20
Naaa	1.1981608530231e-24	0.311222299535699	0.749	0.464	2.54776923786831e-20
Atp5o	1.23304934724428e-24	0.389915283316251	0.436	0.199	2.62195613198024e-20
Itsn2	1.61304755697077e-24	0.389113155123442	0.791	0.521	3.42998432514265e-20
Cysltr1	1.88572865597459e-24	0.358097239981499	0.74	0.436	4.00981341406436e-20
Sema4a	2.24558241988555e-24	0.256089501059108	0.657	0.342	4.77500645764464e-20
Rap2c	2.59740373407429e-24	0.337387725487672	0.687	0.392	5.52311930013557e-20
Tmem189	2.76682646164416e-24	0.267987749173373	0.615	0.326	5.88337978804014e-20
Isg20	3.04895841166933e-24	0.318431044854511	0.469	0.231	6.48330516657367e-20
Tpt1	3.34868867160318e-24	0.275720063941744	1	0.999	7.12065159129701e-20
Ptpn18	3.66174193515001e-24	0.472829038843331	0.943	0.673	7.78632805090299e-20
Rps10	3.74241280514431e-24	0.360964353890828	0.997	0.991	7.95786658885886e-20
Actr3	3.85829846094419e-24	0.421621429107229	0.967	0.867	8.20428584735172e-20
Emilin2	3.87788484878594e-24	0.320780050793836	0.812	0.481	8.24593434245842e-20
Arap2	4.49004400649238e-24	0.264062493158255	0.627	0.335	9.54762957540539e-20
Rps6	4.57762268651273e-24	0.388627812475105	0.985	0.933	9.73385688060067e-20
Abracl	4.68730272805271e-24	0.399146788881116	0.946	0.772	9.96708052093129e-20
Pkm	6.46216338674182e-24	0.422564466479293	0.961	0.855	1.37411442255678e-19
Fgl2	7.42189948963492e-24	0.251384737371585	0.875	0.619	1.57819270747597e-19
Lpxn	8.56981224443208e-24	0.290511377521663	0.579	0.29	1.82228487565604e-19
Ttc39b	1.0168614352305e-23	0.333652495109733	0.585	0.327	2.16225415587413e-19
Rab20	1.11188567308267e-23	0.257248258009494	0.621	0.333	2.36431369524298e-19
Tmed5	1.19924061157383e-23	0.359888042782918	0.901	0.684	2.5500652364506e-19
Rpl18	1.28812665701779e-23	0.342942756533155	0.997	0.991	2.73907252348263e-19
Psmb8	1.33234498078917e-23	0.361391951955291	0.982	0.856	2.83309836715008e-19
Maf	1.34607870456014e-23	0.462761952941213	0.922	0.696	2.86230175737668e-19
Evl	3.1639384890038e-23	0.314016016424836	0.666	0.374	6.72779880301769e-19
Nme2	4.06857662830055e-23	0.553067431230539	0.684	0.429	8.65142134241829e-19
Gramd1a	4.07519486297762e-23	0.256272384305701	0.484	0.234	8.66549435663562e-19
Pak2	4.07666090651599e-23	0.347596120997625	0.961	0.833	8.66861175161559e-19
Lypla2	4.10488905341748e-23	0.316786679899542	0.645	0.376	8.72863608318694e-19
Dennd1a	4.20468547656086e-23	0.287704560545994	0.594	0.321	8.94084319735901e-19
Ap2a2	4.29244055747442e-23	0.456378592498793	0.893	0.743	9.1274456014136e-19
Cbl	4.51643413095623e-23	0.382994750673483	0.872	0.636	9.60374553606532e-19
Xbp1	5.01537639099126e-23	0.375589758940262	0.94	0.779	1.06646963578038e-18
Isg15	5.47540327599031e-23	0.341503216437306	0.707	0.447	1.16428975260658e-18
Prps1	6.44639185898037e-23	0.344239817066232	0.412	0.196	1.37076076489359e-18
Cdk2ap2	6.73360007825414e-23	0.397789495743385	0.89	0.691	1.43183272063996e-18
Rara	1.17742693256051e-22	0.328629769929203	0.66	0.395	2.50368062939668e-18
Sys1	1.3385187899077e-22	0.384022459319172	0.866	0.689	2.84622635485973e-18
Trim12c	1.43593671279662e-22	0.428134864489805	0.654	0.373	3.05337582609072e-18
Capg	1.95529050733301e-22	0.28783370626003	0.812	0.492	4.1577297347929e-18
Msn	2.19606107602792e-22	0.316197900077692	0.976	0.859	4.66970427206578e-18
Zdhhc21	2.32316547810851e-22	0.283403023582384	0.528	0.273	4.93997907264994e-18
Ogt	2.66343393593661e-22	0.400453115554735	0.755	0.478	5.66352592137561e-18
mt-Nd4l	2.69191790093929e-22	0.581807997176812	0.588	0.369	5.72409422455731e-18
Anxa6	2.73618481947698e-22	0.42220506338485	0.803	0.569	5.81822340013586e-18
Hnrnpm	3.41846039798715e-22	0.379232158397501	0.907	0.776	7.26901419027988e-18
Nktr	4.07466143138232e-22	0.333162981513649	0.893	0.679	8.66436006769136e-18
St8sia4	4.39690620347074e-22	0.262080206903244	0.737	0.402	9.34958135106018e-18
Pdcd4	5.24812934368966e-22	0.338306184776424	0.8	0.499	1.11596222364217e-17
Gmfg	5.78466123739667e-22	0.320203016217136	0.928	0.589	1.23005036552003e-17
Rab3il1	5.98252452546924e-22	0.316149314200139	0.773	0.46	1.27212401509578e-17
Atp5md	7.171164681897e-22	0.328163556037587	0.463	0.216	1.52487645795858e-17
Bach1	1.0473188443639e-21	0.357540593902642	0.842	0.585	2.22701879065539e-17
Cab39	1.068687653448e-21	0.319924688111914	0.731	0.461	2.27245742629184e-17
Vasp	1.07840384815728e-21	0.319625667996184	0.815	0.564	2.29311794272163e-17
Zfp622	1.28156779847877e-21	0.331997686139425	0.672	0.413	2.72512576668526e-17
Micos13	1.28499801746171e-21	0.261537882715517	0.37	0.16	2.73241978433058e-17
Rnasek	1.51708459175288e-21	0.292799270873592	0.421	0.191	3.22592867590331e-17
Csk	1.59757377987014e-21	0.341605416466547	0.809	0.552	3.39708088551587e-17
Pde4b	1.89410700239749e-21	0.349915335363717	0.734	0.463	4.02762912989802e-17
Rps9	1.90848353805216e-21	0.280917939384891	1	0.997	4.05819939531411e-17
Capn1	2.2091770722631e-21	0.260223371073129	0.573	0.313	4.69759412646026e-17
Tnfrsf1b	2.40661699933703e-21	0.32181393604816	0.666	0.401	5.11743038739026e-17
Ube2d3	2.63096724514581e-21	0.321578748298606	0.979	0.923	5.59448875007804e-17
Tmem173	3.2313418430158e-21	0.338171502694447	0.761	0.506	6.8711252949888e-17
Lbr	3.42955019609328e-21	0.348523374621938	0.728	0.44	7.29259553697276e-17
Dennd1b	3.6547367799813e-21	0.287408078634827	0.663	0.385	7.77143228895224e-17
Junb	3.88630901579621e-21	0.395111117100124	0.997	0.923	8.26384749118905e-17
Il10ra	4.65054988601188e-21	0.287449990416361	0.678	0.377	9.88892927761567e-17
Rpl12	5.22987344802763e-21	0.319905307298136	1	0.973	1.11208028998859e-16
Sfpq	6.71315434210454e-21	0.386396354969874	0.931	0.763	1.42748513930511e-16
Cltc	7.00766272891523e-21	0.308367447215371	0.973	0.883	1.49010940267653e-16
Riok1	7.63566131679608e-21	0.279648131471234	0.573	0.317	1.62364702240352e-16
Ifit1	9.20603816637655e-21	0.252825920921456	0.352	0.159	1.95757195569831e-16
Nipa2	1.22784089362762e-20	0.3487660157649	0.815	0.589	2.61088087620977e-16
Ak2	1.32682417824379e-20	0.334817041000657	0.83	0.582	2.8213589326176e-16
Inpp5d	2.1172687296977e-20	0.304650572543437	0.746	0.445	4.50216022682919e-16
Med15	2.25912689173551e-20	0.28942422437505	0.63	0.381	4.80380742258638e-16
Elf1	2.2883499193307e-20	0.352029595799107	0.833	0.601	4.86594726846481e-16
Wdr26	2.39194081811643e-20	0.350376847585725	0.893	0.672	5.08622295564278e-16
Pdia4	2.39753653244378e-20	0.438562664069676	0.821	0.613	5.09812168258846e-16
Nrros	2.60327835892753e-20	0.260692558140504	0.803	0.483	5.5356111024235e-16
mt-Nd3	2.75845636103291e-20	1.08446229592239	0.74	0.632	5.86558160610037e-16
4932438A13Rik	3.01926624493255e-20	0.312218414986241	0.707	0.446	6.42016774322458e-16
Cyld	3.59658404955933e-20	0.275046277293957	0.681	0.415	7.64777632298296e-16
Myh9	4.03079570896493e-20	0.326955169760149	0.949	0.831	8.57108399554303e-16
Notch1	4.42561984430152e-20	0.266841241205543	0.54	0.29	9.41063803692276e-16
Rpsa	4.79717868218753e-20	0.293439929809607	1	0.992	1.02007207498036e-15
Ctss	5.16547555096743e-20	0.375291772584772	0.988	0.665	1.09838672115771e-15
Dab2	5.65192752319361e-20	0.279444092059146	0.952	0.734	1.20182586853189e-15
Sept11	6.58623493191203e-20	0.298300100738272	0.707	0.428	1.40049699592177e-15
Lgals3	7.24215592142861e-20	0.264642962160472	0.961	0.704	1.53997203513258e-15
Celf1	7.69791863438672e-20	0.399617666570112	0.749	0.512	1.63688541841599e-15
Ifi204	8.0238296318212e-20	0.418208803699381	0.782	0.549	1.70618713291046e-15
Csnk2b	9.90051666377023e-20	0.321706999046458	0.878	0.665	2.1052458633841e-15
Med13l	1.01866896613531e-19	0.345650534507	0.713	0.465	2.16609768959013e-15
Tbc1d14	1.02694339279923e-19	0.253964197626244	0.54	0.285	2.18369243044827e-15
Vps54	1.03590627468185e-19	0.26054823401965	0.504	0.268	2.20275110248349e-15
Ddx21	1.1350153877526e-19	0.349923435510488	0.848	0.619	2.41349672051713e-15
Nfatc3	1.1549759599516e-19	0.269702936847275	0.567	0.319	2.45594088124107e-15
BC005537	1.39392797006285e-19	0.357623227734533	0.916	0.752	2.96404843554164e-15
Mndal	1.47812474493991e-19	0.314431742361089	0.881	0.676	3.14308445764022e-15
Ranbp2	1.50728908450623e-19	0.388160679669105	0.836	0.613	3.20509950929405e-15
Zc3hav1	1.51166513288081e-19	0.314905834599955	0.734	0.483	3.21440473855775e-15
Rbbp6	1.66791475100481e-19	0.379260802026618	0.824	0.608	3.54665392653662e-15
Zyx	1.69872968527945e-19	0.336236871259209	0.854	0.653	3.61217880277821e-15
Ptk2b	1.93725674359961e-19	0.255525635247692	0.537	0.299	4.11938273959021e-15
Rpl38	2.08690229380346e-19	0.269692123188518	1	0.996	4.43758903754367e-15
Vmp1	2.32932572944507e-19	0.336212453103591	0.931	0.748	4.95307823109199e-15
Srsf2	2.64831504210076e-19	0.602480289791039	0.91	0.759	5.63137710552306e-15
Irf7	3.11151265803095e-19	0.256804886817838	0.588	0.342	6.61632051603701e-15
Rplp2	3.70104892073561e-19	0.304927622524033	1	0.994	7.86991042505221e-15
Snx2	3.74814573220139e-19	0.424030929993375	0.839	0.658	7.97005708495303e-15
Acly	5.24457905973613e-19	0.283850725259139	0.734	0.473	1.11520729126229e-14
Rpl36al	5.24964849503194e-19	0.34225861992278	0.976	0.928	1.11628525598359e-14
Ap2m1	5.4201279460964e-19	0.321915339764631	0.887	0.713	1.15253600645794e-14
Zbp1	6.21655774359167e-19	0.300565195296009	0.71	0.444	1.32188883859733e-14
Tent5a	7.28044573986989e-19	0.29976825683786	0.815	0.574	1.54811398212593e-14
Sipa1	8.35622610652951e-19	0.26302804937931	0.684	0.403	1.77686791929243e-14
Otulin	9.28206105061298e-19	0.344987639862161	0.764	0.522	1.97373746180234e-14
Pcbp1	9.71467658057375e-19	0.398383075647746	0.943	0.862	2.0657288280932e-14
Sh3bgrl3	1.06618830221128e-18	0.304589304487504	0.997	0.908	2.26714280582207e-14
Chfr	1.1521614053554e-18	0.264911735993561	0.513	0.279	2.44995601234773e-14
Ap2s1	1.18952009282712e-18	0.356550864427963	0.901	0.733	2.52939552538758e-14
Suz12	1.80781851536381e-18	0.323992931464491	0.663	0.415	3.8441452910696e-14
Esyt1	2.03592235086492e-18	0.273330623401971	0.69	0.445	4.32918528687916e-14
Manf	2.05195611699158e-18	0.465681238144104	0.899	0.751	4.36327948717089e-14
Atp6v0a1	2.18660287790575e-18	0.34692775209741	0.713	0.462	4.64959235957879e-14
Hsp90ab1	2.20731416574836e-18	0.302535252888561	1	0.991	4.69363284204732e-14
Rock1	2.22548593165945e-18	0.339029429808864	0.913	0.755	4.73227328508065e-14
Rhog	2.23365148981471e-18	0.30253401686345	0.86	0.62	4.749636527942e-14
Hyou1	2.29397840082679e-18	0.33222895739107	0.54	0.311	4.87791567151808e-14
Ostf1	2.48398242736611e-18	0.295296203209012	0.958	0.803	5.28194023355129e-14
Tuba1c	2.50408037043211e-18	0.274839053346195	0.773	0.538	5.32467649968683e-14
Rbis	2.99476278633314e-18	0.261059705905954	0.319	0.142	6.36806358885878e-14
Dazap2	3.42966298763125e-18	0.345810884349839	0.907	0.752	7.29283537689909e-14
Pabpn1	3.48568195215935e-18	0.46010828192911	0.71	0.496	7.41195410307165e-14
Ncf2	3.63246054948057e-18	0.309133756391321	0.812	0.497	7.72406411241549e-14
Calr	3.64953657570714e-18	0.389961582395096	0.976	0.905	7.76037457458366e-14
Ankrd11	4.29857234949692e-18	0.308584771614403	0.857	0.677	9.14048424397024e-14
Hip1	8.11487706054136e-18	0.315602057037468	0.687	0.459	1.72554745815352e-13
Stat3	1.07276455382355e-17	0.347497944460967	0.893	0.705	2.28112654725039e-13
Litaf	1.08001186935998e-17	0.295202149753328	0.899	0.731	2.29653723900706e-13
Hnrnpf	1.09839660271911e-17	0.349864621663504	0.976	0.891	2.33563053602191e-13
Pfn1	1.30836073464993e-17	0.282079270375776	1	0.977	2.78209826615962e-13
Tra2b	1.55925912935795e-17	0.312948795518963	0.901	0.729	3.31560861266675e-13
Eif4ebp2	1.9371235389719e-17	0.298317868828235	0.749	0.512	4.11909949326985e-13
Grcc10	2.08358334935736e-17	0.338868299260953	0.69	0.462	4.43053163407348e-13
Cbfb	2.12291217369668e-17	0.270018269172688	0.576	0.34	4.51416044614861e-13
Rps8	2.61110017638781e-17	0.254059927990926	1	0.997	5.55224341507104e-13
Sec61g	2.63157080896652e-17	0.502078767080944	0.824	0.659	5.59577216818641e-13
Atp6v1b2	2.68063327361888e-17	0.342057611653957	0.719	0.48	5.70009859302319e-13
Wnk1	3.10841707590233e-17	0.347899436370606	0.919	0.803	6.60973807019871e-13
Ube2q1	3.19761364438355e-17	0.309957485138057	0.764	0.526	6.79940565341719e-13
Etnk1	3.23431690279252e-17	0.252738053532317	0.66	0.408	6.87745146209801e-13
Dnajc13	3.32629266963954e-17	0.29837795776818	0.707	0.465	7.07302873272152e-13
Ptpn6	3.69311773228548e-17	0.252543093682273	0.815	0.52	7.85304554593184e-13
Celf2	3.79073192419016e-17	0.370611600462052	0.946	0.784	8.06061236359796e-13
Apbb1ip	4.39673763896522e-17	0.295177855734154	0.824	0.555	9.34922291549565e-13
Snrpd3	5.09554115726351e-17	0.335780304358946	0.899	0.725	1.08351587168051e-12
Was	5.69608385998133e-17	0.250188306753085	0.672	0.391	1.21121527198643e-12
mt-Atp8	6.73283993573388e-17	0.54424285646357	0.946	0.855	1.43167108393445e-12
Cycs	6.97104992239477e-17	0.253333868834358	0.931	0.757	1.48232405549802e-12
Tcf7l2	7.25295145380133e-17	0.38080924159299	0.654	0.434	1.54226759713631e-12
Dtx3l	8.07145429242114e-17	0.272816480900615	0.696	0.449	1.71631404074043e-12
Wdr1	8.49460795049948e-17	0.324426903689424	0.872	0.69	1.80629343459421e-12
Snrpf	1.13325278416379e-16	0.29926639270378	0.904	0.747	2.40974872024588e-12
Krit1	1.20880921340839e-16	0.262440443418989	0.651	0.423	2.57041191139159e-12
Casp6	1.38438645155687e-16	0.253702482655416	0.564	0.335	2.94375935059053e-12
Snx18	1.49523297673732e-16	0.26595182907214	0.782	0.527	3.17946340173424e-12
Eif5a	1.50827702357127e-16	0.274508261446909	0.982	0.912	3.20720026292195e-12
Nsd3	1.54765448964163e-16	0.30484670394778	0.809	0.608	3.29093250677396e-12
Stk24	1.5997092786237e-16	0.286209684832289	0.672	0.441	3.40162181006544e-12
Leprotl1	1.60802258307256e-16	0.279209753435146	0.779	0.558	3.41929922064549e-12
Rgl1	1.61715589215644e-16	0.262207161840201	0.761	0.495	3.43872028908146e-12
Creld2	2.32860433721763e-16	0.288016189801762	0.57	0.358	4.95154426265957e-12
Dip2b	2.56006263775238e-16	0.277624656330881	0.699	0.443	5.44371719291666e-12
Rpl15	3.3440121941814e-16	0.322524512761308	0.982	0.953	7.11070752970732e-12
Brd4	3.78584129735575e-16	0.28855324960859	0.794	0.583	8.05021293469727e-12
Ep300	4.33579068574485e-16	0.291958705376743	0.764	0.529	9.21962531416786e-12
A130071D04Rik	5.00410162405665e-16	0.336024996735038	0.316	0.154	1.06407216933941e-11
Hnrnpll	6.29928727463873e-16	0.291797267853107	0.588	0.366	1.33948044607918e-11
Ppp6r1	7.30977750402914e-16	0.258489270235089	0.687	0.448	1.55435108845676e-11
Ppp1cc	7.46242507364064e-16	0.26839150232216	0.764	0.525	1.58681006765895e-11
Lgmn	8.05732282053262e-16	0.303721149380122	0.916	0.73	1.71330912455806e-11
Eif3a	9.42905073679106e-16	0.292492569287993	0.952	0.835	2.00499334867125e-11
Cndp2	1.08027186053347e-15	0.263818285501786	0.782	0.529	2.29709008423837e-11
Psmb9	1.10006149804022e-15	0.311004500087258	0.878	0.681	2.33917076943273e-11
Mbd2	1.17277854183434e-15	0.298243856097722	0.869	0.7	2.49379629135654e-11
Nrip1	1.42695120552063e-15	0.267964782310018	0.767	0.543	3.03426904341908e-11
Thbs1	1.54651776661047e-15	0.292134344122637	0.633	0.39	3.28851537892051e-11
Smchd1	1.68906618283122e-15	0.30233449386381	0.782	0.564	3.5916303311723e-11
Grb2	1.68933308675293e-15	0.270655093168876	0.899	0.739	3.59219787567143e-11
Rsad2	2.37426086394392e-15	0.405544801638106	0.251	0.11	5.04862830109034e-11
Pitpna	3.35660172728263e-15	0.250788414245413	0.937	0.801	7.13747791289379e-11
Cnot3	4.70778003516246e-15	0.293904137398614	0.749	0.529	1.00106234667694e-10
Trip12	5.83889644349572e-15	0.323173462896292	0.809	0.6	1.24158293974493e-10
Arpc4	7.13758150379946e-15	0.270281239902747	0.955	0.827	1.51773533096792e-10
Ist1	7.39838369592205e-15	0.297515788521478	0.719	0.513	1.57319230910086e-10
Lgals9	7.55741355195314e-15	0.279536864027481	0.773	0.56	1.60700841768732e-10
Hnrnpc	7.88700114262397e-15	0.304311993843363	0.866	0.705	1.67709192296756e-10
Anp32b	9.15837704317618e-15	0.316862180480528	0.925	0.784	1.94743729446098e-10
Rplp0	9.89197591072104e-15	0.254074119454534	1	0.987	2.10342975765572e-10
Diaph1	1.10730503141573e-14	0.26051591053232	0.866	0.665	2.35457341880241e-10
Usp25	1.17494067033436e-14	0.359243930834958	0.749	0.552	2.49839384139899e-10
Cox5a	1.28447785062177e-14	0.270380361187639	0.976	0.877	2.73131370156213e-10
Cct8	1.36353155245844e-14	0.298848142326113	0.854	0.7	2.89941349314764e-10
M6pr	1.80463343694468e-14	0.286397763905644	0.878	0.675	3.83737254031917e-10
Hnrnpa3	1.99488617295571e-14	0.275332308016149	0.97	0.911	4.24192595817302e-10
Ddx17	2.02348414763447e-14	0.28876018446194	0.851	0.684	4.30273669152994e-10
Cpsf6	2.09404601967117e-14	0.253248715709406	0.639	0.416	4.45277945622878e-10
Ncor1	2.34776134574895e-14	0.28085826672633	0.91	0.773	4.99227972560056e-10
Rbm25	2.39656388875031e-14	0.273164621505764	0.878	0.766	5.09605345303865e-10
G0s2	2.55903273467345e-14	0.382587704177976	0.391	0.213	5.44152720700962e-10
Arhgdia	2.57404559238193e-14	0.272638496077352	0.961	0.89	5.47345054764094e-10
Ehd1	2.79892757870825e-14	0.275226937816551	0.824	0.637	5.95163960336522e-10
Srsf1	2.89473296508334e-14	0.274597263003993	0.696	0.475	6.15536017695322e-10
Dnajb11	3.49903734188687e-14	0.258516773111253	0.758	0.56	7.44035300378824e-10
AC160336.1	3.90557572664621e-14	0.327701787165352	0.672	0.461	8.30481622514049e-10
Cmtm7	4.14685331033085e-14	0.258533405346999	0.827	0.645	8.81786887908752e-10
Atf4	5.28571613143541e-14	0.34463786533109	0.788	0.615	1.12395467818842e-09
Tab2	5.83866897992319e-14	0.292127098942495	0.749	0.561	1.24153457189087e-09
Ddx39b	6.62201255256094e-14	0.341357452412564	0.794	0.643	1.40810474917656e-09
Phf20l1	9.11612634496213e-14	0.250947407236268	0.737	0.506	1.93845310599275e-09
Hsp90aa1	9.97743940028322e-14	0.334691668782549	0.955	0.885	2.12160271407622e-09
Bmt2	1.13567350862062e-13	0.342644445830434	0.445	0.255	2.41489614873089e-09
Gls	1.33028679164969e-13	0.2777598445114	0.806	0.591	2.82872183376389e-09
Sdcbp	1.40776788665074e-13	0.300080997428103	0.949	0.868	2.99347763417414e-09
Ewsr1	1.65708268267365e-13	0.26787942593217	0.818	0.628	3.52362061643725e-09
Higd1a	1.70728651604335e-13	0.286464796497126	0.818	0.63	3.63037404771458e-09
Rab5c	2.12010090372743e-13	0.268796403250439	0.881	0.762	4.50818256168601e-09
Atp6v1a	2.16242716472936e-13	0.341223487908369	0.797	0.618	4.59818512308052e-09
Tpi1	2.21802104264481e-13	0.297533949058454	0.884	0.752	4.71639994507992e-09
Hsp90b1	2.26076506280425e-13	0.266333862970508	0.994	0.96	4.80729082954695e-09
Ppig	2.36871166576135e-13	0.259339937307259	0.872	0.683	5.03682848607493e-09
Fubp1	2.94057649712578e-13	0.275013963387328	0.824	0.627	6.25284186348826e-09
Hnrnph2	3.06269977146611e-13	0.346146220701883	0.767	0.58	6.51252479404553e-09
Rpn1	3.45709096419881e-13	0.272739054422175	0.89	0.703	7.35115822627234e-09
Tardbp	7.14044177651345e-13	0.25327790304742	0.761	0.543	1.51834353935782e-08
Mtpn	1.2526715072076e-12	0.25072511390466	0.872	0.678	2.66368069292623e-08
Lnpep	1.59496851844657e-12	0.335779105905722	0.812	0.637	3.39154105762478e-08
Smg1	1.63551728110824e-12	0.271035502533354	0.66	0.451	3.47776394654856e-08
Gpbp1	2.20212629459047e-12	0.253053217493955	0.687	0.475	4.68260135281717e-08
Pum2	2.2153894046702e-12	0.274288343991424	0.803	0.62	4.7108040300907e-08
Hnrnpl	3.70593339562512e-12	0.284268164570268	0.782	0.613	7.88029677245726e-08
G3bp1	4.64648483464159e-12	0.270240128998987	0.806	0.628	9.88028535238188e-08
Pcbp2	6.62392142027894e-12	0.292098487111931	0.973	0.895	1.40851065080811e-07
mt-Nd5	8.08706062956575e-12	0.273563644230397	0.988	0.93	1.71963257227086e-07
Pdcd6ip	1.01253788594507e-11	0.281854215563305	0.86	0.685	2.1530605606736e-07
Lap3	1.69471250295253e-11	0.268510853093194	0.639	0.448	3.60363666627825e-07
Dnaja1	3.09458752274416e-11	0.275486149213626	0.943	0.839	6.58033090836317e-07
Dnajb6	3.39168024737987e-11	0.252631688257019	0.848	0.716	7.21206887802856e-07
Ppp3r1	4.95436468491024e-11	0.272025536456707	0.633	0.426	1.05349610659931e-06
Taf10	5.88088374081312e-11	0.259919829623584	0.899	0.767	1.2505111186465e-06
mt-Nd4	6.58493761528147e-11	0.29224227672626	1	0.994	1.40022113451345e-06
Iqcb1	8.14759371490391e-11	0.433088423498653	0.239	0.124	1.73250432753717e-06
Csnk1a1	8.58483838065198e-11	0.260079011378892	0.961	0.844	1.82548003326184e-06
Ifi211	1.37028752426547e-10	0.286147971510972	0.618	0.441	2.91377939159809e-06
Surf4	2.02730039402357e-10	0.259467917794536	0.815	0.63	4.31085155785172e-06
Rab1a	2.09218577465571e-10	0.279243501979807	0.845	0.725	4.44882383122791e-06
Gnai3	3.57379233394623e-10	0.259444444859278	0.776	0.564	7.59931201890326e-06
Pdia6	4.35488573251038e-09	0.250295311642142	0.916	0.812	9.26022902161007e-05
Hspa8	5.89628204462611e-08	0.288358857970449	0.997	0.976	0.0012537854139693
