id	p_val	avg_log2FC	pct.1	pct.2	p_val_adj
Col3a1	0	4.17599215043318	0.998	0.291	0
Col5a2	0	2.24739718101989	0.978	0.223	0
Aox3	0	0.523443222203777	0.307	0.013	0
Col6a3	0	2.34613120263747	0.983	0.174	0
Twist2	0	0.425118187986062	0.277	0.007	0
Sned1	0	0.699388743770224	0.364	0.02	0
Steap3	0	1.62064311539551	0.837	0.176	0
Prelp	0	1.83611893926518	0.81	0.07	0
Lamc1	0	2.09631920798651	0.941	0.213	0
Fmo1	0	0.774064962653568	0.505	0.037	0
Prrx1	0	0.615432997519286	0.368	0.006	0
Dpt	0	3.74045016104958	0.946	0.07	0
Ddr2	0	1.44207271678935	0.793	0.129	0
Olfml2b	0	1.2377756211493	0.745	0.058	0
Adamts4	0	0.832619449842122	0.338	0.011	0
Cadm3	0	0.845384462322342	0.473	0.027	0
Cd34	0	2.14217471545116	0.891	0.189	0
Itih5	0	1.95419613728102	0.882	0.139	0
Entpd2	0	2.14423678338804	0.837	0.079	0
Col5a1	0	2.46593485285962	0.98	0.15	0
Prrx2	0	0.290123211542812	0.233	0.002	0
Ptges	0	0.831464030040831	0.577	0.02	0
Dnm1	0	0.676844699930636	0.473	0.026	0
Tnfaip6	0	1.2531277859437	0.508	0.05	0
Serping1	0	2.52602854760306	0.993	0.249	0
Fbn1	0	3.2196482566644	0.974	0.142	0
Fgf7	0	0.347809307782191	0.22	0.005	0
Cpxm1	0	1.98254287612553	0.78	0.064	0
Tshz2	0	1.92676707270503	0.972	0.229	0
Srpx	0	0.910118848703902	0.536	0.026	0
Gabra3	0	0.851417011193473	0.488	0.009	0
Bgn	0	2.88399537076212	0.974	0.155	0
Ar	0	1.56885961185301	0.741	0.109	0
Pcdh19	0	0.889786486413063	0.549	0.048	0
Srpx2	0	0.71662212322344	0.486	0.011	0
Pcdh18	0	0.691059913375459	0.462	0.026	0
Lhfp	0	1.38992082754836	0.869	0.156	0
Dclk1	0	1.30369565309155	0.667	0.05	0
Igsf10	0	1.4814235334424	0.752	0.045	0
Thbs3	0	1.0072689732034	0.641	0.075	0
Ctsk	0	1.30314872302541	0.747	0.06	0
Olfml3	0	1.63829355776272	0.841	0.149	0
Adh1	0	0.507901598806043	0.322	0.017	0
Penk	0	2.32901326672492	0.704	0.014	0
Col15a1	0	2.53528640991778	0.83	0.065	0
Svep1	0	2.30986753998636	0.88	0.056	0
Plpp3	0	2.54911560873836	0.937	0.17	0
Hspg2	0	2.08729573410306	0.95	0.178	0
Mfap2	0	1.55449811579513	0.739	0.046	0
Gpr153	0	0.717641236582681	0.508	0.048	0
Mmp23	0	1.93108922815577	0.852	0.099	0
Mxra8	0	1.47248000620637	0.908	0.21	0
Lrrc17	0	1.03803133501526	0.571	0.009	0
Spon2	0	2.71798057024733	0.924	0.081	0
Htra3	0	3.08008994397708	0.885	0.071	0
C1qtnf7	0	0.663202561470882	0.379	0.022	0
Sod3	0	1.50671763248613	0.871	0.179	0
Lgi2	0	1.21908635374359	0.765	0.078	0
Pdgfra	0	1.62329549720537	0.948	0.1	0
Sparcl1	0	2.31046779010279	0.952	0.198	0
Eln	0	2.6612384698462	0.773	0.08	0
Pcolce	0	2.3405734956158	0.974	0.224	0
Sdk1	0	0.407955260876449	0.333	0.019	0
Medag	0	1.43550285240402	0.771	0.104	0
Col1a2	0	3.68661102073382	0.996	0.257	0
Antxr1	0	1.03017134473229	0.734	0.119	0
Fbln2	0	3.3177602370215	0.952	0.167	0
Mfap5	0	3.53549499763669	0.845	0.032	0
C1s1	0	1.77521130665966	0.967	0.195	0
P3h3	0	0.881845392214641	0.686	0.087	0
Ssc5d	0	0.670615878506297	0.481	0.023	0
Prss23	0	2.05334520870824	0.847	0.176	0
Serpinh1	0	2.41576266128655	0.991	0.283	0
Adm	0	1.10890650304871	0.488	0.027	0
Htra1	0	2.22366851508254	0.887	0.149	0
Adam12	0	0.638473945087642	0.405	0.031	0
Tcf21	0	0.921891133446554	0.614	0.067	0
Enpp3	0	0.754207986168618	0.481	0.017	0
Lama2	0	2.05706660103963	0.847	0.044	0
Rspo3	0	0.730981728515176	0.368	0.024	0
Lama4	0	1.85041534561634	0.904	0.147	0
Bicc1	0	1.58446482530156	0.948	0.196	0
Col6a2	0	2.83290996791493	0.989	0.217	0
Col6a1	0	2.77090040721798	0.993	0.237	0
Dcn	0	3.22785252848528	0.993	0.281	0
Lum	0	3.11673804427344	0.972	0.14	0
Col4a1	0	2.22820791662169	0.983	0.258	0
Col4a2	0	1.77521600334366	0.926	0.212	0
Lpl	0	2.40410146049949	0.847	0.129	0
Mmp2	0	2.45679249979851	0.913	0.08	0
Crispld2	0	1.69195873501559	0.8	0.086	0
Dpep1	0	2.41015113745304	0.778	0.013	0
Gm9780	0	0.89628500848215	0.575	0.029	0
Plac9b	0	0.339416126816885	0.266	0.009	0
Gdf10	0	1.50266139835816	0.497	0.029	0
Il17d	0	0.5028514692346	0.357	0.018	0
Scara3	0	1.15593440874216	0.599	0.012	0
Loxl2	0	1.43868850892135	0.852	0.169	0
Bmp1	0	1.39243952084757	0.795	0.111	0
Gpc6	0	0.672567824376102	0.399	0.009	0
Naalad2	0	0.734214516516419	0.405	0.024	0
Col5a3	0	1.5999188431152	0.8	0.108	0
Oaf	0	1.27211565009384	0.773	0.105	0
Islr	0	2.50606682968994	0.878	0.077	0
Loxl1	0	2.05524102645668	0.965	0.192	0
Cilp	0	2.39550769086549	0.634	0.019	0
Pcolce2	0	1.4895235276226	0.614	0.008	0
Rbp1	0	2.56505083602835	0.976	0.215	0
Ackr4	0	1.41794607439333	0.63	0.048	0
Clec3b	0	3.17668537454516	0.847	0.179	0
Aebp1	0	1.79700746739956	0.985	0.211	0
Egfr	0	1.10292498644071	0.743	0.124	0
Slit3	0	2.03572067167607	0.924	0.159	0
Ebf1	0	2.60435342543763	0.824	0.064	0
Gfpt2	0	1.38886752975771	0.597	0.06	0
Adamts2	0	1.93473800218716	0.834	0.128	0
Gpx3	0	2.51382528890185	0.978	0.278	0
Sparc	0	2.87400689484764	0.998	0.339	0
Mfap4	0	1.78899819790547	0.505	0.044	0
Serpinf1	0	2.16686155641267	0.847	0.132	0
Ccl11	0	2.73059152580058	0.634	0.023	0
Tmem100	0	1.1077413186391	0.508	0.043	0
Col1a1	0	4.13127105765617	0.996	0.231	0
Aoc3	0	1.18819376097611	0.684	0.045	0
Mrc2	0	1.07802687555556	0.704	0.062	0
Ace	0	0.94661951677987	0.564	0.053	0
Abca8a	0	1.515049615687	0.669	0.058	0
Cygb	0	2.7572612804651	0.926	0.137	0
Nid1	0	2.92691781260723	0.991	0.175	0
Ecm2	0	1.12103927058631	0.617	0.055	0
Aspn	0	1.43919524208891	0.697	0.062	0
Ogn	0	3.20826437544141	0.911	0.172	0
Dbn1	0	1.05272681703658	0.723	0.109	0
Lamb1	0	2.19575047525599	0.965	0.187	0
Dact1	0	0.867637231795589	0.503	0.042	0
Fbln5	0	1.79792093560381	0.71	0.077	0
C7	0	1.30766029037394	0.434	0.018	0
Col14a1	0	2.55686184714792	0.913	0.243	0
Ly6c1	0	1.64409072213206	0.601	0.064	0
Kdelr3	0	1.00660199950571	0.656	0.057	0
Fbln1	0	2.34964481547127	0.93	0.113	0
Fstl1	0	2.7404173349389	0.989	0.249	0
Pla1a	0	1.5080159654973	0.667	0.054	0
Ccdc80	0	2.20595799229964	0.974	0.203	0
Tmem45a	0	0.477532499314446	0.405	0.019	0
Adamts5	0	1.43291012912178	0.573	0.051	0
Fndc1	0	2.46373250049357	0.874	0.047	0
Smoc2	0	2.56021524525547	0.913	0.188	0
Has1	0	1.50196689375696	0.301	0.013	0
Tnxb	0	3.01024799498655	0.876	0.17	0
Ltbp1	0	1.12479313162711	0.739	0.105	0
Vit	0	1.33428527444459	0.634	0.064	0
Cyp1b1	0	1.85402123939478	0.739	0.035	0
Dpysl3	0	1.43422359756006	0.869	0.138	0
Lox	0	1.68575580197795	0.725	0.047	0
Ppic	0	1.42211932897972	0.85	0.173	0
Pdgfrb	0	0.835824466538222	0.545	0.049	0
Cd248	0	2.44522794803854	0.804	0.068	0
Ms4a4d	0	1.77997272865153	0.891	0.059	0
Pcsk5	0	1.24206369068955	0.588	0.037	0
Vldlr	0	1.03670352935991	0.564	0.029	0
Il33	0	1.97511928805532	0.839	0.134	0
Pi15	0	0.812951254270051	0.351	0.004	0
Lypd1	0	0.46334988670848	0.242	0.001	0
Inmt	0	2.0272369946888	0.63	0.007	0
Prokr1	0	0.253606891463562	0.185	0.003	0
Scara5	0	1.42549871231139	0.573	0.003	0
Ebf2	0	0.880534723418426	0.401	0.004	0
Itga11	0	0.550908516655403	0.336	0.01	0
Adra1b	0	0.325004920127053	0.214	0.001	0
F3	1.24916453382949e-307	1.06856052176666	0.575	0.07	2.65622346473502e-303
Galnt16	1.32577733427385e-305	0.38264865840065	0.261	0.01	2.81913292359991e-301
Klhl13	3.13523457792032e-305	0.676681806493815	0.462	0.043	6.66676280648977e-301
Fxyd1	8.3220172643996e-305	0.778133468431842	0.85	0.155	1.76959375110193e-300
Ndn	1.00551417524922e-303	1.12824824477957	0.725	0.127	2.13812534224995e-299
Cdkn1c	1.91025584600907e-303	1.96354463095874	0.723	0.132	4.06196803095368e-299
Slc43a3	2.81030217937125e-303	1.86109915245977	0.856	0.206	5.97582655421502e-299
Ltbp4	9.4679384528065e-302	2.32670262703836	0.854	0.211	2.01326243260478e-297
Plat	1.20088420616028e-298	1.34388935905435	0.791	0.155	2.55356017597922e-294
Grb10	8.39730615845957e-297	1.13804658132941	0.758	0.143	1.78560318153484e-292
Angptl2	1.11324073136998e-295	1.03241086883336	0.804	0.15	2.36719509118512e-291
Krtdap	2.19857717458484e-291	0.4616449851662	0.131	0	4.67505450403721e-287
Adamts12	1.61187734343817e-289	0.43183198997854	0.329	0.02	3.42749598308692e-285
Gstm2	1.12223537931259e-288	1.28941907567531	0.874	0.2	2.3863213105703e-284
Kcnk2	6.70337332707825e-288	0.455477424280602	0.207	0.006	1.42540530426992e-283
Mfge8	1.53573807395704e-286	1.29215683264129	0.861	0.202	3.26559344046225e-282
Nsg1	8.33732106439269e-284	0.502425040766044	0.401	0.033	1.77284795113246e-279
Lrrc32	3.84792616343329e-282	0.533731838413328	0.364	0.027	8.18223019392456e-278
Il1r1	1.66710028011613e-281	0.853542969730868	0.46	0.047	3.54492203563894e-277
Sfrp1	3.794952696424e-280	1.45974999349475	0.71	0.114	8.06958741367599e-276
Plod2	6.09514133598102e-280	1.51906296021912	0.841	0.189	1.296070853683e-275
Mgp	1.9762846906949e-279	2.58060936311458	0.943	0.238	4.20237176629364e-275
Ptgfrn	3.16500406193131e-277	1.11864061484544	0.771	0.163	6.73006463729073e-273
Pcsk6	3.56865013901808e-277	1.13401037848759	0.512	0.064	7.58837765560805e-273
Adamts1	1.76333677221233e-276	0.99045496295084	0.558	0.071	3.74955931243229e-272
Akap12	4.65088617054792e-275	1.05743319226766	0.76	0.135	9.8896443530531e-271
Sult5a1	3.02347065561739e-273	0.600020053310339	0.37	0.031	6.42910800210481e-269
Colec12	1.51451602376403e-271	1.329975332355	0.906	0.224	3.22046687293183e-267
Tgfbr3	6.53069485732096e-271	1.45181640378346	0.819	0.196	1.38868695446073e-266
Frmd6	1.10563737125071e-268	1.39739509627979	0.834	0.205	2.35102730622751e-264
Vcan	1.81171951248464e-268	1.38360125322449	0.802	0.179	3.85244037134735e-264
Ddah2	8.28149738046013e-268	1.42022465466218	0.839	0.213	1.76097760298104e-263
Postn	1.26894343742731e-267	1.31728075722881	0.54	0.068	2.69828132534543e-263
Mxra7	1.33557331207355e-266	1.1352486306123	0.763	0.162	2.8399630907932e-262
Rhoj	1.84393077883449e-266	1.20696250226944	0.885	0.213	3.92093440811366e-262
Tfpi2	5.40640549696555e-264	0.340248867387001	0.237	0.01	1.14961806487476e-259
Ramp2	3.33793642029935e-263	0.710327873017855	0.606	0.085	7.09778800412453e-259
Ackr3	2.01452977273859e-262	1.42098775171121	0.593	0.096	4.28369610875134e-258
Galnt15	9.10499179422037e-262	0.739411545049619	0.41	0.039	1.93608545512302e-257
Slc16a2	5.34489352558133e-261	0.869227016800092	0.606	0.097	1.13653815927961e-256
Lrp1	2.01806239123453e-260	2.16152360608607	0.989	0.532	4.29120786872111e-256
Heg1	3.65444242449391e-257	1.58434397506431	0.88	0.239	7.77080637144384e-253
Matn2	7.51562942144913e-257	0.821476972773749	0.61	0.09	1.59812344017694e-252
Rbms3	1.42998041130998e-256	0.943778751091442	0.651	0.113	3.04071034660953e-252
Lbp	6.84557978938202e-256	1.39590318380391	0.739	0.147	1.45564408641419e-251
Itm2a	1.03260892609549e-255	1.49360512602779	0.839	0.195	2.19573962044945e-251
Fkbp9	1.91763058174063e-253	1.11315714283392	0.819	0.2	4.07764966901327e-249
Tcf7l1	6.38403661590531e-253	0.568178393240801	0.468	0.055	1.3575015460061e-248
Adamts19	6.7943016392984e-253	0.286219976336682	0.205	0.007	1.44474030058041e-248
Tpst1	1.28822348735591e-251	1.30930511228504	0.847	0.234	2.73927842351361e-247
Fst	3.00465716125492e-251	0.699157167788836	0.349	0.029	6.38910298769245e-247
Snhg18	3.26663433387295e-250	1.22777813159584	0.878	0.209	6.94617124754744e-246
Plxdc2	1.61771631091722e-249	1.95649827777292	0.83	0.239	3.43991196353437e-245
Igfbp4	2.26484484812864e-247	2.50202513923949	0.98	0.46	4.81596608506074e-243
Fgfr1	2.4233151413309e-246	1.07018603787419	0.85	0.208	5.15293731652602e-242
Lrrn4cl	1.88081169450908e-245	1.00218098475039	0.466	0.061	3.9993579872041e-241
Gas1	3.22859151902057e-245	1.68493460220556	0.9	0.207	6.86527700604535e-241
Slit2	1.10701104522956e-244	0.794844816381208	0.475	0.06	2.35394828657613e-240
Cercam	6.90972223456601e-244	0.721033134975499	0.529	0.078	1.46928333595812e-239
Creb3l1	4.14728521680908e-243	0.998023477660801	0.68	0.136	8.81878728502282e-239
Fkbp7	5.45185265017861e-241	1.09172582970479	0.817	0.205	1.15928194753398e-236
Adgra2	2.95115176702156e-240	0.666779229468866	0.603	0.092	6.27532911739465e-236
C1qtnf6	1.6092264784366e-238	0.837236973967625	0.571	0.095	3.4218591837476e-234
Glt8d2	2.35795849434265e-238	0.326825027659564	0.233	0.012	5.01396294237022e-234
Abi3bp	2.57289642034164e-238	1.07807720784048	0.649	0.123	5.47100694821447e-234
Ptx3	5.6961301207842e-238	0.60046296620045	0.142	0.002	1.21122510888355e-233
Gria3	6.69468185699898e-238	0.728795992011369	0.484	0.062	1.42355715007226e-233
C1ra	7.15207163349585e-238	1.33717679127726	0.943	0.254	1.52081651214656e-233
Meg3	1.67109699275455e-236	1.47876715292475	0.756	0.168	3.55342064539328e-232
Hmgcs2	1.08186116629556e-235	1.0197742411369	0.595	0.1	2.30046958401087e-231
S100a16	1.87856695302614e-235	1.26424592643355	0.889	0.239	3.99458476891479e-231
Col6a6	1.09670484316418e-233	0.554589286886295	0.264	0.016	2.3320331785043e-229
Gpx7	6.06494380265953e-233	0.781436744623301	0.619	0.113	1.28964965019752e-228
Ly6a	9.47634615421893e-233	2.47630173137031	0.926	0.356	2.01505024623311e-228
Gli3	1.00507082531094e-232	0.564711706577752	0.427	0.05	2.13718260294119e-228
Nedd4	2.12841374430156e-231	1.69154180366345	0.998	0.388	4.52585898588283e-227
Nfix	3.77421390647335e-231	1.61909873921138	0.963	0.421	8.02548845072492e-227
Fkbp10	7.65365015678732e-231	0.804311876295589	0.625	0.117	1.62747216933926e-226
Sdc2	1.66606117261163e-230	1.12276725487551	0.793	0.191	3.54271247744137e-226
Hmcn2	3.27896838837066e-230	1.1561993664465	0.516	0.073	6.97239838103137e-226
Lpar1	2.75875478551765e-229	1.00024750505177	0.721	0.152	5.86621617592473e-225
Bdh2	7.13076317972031e-229	0.320829882014336	0.27	0.018	1.51628548253573e-224
Pamr1	1.20764637436377e-228	0.714417179308978	0.412	0.047	2.56793925044713e-224
Calhm5	3.47735663060321e-228	0.398779532593267	0.312	0.024	7.39425113931466e-224
Camk2n1	5.80570500643496e-228	1.21100317611104	0.717	0.157	1.23452511256833e-223
Cavin3	2.25078730457979e-227	1.31623671679208	0.935	0.242	4.78607412445846e-223
Pdpn	2.29722903749225e-227	1.19985405086596	0.889	0.21	4.88482782532353e-223
Sult1e1	7.40995176539684e-227	1.46174724687005	0.34	0.032	1.57565214339398e-222
Emp1	1.08180133572529e-226	1.44492511957712	0.874	0.258	2.30034236028625e-222
Lrrn2	2.76077470088961e-226	0.522147146319729	0.357	0.033	5.87051132397167e-222
Nfia	2.82763691153443e-226	1.71276859322952	0.965	0.393	6.01268712868681e-222
Gpx8	3.1900880161588e-226	1.06378142726671	0.869	0.218	6.78340315756007e-222
Vgll3	1.25913086148541e-225	0.83128570145895	0.486	0.07	2.67741586386258e-221
Sfrp4	1.36481317825831e-225	0.485541285061615	0.126	0.002	2.90213874224848e-221
Osr1	6.17189910247848e-224	0.885504708579724	0.593	0.101	1.31239262515103e-219
Arsi	8.41651578583782e-222	0.480211161650663	0.366	0.038	1.78968791670055e-217
Lamb2	5.59626175074185e-220	1.05296463293107	0.68	0.148	1.18998909867775e-215
Igfbp7	2.61408644096767e-218	1.85782437590533	0.998	0.371	5.55859340807365e-214
Arhgap20	1.09934682366978e-214	0.631777679434969	0.377	0.04	2.33765108585142e-210
P4ha2	1.55225290994061e-214	0.672491564127666	0.475	0.069	3.30071058769772e-210
Nbl1	1.59597391798e-213	1.6032204454696	0.852	0.229	3.39367893919267e-209
Maged2	3.52382887390178e-213	1.13751597865712	0.76	0.196	7.49306971746475e-209
Nova1	2.73825109214412e-212	0.495141639114012	0.331	0.032	5.82261712233525e-208
Rcn1	3.50044508229901e-211	1.04944972601393	0.797	0.227	7.44334642300061e-207
Clip3	5.84366914933822e-211	0.462802552967652	0.39	0.044	1.24259780791528e-206
Efemp1	3.0659051889445e-210	1.5095505865916	0.763	0.18	6.51934079377159e-206
Pi16	4.77280349621004e-210	1.75818128725507	0.436	0.061	1.0148889354341e-205
Timp2	1.06859240645346e-209	2.21642258274826	0.987	0.635	2.27225489308265e-205
Insyn1	1.35716597066062e-209	0.322076481849867	0.237	0.015	2.88587772001275e-205
Pth1r	2.20305016994744e-209	0.411578602103535	0.338	0.032	4.68456588137623e-205
Il11ra1	4.88448671212425e-209	1.2988707353243	0.902	0.339	1.0386372544661e-204
Col8a1	5.36443543276903e-209	0.717658444640351	0.27	0.02	1.14069355042401e-204
Cxcl12	5.40454088744341e-209	0.615436130645663	0.667	0.127	1.14922157430597e-204
Thbs2	5.60879284198394e-209	0.569497612629278	0.553	0.09	1.19265370991947e-204
Rcn3	1.06287767041404e-208	1.42047957156823	0.922	0.336	2.26010307836842e-204
Gsn	1.95933167815517e-208	4.53965241141809	0.963	0.658	4.16632288042916e-204
Ptgis	4.74808131363255e-208	0.908856992356681	0.898	0.201	1.00963201053083e-203
Ehd2	2.94714747108404e-207	0.899518035068436	0.83	0.22	6.26681438251309e-203
Hsd11b1	7.03477673237267e-206	1.12999124764356	0.508	0.084	1.49587492437172e-201
Selenom	9.71712595279633e-204	1.47081080775387	0.974	0.427	2.06624966260261e-199
Igfbp6	5.37757418456269e-201	1.68233772457826	0.902	0.284	1.14348737460541e-196
Cd63	5.0157082695225e-200	1.66334426515501	0.996	0.605	1.06654020643126e-195
Ngf	2.78888190015495e-198	0.412852345084456	0.309	0.028	5.93027847248948e-194
Axl	1.61254423908515e-197	1.37117427176477	0.913	0.351	3.42891406999067e-193
Wnt5a	1.52614644719784e-196	1.08255210655628	0.688	0.157	3.24519780532149e-192
Sntb2	2.26189433474381e-196	1.21194249288831	0.878	0.335	4.80969211339924e-192
Copz2	3.82244752109249e-196	0.896908975549847	0.78	0.219	8.12805240885106e-192
Nfib	1.36262038691143e-195	1.24617635951506	0.948	0.281	2.89747599072847e-191
Meis2	1.49174620357129e-195	0.867790065825435	0.874	0.233	3.172049127274e-191
Pdgfrl	5.12774288530931e-195	0.327832171130231	0.207	0.011	1.09036324713217e-190
Rnase4	1.20334409630921e-194	1.95246421923981	0.967	0.553	2.55879088639191e-190
Tek	2.61721605967667e-194	0.54385781545278	0.34	0.035	5.56524822929647e-190
Zfhx4	1.1591790474092e-189	0.930675576452248	0.671	0.157	2.46487832641092e-185
Gxylt2	4.57027711939584e-189	0.668812084012413	0.442	0.068	9.71823726668332e-185
Tgfb1i1	1.44982098102129e-188	0.688209943004602	0.632	0.128	3.08289933404368e-184
Angptl4	1.46979141765739e-187	0.884901875232071	0.649	0.138	3.12536447050667e-183
Zfp9	1.54887070979127e-187	0.3872569003643	0.355	0.041	3.29351867730015e-183
Emilin1	2.00771212003923e-187	1.03262221369741	0.754	0.22	4.26919905205142e-183
Gprc5b	5.50215758894415e-187	0.501585001854816	0.405	0.054	1.16997878971308e-182
Efemp2	1.24638083885151e-186	0.94892010189986	0.743	0.213	2.65030421573384e-182
Pam	3.73681686993185e-186	1.29116204542018	0.869	0.307	7.94596739222308e-182
Snai1	1.13518417255003e-184	0.352499658875924	0.29	0.027	2.41385562451039e-180
Gstm1	1.84077771215045e-184	1.79982710091991	0.867	0.355	3.91422972711671e-180
Csrp2	3.18726976800786e-184	1.27323894315621	0.869	0.269	6.77741043469192e-180
Fam171b	1.024609561819e-182	0.411146200346631	0.333	0.037	2.17872977225193e-178
Fscn1	7.50718018403859e-181	0.567398035045185	0.545	0.101	1.59632679433397e-176
Adcyap1r1	8.45705784791414e-180	0.653751221278085	0.403	0.054	1.79830878078046e-175
Zeb1	5.92033463659534e-179	1.05509533040132	0.73	0.213	1.25889995712563e-174
Pdlim2	1.13228953012219e-178	0.981349839454725	0.675	0.184	2.40770045685182e-174
Has2	2.63721289333125e-178	0.285635133320762	0.146	0.005	5.60776949637957e-174
Tuba1a	1.67208114865342e-177	1.5622425799903	0.959	0.537	3.55551335449662e-173
Atf5	3.29493145881271e-177	0.837146733951362	0.625	0.148	7.00634225401936e-173
Wipi1	3.40186550816941e-177	0.737156203091019	0.66	0.165	7.23372681657144e-173
Cacna2d1	4.74343868384889e-177	0.589467006034549	0.501	0.088	1.00864480173363e-172
Cyp26b1	9.23927548419994e-177	0.743892412144585	0.344	0.041	1.96463953896027e-172
Calu	6.49360323006727e-176	1.21962040622564	0.948	0.483	1.3807997908415e-171
Ctsl	6.74006571106449e-176	1.41816522135419	0.996	0.794	1.43320757280075e-171
Fam198b	9.40109011616004e-176	0.69312537676115	0.49	0.083	1.99904780230027e-171
Serpinb6a	1.4020400260524e-175	1.29511219364964	0.946	0.419	2.98129791139782e-171
Cald1	2.03958063146034e-175	1.1603187588797	0.959	0.361	4.33696425473728e-171
Ahnak2	9.9538850302896e-175	0.825259619106537	0.671	0.158	2.11659411284078e-170
Sulf2	9.02686489943034e-174	1.23155152261305	0.815	0.307	1.91947255221487e-169
Armh4	1.10880093104862e-173	0.470720173662388	0.357	0.046	2.35775429978178e-169
Vasn	1.8602678025152e-173	0.588121640130164	0.471	0.084	3.95567345526833e-169
Mustn1	2.9070550633249e-173	0.950735568309244	0.431	0.071	6.18156188665406e-169
Sh3d19	5.62273485276013e-173	0.762790107157522	0.619	0.148	1.19561833909091e-168
Phldb2	9.72126146228242e-171	0.578422593104897	0.486	0.087	2.06712903733973e-166
H1fx	3.75677558911888e-170	0.593287032598471	0.397	0.058	7.98840761270239e-166
C1qtnf2	6.09114831720727e-170	0.677771613925754	0.566	0.119	1.29522177817095e-165
Atp8b1	7.83973820928692e-170	0.46237956022427	0.403	0.057	1.66704193282277e-165
Zfp503	7.93357391970199e-170	0.894325469162289	0.656	0.162	1.68699515828543e-165
Agtr1a	1.66792453077611e-169	0.332208142582822	0.242	0.02	3.54667472224232e-165
Zbtb20	8.54998841566502e-169	1.41184396204281	0.98	0.507	1.81806953670701e-164
Igdcc4	1.4525033208553e-167	0.255855942373343	0.194	0.012	3.08860306146671e-163
Pmp22	1.80902198996061e-167	1.15280456688391	0.93	0.36	3.84670435945225e-163
Pxdn	2.44741898441835e-167	0.623514105444099	0.569	0.121	5.20419172846717e-163
Phlda1	9.24813279351347e-167	1.38974782721915	0.858	0.319	1.9665229572127e-162
Gng11	1.04481311347231e-165	0.606569111783753	0.758	0.203	2.22169060448751e-161
Cdon	3.68033315650431e-165	0.887409101051663	0.634	0.155	7.82586042399077e-161
Srgap1	1.42857149675094e-164	0.272748467664567	0.224	0.017	3.0377144306912e-160
Clmp	1.68932694943105e-164	0.796070010412174	0.791	0.243	3.59218482527017e-160
Sntg1	1.90949597117342e-164	0.333782579814324	0.203	0.014	4.06035223310316e-160
Gpc3	2.8540667548326e-164	1.19566836777776	0.651	0.155	6.06888754747605e-160
Adgrd1	5.47796638109755e-164	0.832233355822675	0.603	0.14	1.16483477127658e-159
Serpina3n	1.57458722192197e-163	1.12741313619946	0.608	0.139	3.34820226869489e-159
Man2a1	2.57294408098233e-163	1.50159300536055	0.952	0.553	5.47110829380082e-159
Fgd5	4.30569220572202e-163	0.348624069345193	0.325	0.038	9.1556239062473e-159
Gstt1	6.6440541675046e-163	0.801772860158886	0.654	0.169	1.41279167817818e-158
Fndc3b	7.59965312740078e-163	1.14107983377926	0.885	0.4	1.6159902410105e-158
Cavin1	1.62099910278508e-162	0.993596496308888	0.871	0.261	3.4468924921622e-158
Aldh1a3	2.06971544745022e-162	0.838265350964444	0.399	0.059	4.40104292745814e-158
Maged1	2.75537922690993e-162	0.977755298906395	0.83	0.267	5.85903838810127e-158
Nenf	8.0884485002038e-162	1.20501003371794	0.98	0.527	1.71992768908334e-157
Phlda3	1.12285807171967e-160	0.872303034478197	0.647	0.163	2.38764540370471e-156
Pdzrn3	3.00970126343318e-160	0.438009825698645	0.405	0.063	6.39982876656431e-156
Rbp4	5.26002016178549e-160	0.33592030738886	0.198	0.014	1.11849068720207e-155
Igf2r	1.71049705913774e-159	0.862158407591873	0.741	0.23	3.63720094655048e-155
Gpnmb	2.68408167179486e-159	0.373040246600064	0.244	0.022	5.70743126690459e-155
Kdelc2	4.43640373139778e-159	0.735114085819138	0.638	0.168	9.43356889444424e-155
Plpp1	1.85424042438412e-158	0.794180750397431	0.741	0.207	3.94285683841038e-154
Hic1	2.6916554933888e-158	0.653697318258507	0.562	0.123	5.72353624114195e-154
Fermt2	9.04614797760819e-158	0.83834848169717	0.813	0.248	1.92357290595861e-153
Pbx1	1.0318890716104e-157	1.0890231093503	0.856	0.306	2.19420892187235e-153
Ltbp3	5.08964826502493e-156	0.888523003190282	0.776	0.238	1.0822628070749e-151
Arhgef25	7.16105776232795e-156	0.506489136721794	0.49	0.096	1.52272732258142e-151
Boc	1.24570531006693e-155	0.516370866118062	0.405	0.067	2.64886777132631e-151
Fgf18	1.50325865344233e-155	0.458776499859458	0.281	0.032	3.19652920067977e-151
C3	8.56064423477453e-155	1.00357533245041	0.987	0.57	1.82033539008246e-150
Fap	3.00929562032094e-154	0.276931457698686	0.2	0.015	6.39896620705044e-150
Sgce	3.51186307475079e-154	0.739302690518862	0.66	0.179	7.46762564215008e-150
Ror1	5.0330628754032e-154	0.425191925929181	0.357	0.052	1.07023048982574e-149
Chpf	7.26767114885879e-154	0.72423060694663	0.619	0.158	1.54539759309333e-149
Cped1	2.45751008165898e-153	0.668637390041527	0.599	0.14	5.22564943763966e-149
Ggt5	4.31332679862942e-153	0.847922173691111	0.56	0.13	9.1718581046056e-149
Vkorc1	4.68374237565628e-153	1.10249892641323	0.889	0.439	9.95950978759552e-149
Mmp3	4.77571245531154e-152	2.05218647013422	0.185	0.013	1.01550749649745e-147
Cdr2l	2.19977581518646e-151	0.373154649681462	0.307	0.039	4.67760329341248e-147
Fxyd6	7.2512342071165e-151	0.778673316763388	0.675	0.181	1.54190244180125e-146
Sobp	2.12223921120843e-150	0.334368876721048	0.333	0.044	4.51272945871361e-146
Ryk	2.26930656763809e-150	0.832702367505181	0.736	0.227	4.82545348542564e-146
Pde1a	4.76955428752157e-150	0.520781579027622	0.468	0.089	1.01419802369859e-145
Larp6	6.31784677459719e-150	0.336759008157897	0.281	0.033	1.34342693815035e-145
Fam114a1	6.95397450272798e-150	0.755152425603574	0.658	0.192	1.47869313826008e-145
Eya2	2.09435010177656e-149	0.274556968371101	0.211	0.017	4.45342605641767e-145
Dlc1	3.21635635714497e-149	0.792968097297528	0.693	0.197	6.83926015783307e-145
Ecm1	7.35594649781969e-149	1.34648727781682	0.826	0.363	1.56416846329638e-144
Fzd4	1.23619435340396e-148	0.69567103341179	0.527	0.119	2.62864367307818e-144
Fam102b	1.6842202471917e-148	1.07542404684148	0.826	0.337	3.58132593362844e-144
Ckap4	3.84090354765536e-148	1.18162143589985	0.824	0.348	8.16729730373436e-144
Plcxd3	4.33469924300071e-147	0.256378156448105	0.157	0.009	9.21730447031671e-143
Rhoc	1.24311449925774e-146	1.04015907680079	0.924	0.468	2.64335867122166e-142
Cxxc5	1.66998856564555e-146	0.5473060163069	0.508	0.107	3.55106368598869e-142
Nupr1	1.96676444213767e-146	1.23880738743988	0.882	0.396	4.18212790976155e-142
Ugdh	5.89869199721221e-146	1.41874426836853	0.719	0.259	1.2542978662872e-141
Enpep	1.15614112669981e-145	0.350252336856415	0.401	0.063	2.45841849181447e-141
Gem	1.53278216957346e-145	1.11036985771228	0.573	0.143	3.25930800538101e-141
Npdc1	1.85723585166497e-145	0.802713401135804	0.784	0.23	3.9492263149804e-141
Heph	2.59890831362357e-145	0.335008168980236	0.231	0.022	5.52631863808916e-141
Vat1	1.1165243844551e-144	1.01680393959842	0.828	0.351	2.37417745110532e-140
Lpar4	1.42291644733152e-144	0.276076923586573	0.203	0.016	3.02568953360574e-140
Rora	2.70418293240982e-144	0.736580783596364	0.649	0.177	5.75017458747624e-140
Ikbip	2.77369734129327e-144	0.754048191179342	0.708	0.227	5.89799002652601e-140
Mn1	7.61220109876422e-144	0.540213055802039	0.431	0.082	1.61865844164122e-139
Csf1	6.31864604237209e-143	0.845127133461139	0.717	0.226	1.34359689445e-138
Dennd2a	8.25346478958173e-143	0.402331290159722	0.362	0.056	1.75501675285666e-138
Dapk2	6.65427320729969e-142	0.427079951937035	0.327	0.046	1.41496465480021e-137
Gm43289	8.64498185002926e-142	0.325441721722679	0.131	0.006	1.83826894059022e-137
Sox5	3.4432910164605e-141	0.370916716110648	0.301	0.039	7.32181401740161e-137
Ephb2	3.61963528346735e-141	0.316488779048224	0.277	0.032	7.69679246676498e-137
Ntrk2	7.17963453845047e-141	0.321055659839214	0.176	0.012	1.52667748825611e-136
Rbfox2	2.64529742547839e-139	0.645407218839424	0.675	0.193	5.62496044553725e-135
Lima1	3.3439670361473e-139	1.07372704371057	0.911	0.427	7.11061150566363e-135
Fkbp11	1.28699355307849e-138	0.678194630841017	0.479	0.105	2.73666309126609e-134
Rhobtb3	1.89952549046878e-138	0.423557685073511	0.429	0.08	4.03915100293282e-134
Hspb8	2.54691270003286e-138	0.577597785316547	0.458	0.095	5.41575516534987e-134
Slc44a1	4.08925512853238e-138	0.874643202421597	0.767	0.268	8.69539210531125e-134
Nav1	9.26978177006329e-138	1.17178455549638	0.817	0.363	1.97112639558626e-133
Anxa1	1.72402991291154e-136	1.24899563541712	0.937	0.455	3.6659772068151e-132
Id3	1.949784190108e-136	1.42636951165302	0.745	0.261	4.14602110184565e-132
Tmed3	1.00212133673285e-135	1.02054700623826	0.941	0.575	2.13091081042874e-131
Sspn	1.42443577906133e-135	0.530221986912267	0.477	0.104	3.02892024059601e-131
Amotl2	6.22109788989588e-135	0.808235887445098	0.603	0.165	1.32285425530746e-130
Amotl1	2.92966427776731e-132	0.685414231265217	0.599	0.163	6.2296381202444e-128
Tmem263	2.16362437688013e-131	0.69712406349249	0.619	0.185	4.6007308749979e-127
Fkbp14	2.45052004725426e-131	0.457314372003525	0.379	0.067	5.21078582848146e-127
Cd302	5.52280680501427e-131	1.13961393256218	0.902	0.491	1.17436963901823e-126
Ntn1	1.13948581739354e-130	0.552081171540712	0.427	0.082	2.42300264210563e-126
Sulf1	2.10681755396711e-130	0.612472315992731	0.571	0.142	4.47993684675565e-126
Mmp14	1.14908192133234e-129	1.01741440240921	0.776	0.3	2.4434077975211e-125
Auts2	1.4918835031345e-129	0.698155190209828	0.645	0.189	3.1723410810652e-125
Col16a1	2.01664208519667e-129	0.515318869112688	0.538	0.13	4.28818772996219e-125
Numbl	3.89355039127559e-129	0.456210046019799	0.414	0.083	8.27924555200842e-125
Osmr	4.58032377443086e-129	0.604126344761196	0.556	0.143	9.73960047394978e-125
Ubtd2	6.73458940597051e-129	0.482006829810349	0.405	0.082	1.43204309128557e-124
Twsg1	1.93841795031365e-128	0.769138742454564	0.715	0.236	4.12185192954695e-124
Obsl1	1.97753269929777e-128	0.350471944885716	0.307	0.046	4.20502553178677e-124
Fbln7	2.1827073828867e-128	0.514687554264386	0.253	0.03	4.64130897897027e-124
Pkdcc	4.28016378494772e-128	0.740542675690858	0.619	0.187	9.10134027231284e-124
Klf9	4.62287041652741e-128	1.11052374131917	0.847	0.365	9.83007165370389e-124
Wt1	7.35950825374896e-128	0.719421918149125	0.577	0.137	1.56492583507718e-123
Vtn	7.44522711041335e-128	0.297510354702492	0.155	0.01	1.58315309275829e-123
Lysmd2	2.0082582975525e-127	0.533796222695942	0.514	0.123	4.27036044391563e-123
Rab34	3.93530727009075e-126	0.671183036437775	0.643	0.189	8.36803737912096e-122
Thsd7a	5.36716789067574e-126	0.305510034533787	0.209	0.02	1.14127458027329e-121
Fam20a	3.77999914544994e-125	0.368145404803329	0.316	0.049	8.03779018288476e-121
Npr2	7.9070848288759e-125	0.273517956165881	0.255	0.031	1.68136251801217e-120
Palm	1.47692480641591e-124	0.608711502940364	0.56	0.156	3.1405329083628e-120
Crtap	2.98010627760649e-124	0.759956187224772	0.745	0.278	6.33689798870243e-120
Cebpd	6.29196421695391e-124	1.83879324248657	0.908	0.55	1.33792327109308e-119
2700081O15Rik	1.07328747010622e-123	0.478986615801154	0.471	0.107	2.28223847643387e-119
Zfpm2	1.64096829976969e-123	0.565093102568355	0.399	0.082	3.48935499263028e-119
Fstl3	1.94917164706249e-123	0.393886119793356	0.322	0.052	4.14471859031368e-119
Wwtr1	2.56069151538678e-123	0.643629930315137	0.649	0.193	5.44505443831846e-119
Lims2	1.63879569876748e-122	0.444139807992444	0.423	0.084	3.48473517385917e-118
Loxl3	5.17653759746009e-122	0.386044426513053	0.34	0.058	1.10073895472391e-117
Nkx2-3	5.28494580006792e-122	0.644328896775196	0.54	0.142	1.12379087492644e-117
Sptbn1	1.73629270801764e-121	1.05572944647689	0.989	0.667	3.6920528143287e-117
Phldb1	9.32707467154635e-121	0.481693182780941	0.468	0.11	1.98330915815762e-116
Lrp3	5.51871234690185e-120	0.275404469404273	0.237	0.028	1.17349899344521e-115
Tns2	2.39526473225883e-119	0.498865140830885	0.429	0.094	5.09329092667518e-115
Jcad	7.69498620708097e-119	0.40127759591249	0.325	0.054	1.6362618670737e-114
Tppp3	1.2301564336085e-118	1.18745328429523	0.715	0.264	2.61580464042512e-114
Mgst1	1.52930775006663e-118	0.636165001500854	0.928	0.388	3.25191999974169e-114
Plekha6	1.74372066282612e-118	0.398641815992496	0.316	0.05	3.70784761743347e-114
Efs	2.39684451106523e-118	0.41757352165366	0.383	0.076	5.09665016832911e-114
Fzd2	3.88168982120866e-118	0.564784599840482	0.512	0.131	8.2540252358181e-114
Cd55	4.12830626400847e-118	0.849329255649742	0.606	0.167	8.77843043978761e-114
Fez1	8.76818719664182e-118	0.381335243071691	0.329	0.054	1.86446732549392e-113
Enpp2	1.03783035166338e-117	0.646584558986607	0.342	0.061	2.20684245977701e-113
Cyb5a	2.22983656362295e-117	0.988742551205407	0.965	0.676	4.74152446888785e-113
Fgf2	3.24588678091851e-117	0.512051021840816	0.427	0.096	6.90205365094512e-113
Mmp11	3.66141297778406e-117	0.299175558534851	0.253	0.033	7.78562855596003e-113
Scarf2	6.84706170411245e-117	0.467866275900986	0.492	0.121	1.45595920076247e-112
Nectin3	2.73166606226349e-116	0.401008695831673	0.405	0.084	5.80861471479708e-112
Layn	4.68996827573075e-116	0.412877008733299	0.373	0.073	9.97274854151387e-112
B3gnt9	1.00836085860467e-115	0.464022757643692	0.41	0.09	2.14417852973696e-111
Rem1	1.15508537218982e-115	0.459582351043429	0.418	0.088	2.45617353542444e-111
Parva	1.30473724298396e-115	0.621741704307776	0.688	0.207	2.77439327348109e-111
Golim4	2.70665613185506e-114	0.765316249695557	0.754	0.304	5.7554335987766e-110
Slc29a1	5.21528886701055e-113	0.895787676984026	0.673	0.258	1.10897902468112e-108
Txndc5	1.21309154316214e-112	0.836547304498142	0.784	0.376	2.57951785737997e-108
Vwa1	2.41759130684399e-112	0.419805624384815	0.423	0.088	5.14076615487306e-108
Igf1	4.0294896013899e-112	1.741841383681	0.73	0.301	8.56830668839549e-108
Rpl22l1	9.57794028696063e-112	0.95023220325378	0.976	0.869	2.03665322261931e-107
Kcnn3	2.65751201156243e-111	0.328036156873301	0.351	0.062	5.65093354138634e-107
Kirrel	7.4844496382685e-111	0.438342964899925	0.375	0.077	1.59149337108141e-106
Thra	8.40081210154262e-111	0.749381056569917	0.747	0.286	1.78634868527202e-106
Fn1	2.06519393786225e-110	1.05754523791686	0.885	0.443	4.3914283894703e-106
P3h1	2.77448056174515e-110	0.439525809891309	0.397	0.088	5.89965546649488e-106
Zfp521	4.45935522920958e-110	0.312995822523385	0.27	0.041	9.48237295939126e-106
Ccdc8	6.67722329702527e-110	0.306113286787873	0.301	0.049	1.41984476187945e-105
Fhl1	8.13015686364912e-110	0.63966689939338	0.488	0.128	1.72879655548635e-105
Thbd	1.52301109583283e-109	1.05461282597217	0.573	0.181	3.23853079417892e-105
S100a11	2.53070664679292e-109	1.00826372511935	0.991	0.809	5.38129461374047e-105
Cpq	3.4698547302687e-109	0.897037270530839	0.821	0.374	7.37829909844336e-105
Cdc42ep5	7.47571682410999e-109	0.492540854735094	0.512	0.136	1.58963642547875e-104
Pcdh7	5.64799441738975e-108	0.596732835244288	0.545	0.15	1.20098953291376e-103
Uap1	6.00531573463841e-108	0.9670132686004	0.612	0.222	1.27697033781351e-103
Dsel	6.83412426338281e-108	0.465679932325256	0.431	0.102	1.45320818336572e-103
Adamts10	9.42838047473816e-108	0.502593944700921	0.486	0.127	2.00485082414832e-103
Gnas	9.9042663053446e-108	0.761108844653618	1	0.937	2.10604318716848e-103
Reck	1.65078389331888e-107	0.333421791323876	0.357	0.068	3.51022687075328e-103
Pmepa1	2.23823678593425e-107	0.757968161357906	0.887	0.437	4.75938670161059e-103
Rgma	1.21569290724028e-106	0.457702857212087	0.403	0.09	2.58504939795574e-102
Cbx6	1.75019967038098e-105	0.643524394736757	0.621	0.211	3.72162457909812e-101
Fmo2	1.9185788799631e-105	0.796544046460834	0.597	0.174	4.07966613035353e-101
Alkal2	2.12450864353756e-105	0.255226853749963	0.15	0.012	4.51755517961826e-101
Gsta3	2.20250224251962e-105	0.459522224139197	0.316	0.057	4.68340076849372e-101
Steap4	2.31936137647318e-105	0.659168889796537	0.562	0.164	4.93189003093256e-101
Arf4	3.24999946488191e-105	0.91214354223739	0.967	0.791	6.9107988621249e-101
Ntn4	4.28515090616121e-105	0.400961534546931	0.32	0.06	9.11194488686119e-101
Cd320	1.86099870184584e-104	0.665757612932037	0.549	0.171	3.95722763960499e-100
Tmem150a	4.22636243560593e-104	0.462016460648088	0.397	0.091	8.98693708307245e-100
Mmp19	4.31895594061173e-104	0.570514744587427	0.597	0.191	9.18382791211679e-100
Ttc28	4.97856175978821e-104	0.688847756044242	0.649	0.231	1.05864137260137e-99
Gaa	8.57878274014007e-104	0.743203399573572	0.719	0.303	1.82419236186338e-99
Itgb5	2.02129372344329e-103	0.791127242231511	0.821	0.37	4.29807897352981e-99
Tril	2.49513074650275e-103	0.321607132009023	0.29	0.047	5.30564601936345e-99
Stc2	7.33922498248021e-102	0.309353787337659	0.203	0.025	1.56061280027459e-97
Asap3	7.54723831976238e-102	0.285739252429515	0.261	0.041	1.60484475631427e-97
Anxa5	1.662288839363e-100	0.860232460035652	0.985	0.83	3.53469098802149e-96
Rian	1.25177524520385e-99	0.440489505142802	0.383	0.086	2.66177488140147e-95
Tgfb3	1.3377013650743e-99	0.54964611863485	0.484	0.137	2.844488182694e-95
Slc1a5	1.69043636974492e-99	0.759319800746122	0.715	0.308	3.5945438966256e-95
Pdlim7	5.05242719011465e-99	0.57312684428154	0.625	0.22	1.07434811770598e-94
S100a13	5.90479911663857e-99	0.91006459783967	0.948	0.77	1.25559648416203e-94
Add3	9.74674914639656e-99	0.863494175485678	0.819	0.422	2.07254873848976e-94
Glis2	1.06248419051793e-98	0.435997151653281	0.39	0.092	2.25926638271732e-94
Ptprg	2.1006103312161e-98	0.491535232228192	0.442	0.113	4.46673780829791e-94
P2ry14	2.72299019375813e-98	0.68705352400295	0.492	0.143	5.79016634800729e-94
Adamts15	3.6952820368581e-98	0.397287359730266	0.231	0.034	7.85764772317507e-94
Wnt5b	5.08255563894704e-98	0.315020416392831	0.207	0.027	1.0807546310657e-93
Igsf3	8.76519820452664e-98	0.421104399657336	0.357	0.077	1.86383174621055e-93
Bmpr1a	3.64175146684018e-97	0.542032200851574	0.63	0.207	7.74382031908896e-93
Map1b	5.28424529834719e-97	0.549320339292855	0.571	0.178	1.12364192024055e-92
Cxcl1	1.0884713726222e-96	1.63763078101605	0.379	0.089	2.31452552674384e-92
Kdelr2	1.20333623796635e-96	0.943139659757787	0.861	0.557	2.55877417641165e-92
Slc25a4	1.53806757348297e-96	0.726343246508831	0.98	0.746	3.27054688825418e-92
Gm8730	4.70359471726258e-96	1.11296283311409	0.908	0.569	1.00017238067872e-91
Afap1	1.88766118458667e-95	0.466458755966264	0.521	0.156	4.0139227429051e-91
Arhgef40	2.48079929944759e-95	0.406621209821946	0.427	0.107	5.27517163034536e-91
Arhgap42	3.24333812848136e-95	0.33069735653581	0.327	0.065	6.89663419640277e-91
Aff3	7.02928199477112e-95	0.320667594644643	0.222	0.032	1.49470652336813e-90
Ext1	9.32728351962852e-95	0.78047213796692	0.704	0.32	1.98335356761381e-90
Zcchc24	1.00274753435327e-94	0.710496221231447	0.76	0.353	2.1322423570488e-90
Pir	1.08338448787516e-93	0.280819741350345	0.205	0.027	2.30370877501773e-89
Vim	1.26955880600945e-93	0.884497580324133	1	0.887	2.6995898450985e-89
Npr1	1.3157073106406e-93	0.611348191805719	0.479	0.145	2.79772002534617e-89
Crip2	1.99554854740748e-93	0.68928921608247	0.721	0.259	4.24333443120728e-89
Ptk7	2.07958147771386e-93	0.28451728163774	0.285	0.052	4.42202205421076e-89
Grasp	2.17803051167155e-92	0.347896663693616	0.32	0.064	4.63136408001838e-88
Kdelr1	2.70116306401803e-92	0.776627731363436	0.9	0.601	5.74375313932794e-88
Olfml1	3.08947039384697e-92	0.39909706708817	0.377	0.088	6.5694498454762e-88
Dag1	1.75642869435132e-91	0.594074683655417	0.845	0.36	3.73486997566864e-87
Acaa2	1.88958941845338e-91	0.852811931492662	0.808	0.423	4.01802293939927e-87
Sept11	2.22767742040975e-91	0.789869211118112	0.819	0.42	4.73693326675928e-87
Flrt3	2.89181879989029e-91	0.601296640756441	0.449	0.125	6.14916349608672e-87
Mtch1	3.69195359894274e-91	0.860797678134537	0.895	0.637	7.85057013279184e-87
Pros1	1.59701467382973e-90	0.613710242747839	0.678	0.263	3.39589200243154e-86
Pls3	3.5830814830649e-90	0.475074321639065	0.608	0.204	7.6190644655892e-86
Selenbp1	5.66888696919455e-90	0.599782957725118	0.495	0.157	1.20543212512953e-85
Dkk3	6.43555527542788e-90	0.435365797667849	0.44	0.118	1.36845647376698e-85
St5	7.29402607494838e-90	0.391378555872951	0.399	0.102	1.55100170457702e-85
Adamtsl3	1.06826016816591e-89	0.386150649313893	0.266	0.046	2.271548421588e-85
H6pd	1.24550916028647e-89	0.591462995353757	0.58	0.203	2.64845067843315e-85
Tgfb2	1.28505854387071e-89	0.503664885055834	0.525	0.159	2.73254848768668e-85
Lgals1	1.38645213655661e-89	1.04379704128838	0.991	0.877	2.94815182317398e-85
Ptov1	1.63130245207042e-89	0.721656032454692	0.826	0.421	3.46880153408253e-85
Sertad4	2.1034809591732e-89	0.321116005777209	0.27	0.05	4.4728419115859e-85
Col18a1	2.44478004072662e-89	0.385425343340956	0.603	0.185	5.19858027860109e-85
Tmem204	4.94749381409543e-89	0.349168014024426	0.303	0.058	1.05203508462925e-84
Rab23	1.39824621482659e-88	0.393670216771055	0.327	0.072	2.97323075120726e-84
Rps4x	4.27711574635748e-88	0.718603105151814	1	0.993	9.09485892305455e-84
Rnf144a	8.31764239579883e-88	0.336886289655667	0.316	0.065	1.76866347904266e-83
Tceal9	1.55196795379556e-87	0.960976408676074	0.919	0.599	3.30010465695087e-83
Lix1l	1.88717657476738e-87	0.491436127368657	0.545	0.18	4.01289226858535e-83
Eva1b	2.02507842235212e-87	0.66011151798764	0.741	0.339	4.30612675728956e-83
Tmod2	2.11542234654075e-87	0.304810700935753	0.325	0.067	4.49823407768424e-83
Mt2	1.15137705330213e-86	1.21575160890723	0.715	0.301	2.44828816614165e-82
Sphk1	1.21813250158403e-86	0.28543145637828	0.261	0.046	2.59023695136828e-82
Abca6	2.51224435712083e-86	0.277544851235961	0.224	0.035	5.34203640098174e-82
Prrg3	3.29279571782114e-86	0.358482706065806	0.264	0.049	7.00180081437487e-82
Selenow	3.4315050015287e-86	0.716382498434049	0.978	0.889	7.29675223525063e-82
Trip6	3.6813641705182e-86	0.444911905226339	0.464	0.138	7.82805277218991e-82
Smarca1	1.19312940761142e-85	0.253181383723934	0.198	0.028	2.53707037234493e-81
Sfr1	1.77469097313257e-85	0.785350951531114	0.932	0.711	3.77370288526911e-81
Pdlim4	3.84609387401707e-85	0.677295984098271	0.784	0.385	8.1783340137099e-81
Dapk1	9.98951267411778e-85	0.618910095342124	0.586	0.229	2.1241699750244e-80
Tpm2	1.17625126781183e-83	0.587744003778102	0.721	0.316	2.50118069587507e-79
Eef1a1	3.09368340096282e-83	0.590571662467843	1	0.998	6.57840838380734e-79
Gulp1	3.35912464748486e-83	0.372648118477676	0.451	0.128	7.14284265041182e-79
Runx1t1	5.101700607227e-83	0.475502668149408	0.447	0.128	1.08482561712075e-78
Mpdz	7.07782197865403e-83	0.434971853400704	0.492	0.151	1.50502806554099e-78
Ildr2	9.10906498622594e-83	0.455690109155335	0.529	0.154	1.93695157867108e-78
Cnrip1	2.55430683673396e-82	0.377454593817325	0.403	0.106	5.43147805763108e-78
Sec24d	7.01837227140964e-82	0.534322473928664	0.593	0.232	1.49238667979255e-77
Calml4	2.11363007155393e-81	0.402127663508038	0.399	0.111	4.49442298415227e-77
Lynx1	2.20305454416688e-81	0.362157929655888	0.355	0.09	4.68457518271646e-77
Efhd1	2.61735606267961e-81	0.289140121439878	0.144	0.015	5.56554593168192e-77
Ctdsp2	5.00384244351511e-81	0.688001076947571	0.871	0.509	1.06401705718905e-76
Slc6a8	2.0061632779686e-80	0.374282012523955	0.375	0.097	4.26590559427243e-76
Rhbdf1	2.80678646955627e-80	0.352669057217306	0.344	0.084	5.96835074886445e-76
Tmem119	5.0804396879641e-80	0.498424177758839	0.464	0.143	1.08030469524869e-75
Slc9a3r2	5.60817978630999e-80	0.306859802351735	0.468	0.136	1.19252334976096e-75
Clstn1	1.04210583537123e-79	0.494857051718461	0.577	0.21	2.21593384833338e-75
Map1lc3a	2.21584402408e-79	0.687500858776089	0.843	0.458	4.7117707328037e-75
Fat1	3.80033516935271e-79	0.405838405873103	0.362	0.094	8.0810327041116e-75
Pkd2	9.27097394612999e-79	0.619348324515909	0.632	0.259	1.97137989990508e-74
Osbpl5	1.37116939207959e-78	0.384242243557972	0.359	0.093	2.91565459531804e-74
Zadh2	1.37566344552168e-78	0.508916134788225	0.508	0.18	2.92521075055731e-74
Peg3	4.2218083006911e-78	0.482176219936297	0.272	0.055	8.97725317058956e-74
Chrd	6.45128774752066e-78	0.267211776267133	0.237	0.043	1.37180182663279e-73
Map1a	8.78499358912861e-78	0.366934547529269	0.399	0.109	1.86804103679231e-73
Jam3	9.04601868359728e-78	0.292799356603531	0.379	0.094	1.92354541288013e-73
Spry2	1.51549572810914e-77	0.601987909932714	0.542	0.191	3.22255011625128e-73
Rps20	6.81507039025312e-77	0.612473158716678	1	0.993	1.44915656778342e-72
Gm15867	1.67950460767886e-76	0.279047832075095	0.233	0.043	3.57129859776833e-72
Kctd17	2.7065418263598e-76	0.415514504989676	0.475	0.157	5.75519053957148e-72
Trip10	3.28362765166705e-76	0.422601870552542	0.464	0.151	6.98230583850481e-72
Sar1a	4.21539034002266e-76	0.696234323484106	0.858	0.573	8.96360601902419e-72
Gjc1	5.45600197462433e-76	0.351768906930248	0.39	0.104	1.16016425988412e-71
Tfpi	8.72268732642451e-76	0.46621836340932	0.514	0.178	1.85479223309091e-71
Oat	9.79193078380928e-76	0.605453029835718	0.893	0.525	2.0821561618692e-71
Rras	1.24675526948112e-75	0.680720722002879	0.789	0.416	2.65110040502464e-71
Tead1	1.25361387662566e-75	0.461989082495788	0.542	0.184	2.66568454725681e-71
Ahnak	2.08892114736098e-75	1.01298613357972	0.987	0.854	4.44188192774839e-71
Cc2d2a	2.17497303651697e-75	0.41793455976105	0.355	0.095	4.62486266484969e-71
Tgfbr2	2.88740281207009e-75	0.854215155684407	0.913	0.597	6.13977333958584e-71
Ndufa4l2	3.5604397652171e-75	0.324789307574813	0.179	0.025	7.57091911675765e-71
Cttn	4.08385263028332e-75	0.46878105176676	0.488	0.167	8.68390423303444e-71
Zhx3	1.05145429851081e-74	0.344635228416025	0.34	0.086	2.23581242035338e-70
Clec11a	1.53167646072589e-74	0.441136277312386	0.316	0.078	3.25695682608754e-70
Tns1	1.74139656858664e-74	0.44647017127859	0.569	0.201	3.70290566344264e-70
Meis1	3.33544834048824e-74	0.434280432331178	0.508	0.173	7.0924973512142e-70
Hoxb2	4.81466714069848e-74	0.31406462274351	0.355	0.093	1.02379082079812e-69
Carhsp1	6.19655069986841e-74	0.648091033745897	0.721	0.371	1.31763454082002e-69
Hes1	7.78478556953458e-74	0.379295489537689	0.573	0.206	1.65535680350583e-69
Gna11	8.63920948049679e-74	0.522862838201477	0.671	0.289	1.83704150393284e-69
Ephb3	2.09944787546826e-73	0.278658505538459	0.224	0.041	4.46426596239571e-69
Gstm5	2.76590930469536e-73	0.443276755453277	0.571	0.213	5.88142954550422e-69
Gm12840	1.9446615064468e-72	1.04861262030419	0.619	0.24	4.13512822730847e-68
Nckap1	1.99976285352487e-72	0.456248952819172	0.638	0.234	4.25229573173528e-68
Cdh11	4.52185352248969e-72	0.361101407376916	0.586	0.193	9.61526933022207e-68
Selenof	4.5241667402607e-72	0.60831323288176	0.983	0.853	9.62018815649035e-68
Sec31a	4.9475928984514e-72	0.688291981993942	0.797	0.477	1.05205615392671e-67
Pfn2	6.18880023619837e-72	0.315809854911474	0.34	0.088	1.31598648222522e-67
Bok	6.43428352822249e-72	0.272566551624908	0.251	0.051	1.36818604944123e-67
Sept8	6.47035585412766e-72	0.519726255658313	0.58	0.231	1.37585646882171e-67
Aldh2	6.48813656383116e-72	0.74047900475317	0.904	0.633	1.37963735893306e-67
Vegfc	1.13650273636908e-71	0.291144633551109	0.237	0.047	2.41665941861522e-67
Cdc42ep2	1.15351207796366e-71	0.568568863781195	0.599	0.253	2.45282808258193e-67
Ube2e2	4.27034488697061e-71	0.37889432332898	0.414	0.128	9.0804613676543e-67
Armcx2	8.25447086955317e-71	0.371865775662583	0.399	0.12	1.75523068570179e-66
Slc16a9	4.51178584623071e-70	0.353132304161047	0.251	0.054	9.59386142342498e-66
Jade1	1.73153473435849e-69	0.593315320629872	0.529	0.207	3.68193545913989e-65
Lmna	2.18017744103131e-69	0.746238339675972	0.841	0.492	4.63592931060897e-65
Nid2	5.63793446501799e-69	0.483454798175352	0.403	0.127	1.19885038464143e-64
Col27a1	5.88932325863181e-69	0.337386805399583	0.353	0.093	1.25230569771547e-64
Ablim1	8.83924981881313e-69	0.618331618087087	0.645	0.282	1.87957808147242e-64
Tcaf1	1.53045206140989e-68	0.432021013337415	0.451	0.149	3.25435326338199e-64
Fam92a	1.89753967622e-68	0.436168303238927	0.582	0.228	4.03492836751422e-64
Arhgap10	5.96514833365221e-68	0.554159951016043	0.608	0.269	1.26842914166781e-63
Qsox1	9.24693271349059e-68	0.440280645402403	0.477	0.172	1.96626777219664e-63
Gm10115	1.56084891021818e-67	0.325030869338224	0.255	0.056	3.31898912268793e-63
Rps5	1.75988974571686e-67	0.626736714668639	0.998	0.993	3.74222955529234e-63
Scn1b	2.2457328601631e-67	0.446077642753095	0.551	0.207	4.77532635385082e-63
Eng	2.63003450579482e-67	0.413529096054521	0.593	0.234	5.59250537312212e-63
Kank2	4.07350863356617e-67	0.39036980412275	0.434	0.142	8.66190875841509e-63
Cyp27a1	5.91354989463293e-67	0.463610928356271	0.453	0.151	1.25745724959475e-62
Ctsf	5.92341374876765e-67	0.473325555234819	0.499	0.184	1.25955469953795e-62
Snx21	6.0697271961151e-67	0.397446684423902	0.427	0.141	1.29066679098191e-62
Cachd1	6.65168485614122e-67	0.301229254231938	0.24	0.05	1.41441426780987e-62
Gas5	9.94719315390515e-67	0.709677497662645	0.952	0.765	2.11517115224639e-62
Laptm4a	1.44032374132688e-66	0.573555528988359	0.991	0.828	3.06270440355747e-62
Tshz1	1.51565275814246e-66	0.616216990773925	0.538	0.224	3.22288402491412e-62
Rplp1	1.60309370144911e-66	0.491902992128797	1	0.996	3.40881844676138e-62
Cp	2.72021118493671e-66	0.568873826608963	0.706	0.308	5.78425706364941e-62
Prrc1	3.19108083688854e-66	0.506689395777832	0.682	0.334	6.7855142915598e-62
Agap1	3.55619300873934e-66	0.702283959376119	0.597	0.265	7.56188881378333e-62
Tspan3	4.05117103317022e-66	0.466803178502023	0.802	0.413	8.61441008493316e-62
Tceal8	4.83643301477493e-66	0.588459036997467	0.688	0.338	1.02841911626174e-61
Lvrn	6.46366958098804e-66	0.401913831138392	0.288	0.073	1.3744346997013e-61
Pla2r1	1.20130443292205e-65	0.362255283916444	0.309	0.082	2.55445374616545e-61
Hdlbp	2.29379543155158e-65	0.719944717824652	0.943	0.719	4.87752660565127e-61
Ppib	3.06205567349408e-65	0.569992027568815	0.989	0.916	6.51115518411781e-61
Aaed1	3.65093044213895e-65	0.480037723142375	0.61	0.262	7.76333849216426e-61
S100a6	4.53343735629551e-65	0.856854983407215	0.972	0.787	9.63990119442677e-61
Mab21l2	9.14751213662888e-65	0.251632955412278	0.349	0.093	1.94512698073276e-60
B4galt1	1.95526524382315e-64	0.660022860010089	0.839	0.496	4.15767601446554e-60
Dap	2.74720134667393e-64	0.63686787574279	0.778	0.476	5.84164894356744e-60
Flrt2	6.33261146637228e-64	0.432658889538774	0.525	0.187	1.3465665022094e-59
Pard3	6.87511398994979e-64	0.303250346965125	0.331	0.092	1.46192423882292e-59
2310022B05Rik	8.89593503045889e-64	0.422331109622824	0.468	0.172	1.89163162487678e-59
Vamp5	1.00069772154714e-63	0.531254382403187	0.542	0.231	2.12788363509783e-59
3110039I08Rik	1.0578830465014e-63	0.317781668138874	0.381	0.111	2.24948251008057e-59
Sfxn1	1.20811599127381e-63	0.618567821155679	0.765	0.43	2.56893784384463e-59
Cd9	1.97133083017583e-63	0.431843875768041	0.876	0.469	4.19183787728588e-59
Scrn1	3.71510680105017e-63	0.318058308856484	0.327	0.091	7.89980310175309e-59
Acvrl1	5.89634484483877e-63	0.473419611409687	0.625	0.274	1.25379876780652e-58
Rpl21	7.64803688424091e-63	0.526928071574804	1	0.986	1.62627856306499e-58
Ifi205	1.65222182225387e-62	0.510160309546862	0.61	0.266	3.51328448284063e-58
Nnmt	1.70167843302431e-62	0.309886664255872	0.549	0.182	3.6184490199829e-58
Ggcx	3.85214469106831e-62	0.294031767939102	0.333	0.094	8.19120047108766e-58
Hmgn1	4.4058486652441e-62	0.623751179062363	0.939	0.638	9.36859660177504e-58
Ybx3	8.25048000258558e-62	0.6165479268733	0.9	0.61	1.7543820677498e-57
Ghr	9.12542623581456e-62	0.31748665527523	0.442	0.147	1.94043063478361e-57
Bace1	1.43954524906887e-61	0.378246179821424	0.392	0.129	3.06104901762004e-57
Il3ra	1.59803696071074e-61	0.505881322297635	0.575	0.259	3.39806579325533e-57
Dennd5b	1.95713690783552e-61	0.358846385537652	0.325	0.091	4.16165592082144e-57
Ppfibp1	3.73953240519408e-61	0.418105983596138	0.588	0.247	7.9517417064047e-57
Nexn	3.96095454412685e-61	0.296225650117555	0.275	0.065	8.42257374263133e-57
Rbpms	4.10871684505683e-61	0.349490407075918	0.83	0.433	8.73677549932885e-57
Aes	4.31228064331973e-61	0.665964325309235	0.902	0.592	9.16963355995508e-57
Rpl28	4.85532331149497e-61	0.475573271173861	0.998	0.992	1.03243594895629e-56
Dhrs3	5.24020330719488e-61	0.786564959724585	0.832	0.545	1.11427683124192e-56
Scd1	8.30786756482155e-61	0.355675723986463	0.373	0.116	1.76658495898365e-56
Fzd1	1.02143326264022e-60	0.317477628204683	0.373	0.115	2.17197568967816e-56
Plekhf1	2.17364058770996e-60	0.292757832291552	0.307	0.084	4.62202934570646e-56
Casp12	3.69125131830269e-60	0.38087259156644	0.464	0.165	7.84907680323884e-56
Casc4	7.21844607926453e-60	0.38169363940204	0.495	0.18	1.53493037429481e-55
Spats2l	9.63867377098445e-60	0.383106775958712	0.468	0.168	2.04956759066213e-55
Plekhh2	1.09918231778098e-59	0.333687416845117	0.351	0.106	2.33730128052948e-55
L3hypdh	2.08018793259158e-59	0.300582873417097	0.294	0.081	4.42331161986273e-55
Setbp1	2.58464747608626e-59	0.282961272080539	0.259	0.062	5.49599439314982e-55
Klf4	3.98565502062463e-59	1.51570034504365	0.791	0.543	8.47509683585622e-55
Mageh1	4.08806076866949e-59	0.318386866097123	0.34	0.101	8.69285241849879e-55
Bmpr2	4.90965931124862e-59	0.589885839609986	0.745	0.417	1.04398995594391e-54
Tnfrsf12a	6.04323253114133e-59	0.431765757719586	0.418	0.147	1.28503296542189e-54
Selenon	2.93319514007798e-58	0.48067771445893	0.575	0.262	6.23714614586181e-54
Arl1	4.3767037287205e-58	0.601376408642905	0.876	0.632	9.30662280875127e-54
Tram2	4.38625685251036e-58	0.430575029751486	0.458	0.176	9.32693657117803e-54
Mast4	5.38947844505108e-58	0.368995585614072	0.582	0.234	1.14601869655566e-53
Morf4l2	1.33962499303318e-57	0.59499470955025	0.861	0.622	2.84857858518576e-53
Tenm3	1.4779178700159e-57	0.27484535898051	0.283	0.075	3.1426445588018e-53
Rps3a1	1.82863530894877e-57	0.49568906228724	0.998	0.994	3.88841012094866e-53
Plce1	2.25803679517039e-57	0.325280371940033	0.458	0.16	4.80148944125031e-53
Tnfsf12	2.41469535616619e-57	0.555365141501495	0.693	0.357	5.13460820535179e-53
Ift27	2.41660815478516e-57	0.411780513418108	0.532	0.226	5.13867558033517e-53
Tacc2	4.47086644743627e-57	0.35141410988112	0.359	0.117	9.50685041382849e-53
Myadm	4.78673249704888e-57	0.665003374269407	0.784	0.479	1.01785079817247e-52
Nr2f2	5.19583054166005e-57	0.342331690138057	0.46	0.166	1.10484140637859e-52
Pkd1	6.48410932517767e-57	0.428288528843574	0.495	0.196	1.37878100690578e-52
Adamtsl5	7.05184122196076e-57	0.278012047825064	0.251	0.062	1.49950351743774e-52
Pttg1ip	7.68365693873404e-57	0.57259197261694	0.802	0.506	1.63385281145241e-52
Rpl36a	8.40043794971658e-57	0.525697798880249	0.998	0.969	1.78626912562773e-52
Akr1b8	1.08362002575568e-56	0.276862085785673	0.34	0.104	2.30420962276688e-52
Rpl9	1.27965755522987e-56	0.514539196253263	1	0.99	2.7210638254408e-52
Tsc22d1	5.66200514824405e-56	0.383495396006093	0.745	0.337	1.20396877472261e-51
Epn2	5.7115749684398e-56	0.375778934361734	0.427	0.152	1.21450930128904e-51
Tmem107	5.89038358522692e-56	0.338147222213363	0.342	0.109	1.25253116556265e-51
Cnpy2	7.4205656824262e-56	0.55636996744097	0.821	0.51	1.57790908671111e-51
Ddb1	1.37102188905343e-55	0.552166580304279	0.804	0.512	2.91534094488322e-51
Flnc	1.47216554082475e-55	0.318883642450166	0.355	0.112	3.13041280600976e-51
Nfic	1.73014361475907e-55	0.569531161428908	0.878	0.579	3.6789773824237e-51
Tbrg1	2.91080149649846e-55	0.521744365428906	0.852	0.509	6.18952830215433e-51
Adamtsl1	2.94719220211655e-55	0.334245910495641	0.42	0.14	6.26690949858063e-51
Ergic1	4.10977178881054e-55	0.480856525485775	0.569	0.276	8.73901873172673e-51
Ces2g	4.61037528325962e-55	0.379057345088517	0.309	0.094	9.80350200232326e-51
Slc4a4	8.28166698433286e-55	0.326063673701103	0.458	0.157	1.76101366754854e-50
Cyp20a1	8.89195356507003e-55	0.456099701105147	0.575	0.262	1.89078500607649e-50
Rab3d	1.50670163848532e-54	0.436428489643947	0.453	0.185	3.20385036407518e-50
Armcx1	1.54993619414734e-54	0.276236652577185	0.312	0.091	3.29578432323491e-50
Vangl1	1.69095066635505e-54	0.280327004170468	0.292	0.083	3.59563749693738e-50
Slc39a13	2.53481714878342e-54	0.366383129508824	0.444	0.171	5.39003518517307e-50
Sec23a	3.03023172463275e-54	0.38485453447546	0.471	0.192	6.44348473925907e-50
Rpl4	4.32948463772787e-54	0.51319798447145	0.978	0.946	9.20621613366455e-50
Ehbp1	4.77081763187669e-54	0.271941800783879	0.248	0.063	1.01446666124226e-49
Gm5425	1.16529996051831e-53	0.686610115580798	0.8	0.475	2.47789383604614e-49
Pmm1	1.47227687031342e-53	0.380987946824958	0.523	0.216	3.13064953703445e-49
Yipf5	1.75782115403981e-53	0.540791700934455	0.745	0.447	3.73783090195026e-49
Gnai1	1.96390846956721e-53	0.357914467304551	0.283	0.081	4.17605496968771e-49
Serpine1	2.38717531304047e-53	0.689675771964588	0.277	0.076	5.07608958564926e-49
C1qtnf1	2.60067764839379e-53	0.38197070568883	0.399	0.141	5.53008095154455e-49
Snx33	2.73437923270529e-53	0.283808700287204	0.292	0.084	5.81438400042453e-49
Smtn	3.14906350143455e-53	0.306257897656756	0.39	0.135	6.69616862945042e-49
Palld	3.98386789132004e-53	0.54444012339443	0.54	0.248	8.47129668410294e-49
Dst	4.27368278775243e-53	0.329549279159216	0.745	0.361	9.08755907987676e-49
Tpm1	5.12692016174045e-53	0.505975975410315	0.81	0.48	1.09018830319249e-48
Cnn3	6.47574469868224e-53	0.361228623875758	0.688	0.327	1.37700235272779e-48
Lman1	6.62875019958283e-53	0.622438589155521	0.837	0.587	1.40953744243929e-48
Eml1	8.60409126942674e-53	0.312668524894538	0.333	0.106	1.8295739675309e-48
Trim47	1.4505627199347e-52	0.437458114554739	0.542	0.239	3.08447656766916e-48
Vegfd	3.24715566895219e-52	0.469512568030546	0.281	0.083	6.90475181445993e-48
Gm38211	7.64989816585333e-52	0.252987095542143	0.187	0.039	1.62667434598705e-47
C4b	5.02030876967221e-51	0.842689812488653	0.627	0.287	1.0675184567831e-46
Gm4332	5.34566628236737e-51	0.469921075493329	0.593	0.289	1.1367024782826e-46
Arhgap24	5.46903408735612e-51	0.310676971908759	0.292	0.087	1.1629354083354e-46
Kctd11	7.93417544376446e-51	0.282728982840167	0.294	0.088	1.68712306636207e-46
Ptgir	1.90627097353085e-50	0.282844238845984	0.266	0.073	4.05349459811599e-46
Cuedc1	1.93512103697956e-50	0.340962804835767	0.416	0.155	4.11484137303335e-46
Gm1673	2.84107803116382e-50	0.25579943522004	0.312	0.095	6.04126832546675e-46
Nr1d1	2.90661052231657e-50	0.549985807261832	0.503	0.218	6.18061661465396e-46
Ier5l	3.11588963935721e-50	0.377982100774058	0.442	0.173	6.62562772912918e-46
Rpl29-ps5	3.60149476398622e-50	0.488698659101164	0.732	0.406	7.65821846614031e-46
Ddost	3.98639167591849e-50	0.531376821792944	0.913	0.679	8.47666325967307e-46
Dcbld2	9.79682985769302e-50	0.383895771229439	0.42	0.16	2.08319790093984e-45
Ginm1	1.06302526388286e-49	0.434454535733194	0.651	0.339	2.26041692112052e-45
Ak1	1.83704583751218e-49	0.284316224060375	0.264	0.075	3.90629426888591e-45
Spon1	2.04494578072885e-49	0.679908552404239	0.377	0.143	4.34837270814182e-45
Prdx4	2.08160267326858e-49	0.510016153375488	0.712	0.407	4.42631992443832e-45
Rps19	2.75301053047272e-49	0.447626388893848	1	0.989	5.85400159199718e-45
Tnks1bp1	2.77726492716335e-49	0.355692837606658	0.455	0.179	5.90557614112015e-45
Rabac1	3.007992251435e-49	0.529780032091491	0.956	0.759	6.39619472345138e-45
Plekha5	3.22578819525218e-49	0.321677844559545	0.429	0.165	6.85931601838425e-45
Gypc	4.24810173784833e-49	0.289754730244243	0.301	0.092	9.0331635353607e-45
Rbms2	4.47345335354892e-49	0.338751171401182	0.462	0.191	9.51235121098643e-45
Anpep	4.54415859796621e-49	0.424330351461891	0.451	0.186	9.66269884271536e-45
S1pr2	5.69881173055391e-49	0.365555718027987	0.407	0.157	1.21179532638498e-44
Lsp1	1.7378538079432e-48	0.663913906094408	0.874	0.54	3.69537233721042e-44
Thbs4	1.87092486931406e-48	1.22306778990719	0.124	0.02	3.97833464210941e-44
Krtcap2	1.95776559772919e-48	0.514267265166894	0.956	0.805	4.16299276701134e-44
Acyp2	2.16086853341713e-48	0.277576614100544	0.381	0.134	4.59487084945818e-44
Ugp2	2.52619243032444e-48	0.579562664302132	0.804	0.541	5.3716955838419e-44
Nrep	2.67531537347835e-48	0.3027442831341	0.224	0.056	5.68879061016436e-44
Magi3	3.78076529307451e-48	0.343419965016428	0.349	0.122	8.03941931919365e-44
Cyth3	3.84502470397573e-48	0.483348445234616	0.58	0.288	8.17606053053399e-44
Syde1	4.2008360980747e-48	0.253527733140836	0.281	0.083	8.93265787894605e-44
Cd81	4.62020707435169e-48	0.541234379578106	0.983	0.618	9.82440832290144e-44
Col6a5	5.33695420096785e-48	1.57048656945939	0.146	0.027	1.1348499412938e-43
1810055G02Rik	5.83747104682409e-48	0.266630395914535	0.298	0.094	1.24127984339667e-43
Rps12	6.26082754304107e-48	0.429347331821246	0.998	0.993	1.33130236875225e-43
Efna5	7.24260348747156e-48	0.275348801259548	0.497	0.186	1.54006720557595e-43
Yap1	8.95382340017533e-48	0.26399995837216	0.316	0.103	1.90394100781328e-43
Dnajc25	1.12903023749908e-47	0.422684122715923	0.527	0.251	2.40076989701804e-43
Dnajc10	1.28208250299155e-47	0.47322916543554	0.699	0.402	2.72622023436124e-43
Ncald	1.29669195933076e-47	0.286087225416409	0.39	0.138	2.75728578232093e-43
Nucb1	1.87037648044742e-47	0.528067210136938	0.824	0.581	3.97716854802338e-43
Airn	2.14243129612874e-47	0.253189832696318	0.261	0.075	4.55566590808815e-43
Plscr4	2.85564725980316e-47	0.358843207507544	0.42	0.164	6.07224833324544e-43
Zfp651	3.99749026191929e-47	0.267855731034955	0.29	0.089	8.50026329294519e-43
Qpct	5.16054767742914e-47	0.340891485532437	0.342	0.116	1.09733885812853e-42
Jund	7.95752026313145e-47	0.757347699235443	0.987	0.962	1.69208710875227e-42
Daam1	1.00087837443688e-46	0.377423230530518	0.497	0.217	2.12826777540258e-42
Lamp2	1.32988176336286e-46	0.524337332454782	0.983	0.86	2.82786058161478e-42
Tcea3	1.37817981193863e-46	0.342905605941001	0.466	0.184	2.93056155210631e-42
Mprip	1.45856727989371e-46	0.441805342566784	0.73	0.401	3.10149746396598e-42
Lzts2	1.59465907968691e-46	0.27869412372107	0.379	0.137	3.39088306704625e-42
S100a1	4.2785924213342e-46	0.753687427980863	0.78	0.506	9.09799892472504e-42
Yipf3	5.42479317611749e-46	0.494163008180006	0.719	0.437	1.15352802096962e-41
Bcl9l	6.60678586349611e-46	0.336634400728754	0.466	0.197	1.40486694601381e-41
Epb41l2	1.0832002932142e-45	0.552449216111503	0.769	0.508	2.30331710349068e-41
Slc38a10	1.27787274494647e-45	0.483716237859158	0.638	0.356	2.71726860485416e-41
Fundc2	1.4389586467764e-45	0.520890766861289	0.819	0.568	3.05980166650533e-41
Mpv17	1.48951271506712e-45	0.373124176225062	0.521	0.242	3.16729983731872e-41
Dtx3	1.66509867265693e-45	0.341182312311271	0.492	0.215	3.5406658175377e-41
Bag3	1.66581241319387e-45	0.401363727306988	0.562	0.276	3.54218351541545e-41
Pofut2	1.9567832705566e-45	0.421558891794612	0.647	0.358	4.16090394651155e-41
Tusc3	2.23064254583891e-45	0.44938387826702	0.551	0.278	4.74323830947186e-41
P4hb	2.49147556197443e-45	0.535509661997616	0.943	0.772	5.29787363498244e-41
Bod1	2.86383641695943e-45	0.351454803891935	0.473	0.206	6.08966175702253e-41
Wfdc1	9.74292587044158e-45	0.384771703988713	0.307	0.103	2.0717357570907e-40
Podn	2.21554540903702e-44	0.373022091571603	0.338	0.117	4.71113575777632e-40
Timp3	2.2566680474714e-44	0.253764085916106	0.553	0.247	4.79857893614319e-40
Tbc1d12	2.82888503826235e-44	0.261300487995996	0.292	0.094	6.01534114536106e-40
Gm15772	4.32645473470135e-44	0.655803802465117	0.847	0.589	9.19977334786895e-40
Tmem106b	4.75248468330747e-44	0.48346392148388	0.662	0.366	1.0105683430585e-39
Irak1bp1	5.4805648318052e-44	0.294336361672734	0.364	0.133	1.16538730583506e-39
Hyi	6.41390116348446e-44	0.411421340101814	0.603	0.304	1.36385194340334e-39
Tlcd2	6.68320184483476e-44	0.355820918630492	0.381	0.151	1.42111604028566e-39
Papss2	8.35937443348188e-44	0.250454820118523	0.296	0.098	1.77753737953559e-39
Smarca2	8.42731883399523e-44	0.476404226203955	0.695	0.394	1.79198507686075e-39
Fosb	8.70454377005107e-44	1.37482634002691	0.686	0.47	1.85093418726366e-39
Rps10-ps2	1.39241728430147e-43	0.515620013238852	0.717	0.428	2.96083611333865e-39
Rcn2	1.45848361780887e-43	0.416651419552144	0.612	0.329	3.10131956490879e-39
Ergic3	2.9213095781745e-43	0.489460876361708	0.841	0.57	6.21187268703026e-39
Arhgef12	3.94945740487832e-43	0.295683084334728	0.723	0.359	8.39812622573327e-39
Parp3	7.77201948112597e-43	0.343386934244136	0.477	0.213	1.65264222246663e-38
Atxn10	9.62412909014499e-43	0.450518371670528	0.688	0.415	2.04647480972843e-38
Tmed1	1.22204884092945e-42	0.30447631359674	0.405	0.165	2.59856465535237e-38
Gm12254	1.97752056172025e-42	0.461639383868083	0.691	0.391	4.20499972244195e-38
Nucb2	2.36289026417431e-42	0.427017121303595	0.688	0.39	5.02444985774026e-38
Ypel3	2.37012176265465e-42	0.51299703974009	0.808	0.548	5.03982691610884e-38
Ttc3	2.91966331597301e-42	0.405238008024197	0.695	0.386	6.208372075085e-38
Bcl7c	1.10141722429797e-41	0.470693743890519	0.697	0.437	2.34205358574719e-37
Zcchc14	1.3202879841044e-41	0.256297747412532	0.407	0.16	2.80746036939959e-37
Rps10-ps1	1.32130279238407e-41	0.469197293823105	0.763	0.46	2.80961825772549e-37
Mest	1.3368113679785e-41	0.267106226766753	0.172	0.039	2.84259569286947e-37
Sptan1	1.60475210796309e-41	0.44536010885437	0.786	0.505	3.41234488237272e-37
Ssbp2	1.87785509224285e-41	0.397082916619439	0.519	0.244	3.9930710681452e-37
Gata6	2.10487273989648e-41	0.31249515925859	0.373	0.136	4.47580139411588e-37
Cul7	2.14386143405555e-41	0.277503288666888	0.314	0.112	4.55870695337572e-37
Nxn	2.15437588665293e-41	0.442088809200535	0.401	0.173	4.58106488537879e-37
Cd47	3.03299537870408e-41	0.493884932768506	0.983	0.909	6.44936137327635e-37
Tmem159	5.4085642922848e-41	0.373410643687913	0.499	0.238	1.15007711111144e-36
Hoxa5	6.66865409945033e-41	0.278348521082266	0.305	0.106	1.41802260770712e-36
St3gal2	7.15838379552414e-41	0.367022114718836	0.386	0.16	1.52215873028025e-36
Bet1l	1.21179839228409e-40	0.423772954636218	0.643	0.368	2.57676810135289e-36
Spsb1	2.85132797613027e-40	0.35183024906866	0.414	0.172	6.0630638084434e-36
Ski	2.95698911975689e-40	0.45699739602326	0.826	0.552	6.28774166425106e-36
Lpp	3.65181781192708e-40	0.472737525719796	0.832	0.557	7.76522539528173e-36
Il6st	5.45876256464862e-40	0.301124267561773	0.887	0.537	1.16075127174688e-35
Dram1	7.97767274704419e-40	0.379041152550018	0.414	0.181	1.69637233293148e-35
Ptms	1.1115379670767e-39	0.461593569284628	0.969	0.802	2.3635743331919e-35
Plec	1.20069662480961e-39	0.435016643703659	0.747	0.451	2.55316130299515e-35
Rpl13	1.51876459952147e-39	0.353073339973832	1	0.995	3.22950104442246e-35
Hdac7	1.56314542463321e-39	0.302033393528351	0.418	0.176	3.32387243094005e-35
Zfp260	2.04145730101468e-39	0.37186423469984	0.545	0.277	4.34095480487762e-35
Ccn1	4.45573009073171e-39	0.471051933023058	0.325	0.116	9.47466446493192e-35
Kctd9	7.09137922134341e-39	0.251560677146238	0.266	0.088	1.50791087762646e-34
Angptl1	8.46480867515484e-39	0.395287237640538	0.12	0.022	1.79995691668492e-34
Pink1	8.97615377004543e-39	0.351151443000775	0.471	0.218	1.90868933766246e-34
Agpat4	9.9956375761223e-39	0.356951255207825	0.486	0.228	2.12547237418665e-34
Zdhhc8	1.03420966276235e-38	0.257761747741496	0.307	0.111	2.19914342689787e-34
Eef1d	1.06006418025382e-38	0.450915300559082	0.954	0.842	2.25412047289172e-34
Anxa6	1.08262386922138e-38	0.454101421895093	0.815	0.566	2.30209139551235e-34
Serf1	1.43059030539905e-38	0.356002521196528	0.442	0.205	3.04200722540054e-34
Rps2	1.54031672182103e-38	0.447042873491796	1	0.992	3.27532947728024e-34
Raph1	1.73244159598638e-38	0.56401637819878	0.645	0.385	3.68386380970545e-34
Praf2	1.75342541012086e-38	0.313099513960233	0.425	0.193	3.72848379208099e-34
Smo	2.2242644534552e-38	0.270273401364009	0.444	0.191	4.72967593382714e-34
Pebp1	3.18178505783959e-38	0.47896204421843	0.908	0.752	6.7657477469901e-34
Rpl35	3.48438766208642e-38	0.393736509759605	0.998	0.981	7.40920192466056e-34
Cbr3	3.59839732934511e-38	0.314908559197241	0.379	0.161	7.65163208111945e-34
F2r	4.33092770845051e-38	0.255542468666167	0.375	0.143	9.20928467924916e-34
Creb3l2	5.1307743484354e-38	0.371224204021163	0.516	0.256	1.0910078574513e-33
Rab13	7.04712778471007e-38	0.285376186805322	0.353	0.142	1.49850125214075e-33
Gm10260	1.04516561166211e-37	0.619900930658547	0.736	0.517	2.2224401566383e-33
Arhgap35	1.33537995988537e-37	0.26694585272137	0.342	0.134	2.83955194670025e-33
Rbbp7	1.41488027481136e-37	0.454808089830307	0.782	0.509	3.00860141635889e-33
Itga5	1.49092342139192e-37	0.365941263021668	0.427	0.189	3.17029956324779e-33
Slc50a1	1.56733471986402e-37	0.451684072045085	0.697	0.442	3.33278054831886e-33
Tmem43	2.09163848119502e-37	0.366429542829413	0.462	0.22	4.44766006641309e-33
Cbx5	3.11802273085476e-37	0.369140102878482	0.697	0.394	6.63016353488955e-33
Oaz2	3.19895936826021e-37	0.346690839954215	0.525	0.269	6.80226720066852e-33
CT010467.1	3.40144866834387e-37	0.547544352153856	0.791	0.514	7.2328404483664e-33
Csrp1	3.68999707000147e-37	0.390572359860424	0.708	0.428	7.84640976965112e-33
Rpl18a	3.86710732030214e-37	0.379994044473134	0.998	0.994	8.22301700589046e-33
Zfyve21	4.48584448053789e-37	0.362941179084995	0.471	0.228	9.53869970341576e-33
Cnpy4	6.21689372800269e-37	0.256283160317957	0.34	0.133	1.32196028232249e-32
Bmper	7.91538674903131e-37	0.285189566537907	0.2	0.058	1.68312783831402e-32
Tubb6	8.8184684490393e-37	0.534520856921799	0.673	0.423	1.87515913100372e-32
Gnb4	9.04152356929527e-37	0.294993720720322	0.431	0.189	1.92258957177495e-32
Cfl2	1.04474493899859e-36	0.39282614466688	0.684	0.4	2.22154563828661e-32
Antxr2	1.07495278391481e-36	0.495583323231447	0.608	0.355	2.28577959971644e-32
Arl3	1.5684505996143e-36	0.345761384010768	0.599	0.327	3.33515335501985e-32
Eef2	2.21296263655393e-36	0.423803794016756	0.985	0.95	4.70564375036827e-32
Rpl39	2.70231504107564e-36	0.366826030840307	0.998	0.995	5.74620270334324e-32
Prrc2b	3.05206187337231e-36	0.38653081538403	0.66	0.388	6.48990436753887e-32
Pi4k2b	3.07141743663727e-36	0.26708249522416	0.314	0.12	6.53106203726548e-32
Tcf4	3.07316097483975e-36	0.341031953769057	0.902	0.609	6.53476949689925e-32
Dtnbp1	3.41952970813999e-36	0.420822377167335	0.656	0.408	7.27128797138888e-32
Ssr2	4.44101907308767e-36	0.519089348973255	0.867	0.651	9.44338295701361e-32
Otud7b	4.77265284789043e-36	0.294726498711838	0.381	0.164	1.01485690157542e-31
Sqor	4.82019128402971e-36	0.421164548046178	0.608	0.357	1.02496547463608e-31
Rpsa	5.13869314023434e-36	0.382159140070129	1	0.991	1.09269170933943e-31
Ccser2	6.81187145424699e-36	0.318271645374578	0.545	0.275	1.44847634603108e-31
Ephx1	7.63756786347613e-36	0.256358300540267	0.464	0.206	1.62405243048956e-31
Klhdc2	8.80090333448667e-36	0.324923081521932	0.534	0.279	1.87142408504525e-31
Fkbp1a	8.92152691230748e-36	0.400509740282226	0.939	0.788	1.89707348263306e-31
Egr1	9.74840163912779e-36	0.68167369545033	0.845	0.625	2.07290012454413e-31
Wasl	1.28031996508759e-35	0.346318456999591	0.599	0.325	2.72247237376224e-31
Dstn	1.53184071448761e-35	0.363160829558131	0.939	0.784	3.25730609528646e-31
Plagl1	1.57594280802416e-35	0.258511634698216	0.233	0.073	3.35108478698257e-31
Rassf8	1.86896415020478e-35	0.276130493416794	0.329	0.131	3.97416536899545e-31
Bmp4	2.00969229384548e-35	0.372099725406392	0.316	0.122	4.27340969363302e-31
Mbtps1	2.1419323137848e-35	0.36665757768367	0.547	0.293	4.554604872032e-31
Aida	2.84453408856269e-35	0.380249623828125	0.584	0.331	6.04861728591971e-31
mt-Rnr2	3.20444909924093e-35	0.399805990764008	0.974	0.731	6.81394056462591e-31
Ank2	3.71971883764478e-35	0.260162533240094	0.386	0.162	7.90961013636787e-31
Irf2bpl	4.03463041462439e-35	0.393756962390981	0.632	0.369	8.57923811365729e-31
Jun	4.29595140906078e-35	0.816857271993867	0.943	0.831	9.13491107622684e-31
Eri3	4.46757634013122e-35	0.35436498807747	0.473	0.24	9.49985432965502e-31
9530068E07Rik	5.43847850429263e-35	0.387988973921281	0.699	0.44	1.15643806915279e-30
Tmem9	7.34692334227773e-35	0.309578589166126	0.403	0.181	1.56224977950194e-30
Sigmar1	7.89622999063243e-35	0.366347492385834	0.534	0.289	1.67905434520808e-30
Cyp7b1	8.54947520900025e-35	0.31170545220491	0.24	0.08	1.81796040844181e-30
Hdgfl3	9.53810255248311e-35	0.274659328372474	0.379	0.161	2.02818212676001e-30
Stx2	1.23715106273504e-34	0.314837770202769	0.449	0.218	2.63067801979978e-30
Mt1	1.25829926845038e-34	0.970824557931121	0.954	0.81	2.67564756443289e-30
Fyn	1.30579109005166e-34	0.392019880457341	0.68	0.405	2.77663417388585e-30
Sqstm1	1.3384864620581e-34	0.410493187927912	0.847	0.606	2.84615761292034e-30
Ifi27l2a	1.42831684884182e-34	0.655075107593397	0.967	0.813	3.03717294737725e-30
Erlec1	1.61425549407724e-34	0.415172806472814	0.645	0.396	3.43255288260584e-30
Hoxc4	1.81500566341244e-34	0.265757766151636	0.253	0.088	3.85942804268022e-30
Acadsb	1.93923858249263e-34	0.350711773104365	0.551	0.295	4.12359692181233e-30
Rcan1	2.14844141391142e-34	0.449888293047556	0.303	0.118	4.56844582254125e-30
Atp2b4	2.43169216249714e-34	0.435550965581065	0.551	0.298	5.17075021433391e-30
C1qtnf3	2.7627789058083e-34	0.256234476839743	0.107	0.02	5.87477306531078e-30
Cask	3.47964424438044e-34	0.288318550747388	0.412	0.186	7.39911552125058e-30
Enc1	4.00629851256622e-34	0.276894424456332	0.22	0.069	8.5189931571208e-30
Tm7sf3	4.42244480789646e-34	0.343356832888812	0.479	0.247	9.40388663951103e-30
Khdrbs3	5.17081794599961e-34	0.385506835133383	0.329	0.133	1.09952272803736e-29
Rps15a	5.44212424199261e-34	0.324442438194318	0.998	0.992	1.15721329881731e-29
Sash1	1.26574361877509e-33	0.324025275182486	0.719	0.424	2.69147723096335e-29
Smim14	1.43251994470778e-33	0.458530498755306	0.765	0.53	3.04611041042662e-29
Emc10	1.50888819712221e-33	0.390982327301865	0.808	0.555	3.20849986236066e-29
Tnfrsf11b	2.09275653430894e-33	0.3022760820996	0.272	0.098	4.45003749455453e-29
Hcfc1r1	3.98897561623069e-33	0.423474451527518	0.83	0.587	8.48215775035294e-29
Ccni	4.19232554972903e-33	0.400894319495039	0.693	0.451	8.9145610489438e-29
Abi2	5.58081491932478e-33	0.273808904988004	0.455	0.218	1.18670448444522e-28
Ncoa7	5.59032662493055e-33	0.424210606314411	0.593	0.341	1.18872705352523e-28
Dlg4	5.83860360988443e-33	0.265364437174068	0.312	0.124	1.24152067160583e-28
Rpl10	8.15221490440261e-33	0.365279098532413	0.998	0.983	1.73348697727217e-28
Hacd1	8.76467928725002e-33	0.274986351895705	0.305	0.123	1.86372140364085e-28
Ube2r2	1.08588557786508e-32	0.437745460327438	0.815	0.6	2.3090270927723e-28
Kdm5b	1.17530147097036e-32	0.30820866402697	0.516	0.27	2.49916104787137e-28
Serpine2	1.20261272267695e-32	0.471710166390285	0.349	0.142	2.55723569350026e-28
Rps3	1.24215943639415e-32	0.348066862547259	0.998	0.989	2.64132782554852e-28
Plp2	2.0514798245798e-32	0.328900495025158	0.641	0.364	4.36226669898648e-28
Armcx3	2.52027454435151e-32	0.334747304671207	0.56	0.308	5.35911179110905e-28
Arl4a	3.38790585838276e-32	0.470748735226789	0.481	0.258	7.20404301726511e-28
Ppp2r3a	3.82103945215014e-32	0.311431250974216	0.412	0.194	8.12505829105207e-28
Cdc42bpa	4.38288592378825e-32	0.259408726882262	0.444	0.204	9.31976862834334e-28
Cyp2d22	4.40659018246248e-32	0.259688089836018	0.329	0.135	9.37017336398821e-28
Btd	5.31332043562538e-32	0.252569659132733	0.294	0.115	1.12982445743138e-27
Arfgap3	5.52144987174516e-32	0.27374782253665	0.399	0.184	1.17408110072789e-27
Vcl	6.07936277060365e-32	0.318724015171968	0.58	0.314	1.29271569954116e-27
Impad1	6.40490107852895e-32	0.343222962783168	0.612	0.354	1.3619381653384e-27
Kif2a	6.69386511495932e-32	0.438903541717285	0.614	0.382	1.42338347804495e-27
B3gnt8	8.21271975112516e-32	0.291836120421125	0.322	0.135	1.74635272787925e-27
Pds5b	8.7708426453273e-32	0.363258939479765	0.508	0.273	1.8650319801024e-27
Tsen34	9.54738221650556e-32	0.345023128823484	0.651	0.389	2.03015535451774e-27
Rhoq	9.95081521865532e-32	0.389664780728784	0.617	0.378	2.11594134809487e-27
Fech	1.30750099151989e-31	0.326238298798216	0.468	0.246	2.78027010836789e-27
Rps24	1.52258863902474e-31	0.3226378863839	1	0.997	3.2376324820222e-27
Cpd	1.94937137444516e-31	0.30295606951558	0.614	0.342	4.14514329062018e-27
Cxcl5	1.98084243132372e-31	1.76530665473921	0.159	0.044	4.21206334596676e-27
Igf1r	2.07699239862191e-31	0.324439778729525	0.521	0.276	4.41651663642963e-27
Thap12	2.37543794744713e-31	0.329180318103919	0.521	0.283	5.05113125145158e-27
Rpl8	2.42367380285272e-31	0.312586812926612	1	0.993	5.15369997438602e-27
Ptprs	2.71581183473336e-31	0.304346570405894	0.527	0.286	5.77490228537703e-27
Tmsb10	3.7734023399972e-31	0.390142866889821	0.991	0.922	8.02376273577005e-27
Plin3	4.69582641047424e-31	0.367206229627013	0.636	0.399	9.98520527923243e-27
Tmem59	4.98516863054538e-31	0.402052489186634	0.93	0.787	1.06004625759917e-26
Rpl23	1.50180406264475e-30	0.318568228539245	1	0.996	3.1934361588078e-26
Etfa	1.9703586889119e-30	0.403331090037551	0.739	0.508	4.18977071610227e-26
Rab12	2.23966792173019e-30	0.318032600363987	0.625	0.368	4.76242986876708e-26
Fcgrt	2.7978612895902e-30	0.324626425125571	0.887	0.653	5.9493722461846e-26
Mcrip1	4.67047884856711e-30	0.38277518478044	0.741	0.54	9.9313062235931e-26
Plpp5	5.13799350520481e-30	0.257832461995643	0.368	0.17	1.09254293894675e-25
Rpl7a	6.77455007959978e-30	0.314929516040276	0.989	0.978	1.4405403289261e-25
Capn2	6.96393971066812e-30	0.375665517735668	0.63	0.391	1.48081214007647e-25
Gpr180	9.47954759864211e-30	0.261478065268838	0.379	0.179	2.01573100137526e-25
Cast	9.65113864137195e-30	0.418159854137129	0.821	0.618	2.05221812070133e-25
Cmtm3	1.00857956158937e-29	0.357923628047644	0.632	0.385	2.14464357976363e-25
Flnb	1.19351389207085e-29	0.263476643824001	0.425	0.203	2.53788794009946e-25
Pck2	1.51452427416463e-29	0.269262115179972	0.342	0.152	3.22048441658367e-25
Atl3	1.6957668905593e-29	0.347751636168526	0.649	0.399	3.60587871608529e-25
Ccdc85b	1.76398787855102e-29	0.293871442648489	0.688	0.436	3.7509438249509e-25
Pdlim1	1.89493785956087e-29	0.302131023808689	0.608	0.341	4.02939586457023e-25
Ptpn9	1.91148248325136e-29	0.285473144007836	0.49	0.263	4.0645763523857e-25
Slc12a4	2.9024917906919e-29	0.260762854179204	0.344	0.155	6.17185854372726e-25
Mrfap1	4.08072472893923e-29	0.37820851039462	0.943	0.832	8.67725306361637e-25
Myc	7.11485242939354e-29	0.488692255366195	0.327	0.149	1.51290222058624e-24
Nfe2l1	1.03906397654143e-28	0.38571663480578	0.78	0.542	2.20946563971769e-24
Ostc	1.04243549745345e-28	0.459319876497422	0.889	0.728	2.21663484178502e-24
Gm13611	1.08771731957988e-28	0.342771138433209	0.521	0.297	2.31292210835465e-24
Slc39a1	1.35759002898427e-28	0.465637206064438	0.804	0.607	2.88677943763215e-24
Copb2	1.78571158958322e-28	0.404523943519488	0.826	0.622	3.79713712408975e-24
Dock7	2.08097498117885e-28	0.335512040013343	0.512	0.291	4.42498519997871e-24
Mir6236	2.18390865224082e-28	0.49769692788096	0.806	0.557	4.64386335812489e-24
Col4a5	2.58636885630607e-28	0.345983388792114	0.255	0.1	5.49965473604923e-24
Itgav	2.70766567604468e-28	0.342695282226391	0.658	0.399	5.75758029354141e-24
Dhrs7	3.18524223912113e-28	0.338238470879262	0.664	0.426	6.77309909726717e-24
Errfi1	3.6426050947508e-28	0.790686759617499	0.527	0.306	7.74563547347811e-24
Igsf8	3.67165143509377e-28	0.340040499926028	0.556	0.323	7.80739961158339e-24
Fkbp5	3.77531505230442e-28	0.256860663558486	0.377	0.178	8.02782992722011e-24
Rps8	3.88393861911737e-28	0.294473147382476	1	0.997	8.25880707969118e-24
Plod1	4.18265292606868e-28	0.367611210510662	0.558	0.331	8.89399318199244e-24
Sept7	6.01002826275732e-28	0.40678759442706	0.932	0.819	1.27797240979272e-23
Chst12	6.33293424743503e-28	0.32087514068585	0.488	0.273	1.34663513837458e-23
Rpl36	6.8603634468144e-28	0.293648924955235	0.996	0.994	1.45878768333061e-23
Rps27	7.68905981767468e-28	0.306679880383207	0.998	0.994	1.63500167963034e-23
Gorasp2	7.92525301540261e-28	0.332158566042404	0.645	0.424	1.68522580119521e-23
Wls	8.61040017274468e-28	0.376384767627191	0.734	0.502	1.83091549273243e-23
Tspan4	9.13403422115842e-28	0.35798862978328	0.573	0.328	1.94226103678713e-23
Sdc1	9.32408750276628e-28	0.404806855674355	0.205	0.071	1.98267396658822e-23
Man1a2	9.40197595471206e-28	0.343401540892103	0.686	0.454	1.99923616700997e-23
Rpl14	1.23538149791451e-27	0.308848657690742	0.998	0.975	2.62691521716542e-23
Tnfrsf1a	1.53963078708905e-27	0.382071315784272	0.874	0.659	3.27387090566615e-23
Ifitm1	1.83252821500364e-27	0.624709181112793	0.54	0.325	3.89668799638373e-23
Ifi211	2.59757428916732e-27	0.256154666029417	0.691	0.436	5.52348196848539e-23
Mpp6	2.94081441379735e-27	0.461095175113853	0.669	0.436	6.25334776949869e-23
Grem1	3.27618010238723e-27	0.819830327405101	0.174	0.055	6.96646936971621e-23
Ext2	4.48870354423329e-27	0.299426962576227	0.54	0.311	9.54477921645768e-23
Golt1b	6.87742299400797e-27	0.314490905191111	0.462	0.257	1.46241522544585e-22
Rhou	7.8427381483104e-27	0.287979773962348	0.556	0.3	1.66767983985672e-22
0610037L13Rik	8.4281266137438e-27	0.282995042939578	0.436	0.23	1.79215684314648e-22
Srm	1.15998781385909e-26	0.324970683181766	0.521	0.303	2.46659808738998e-22
Rgmb	1.26753805905948e-26	0.280283905558749	0.418	0.209	2.69529292878408e-22
Sec22b	1.3404235486845e-26	0.360151892488393	0.582	0.373	2.85027663392271e-22
App	1.52275584736911e-26	0.330640612064377	0.991	0.865	3.23798803384568e-22
Efnb1	1.86466553371722e-26	0.269136263837039	0.331	0.15	3.9650247908963e-22
Dpysl2	3.66621967754542e-26	0.360870911813064	0.821	0.602	7.79584952233259e-22
Rpl3	3.75344584949909e-26	0.286837721005016	0.996	0.985	7.98132725437485e-22
Myof	4.08899431210186e-26	0.34705502314567	0.741	0.488	8.69483750525341e-22
Slco3a1	4.23941810208066e-26	0.268651979050929	0.525	0.298	9.01469865226431e-22
S100a10	4.41940359603029e-26	0.575417296902176	0.908	0.79	9.39741980659881e-22
Por	6.14429111675093e-26	0.357456798454067	0.778	0.531	1.30652206306592e-21
Socs5	7.99158602807584e-26	0.256810474417561	0.346	0.165	1.69933085301005e-21
Gm9616	8.78364885939546e-26	0.280604621307199	0.414	0.219	1.86775509346185e-21
Ift20	1.47405937891056e-25	0.389462177452942	0.83	0.636	3.13443986331542e-21
Scyl1	1.79821446315401e-25	0.278387474539242	0.471	0.264	3.82372323445068e-21
Glt8d1	1.79897066451377e-25	0.289934680891055	0.379	0.192	3.82533122102208e-21
Sh3pxd2b	1.97118191700438e-25	0.350092075782245	0.51	0.296	4.19152122831812e-21
Esyt2	2.22765675141477e-25	0.318504056860706	0.617	0.38	4.73688931620837e-21
Dnpep	2.4071139591976e-25	0.301261709909237	0.521	0.313	5.11848712283778e-21
Sap30l	2.45161146599754e-25	0.316267123078213	0.606	0.379	5.21310662129717e-21
Zbtb4	2.75729335078703e-25	0.264071080536368	0.468	0.255	5.86310858111354e-21
Nr2f6	2.86667859420957e-25	0.274508601295466	0.451	0.244	6.09570536272723e-21
Smad5	3.15482392660689e-25	0.299966677959148	0.449	0.243	6.70841759753688e-21
Copg1	4.871480844041e-25	0.31674884970673	0.586	0.376	1.03587168667688e-20
Anapc5	6.31568777481001e-25	0.316740257549257	0.732	0.511	1.3429678484356e-20
Nisch	1.7526071491892e-24	0.353558588118535	0.826	0.621	3.72674384203592e-20
Ifitm2	1.79661794018003e-24	0.31513193889774	1	0.908	3.82032838799881e-20
Zfp771	2.02293110783133e-24	0.260931255380248	0.468	0.261	4.30156070769254e-20
Smurf2	2.11156989510195e-24	0.279112459937782	0.464	0.255	4.49004222494478e-20
Stk39	2.30509653669716e-24	0.313291211024069	0.37	0.188	4.90155727563285e-20
Trim35	2.32236924646053e-24	0.259292105324649	0.634	0.399	4.93828596567367e-20
Tex264	2.52666972099282e-24	0.299821360382893	0.588	0.361	5.37271049471913e-20
Plau	2.70943013282125e-24	0.276546616334384	0.336	0.159	5.76133223443112e-20
Scpep1	3.74903444633124e-24	0.33389260558438	0.741	0.518	7.97194684667876e-20
Smim7	4.3831436757795e-24	0.357289426107089	0.641	0.447	9.32031671217753e-20
Lrpap1	4.44992805586054e-24	0.352714155512711	0.736	0.539	9.46232701798185e-20
Arhgap21	4.58568344923865e-24	0.262329368570294	0.34	0.165	9.75099728646107e-20
Dlgap4	6.28518069008853e-24	0.327430049286793	0.584	0.374	1.33648082194043e-19
Triobp	6.70308574278742e-24	0.339895077080094	0.468	0.28	1.42534415234632e-19
Mia3	8.58663783720195e-24	0.341202754662008	0.704	0.498	1.82586266970262e-19
2900097C17Rik	9.98292893711734e-24	0.374746542498094	0.765	0.573	2.12277000918863e-19
Atraid	1.21206213845415e-23	0.319061993466002	0.675	0.457	2.57732893120891e-19
Cbx3	1.34908828104733e-23	0.36647293833834	0.893	0.737	2.86870132081904e-19
Slc25a24	1.35176114143019e-23	0.308003159353887	0.475	0.274	2.87438489113715e-19
Mxd4	1.97677472696841e-23	0.34925921509667	0.756	0.54	4.20341377942562e-19
Cdc16	2.07216927670239e-23	0.25190378534593	0.416	0.227	4.40626074997996e-19
Eif3f	3.11111875048174e-23	0.334456012086525	0.943	0.875	6.61548291102436e-19
Aamdc	3.4127503281684e-23	0.254750081513071	0.394	0.206	7.25687229781729e-19
Ech1	3.43763390562063e-23	0.363878223478243	0.789	0.589	7.30978473691172e-19
Rdx	5.85661573239371e-23	0.317486971608007	0.85	0.664	1.2453507693362e-18
Rpl7	1.44167395207186e-22	0.27542296651346	0.998	0.982	3.06557549168561e-18
Rasl11a	1.68230298978964e-22	0.411910423900944	0.251	0.107	3.5772490774887e-18
Rdh10	2.15704315036941e-22	0.273726002133127	0.346	0.169	4.58673655494551e-18
Setd7	3.3466341350081e-22	0.283921785456108	0.49	0.286	7.11628282468123e-18
Tubb4b	4.32540916493969e-22	0.36048972556791	0.732	0.503	9.19755004832776e-18
Cyb5r3	5.22232767850581e-22	0.280561246639686	0.693	0.457	1.11047575755747e-17
Ilk	8.66035747222856e-22	0.323895855989014	0.728	0.536	1.84153841289468e-17
Stub1	9.28803322902401e-22	0.316686027402221	0.802	0.602	1.97500738581967e-17
Lpgat1	9.87787862360928e-22	0.343589358515915	0.586	0.391	2.10043211052428e-17
Nr3c1	1.22774806481734e-21	0.303210711881872	0.786	0.586	2.61068348502758e-17
Rpn2	1.48986665934182e-21	0.306913949982743	0.88	0.709	3.16805246442444e-17
Idh1	1.63393151733356e-21	0.261155507509626	0.627	0.404	3.47439197845809e-17
Tnc	1.82012111010799e-21	0.688990077611793	0.198	0.077	3.87030552853363e-17
Rpl10a	1.98202656246604e-21	0.30518675238753	0.998	0.979	4.21458128242779e-17
Dnajb4	2.36890496271293e-21	0.253684353209108	0.412	0.225	5.03723951271277e-17
Akt2	4.69336000331029e-21	0.311511035912034	0.599	0.396	9.97996071103899e-17
Ak3	6.67250093838988e-21	0.254318185731911	0.514	0.308	1.41884059953922e-16
Rpl37a	8.31633756767199e-21	0.260194791624636	1	0.997	1.76838602038977e-16
P4ha1	9.03185808975772e-21	0.408920246932865	0.656	0.479	1.92053430420608e-16
C1galt1	1.06552176121554e-20	0.265633375224023	0.527	0.322	2.26572547304872e-16
Sec11a	1.11212819602344e-20	0.308312623217713	0.804	0.657	2.36482939602425e-16
Tax1bp3	1.2317036992719e-20	0.259209885385458	0.59	0.385	2.61909474613176e-16
Creb5	1.57334492343052e-20	0.381899808185375	0.495	0.302	3.34556064518266e-16
Slc38a2	2.04169666702556e-20	0.427405980503964	0.88	0.719	4.34146379276316e-16
Dynll1	2.15746908403343e-20	0.30796667692199	0.974	0.88	4.58764226028868e-16
Itm2c	3.14267375165058e-20	0.273767950677681	0.88	0.703	6.6825814655098e-16
Wnt4	5.17790459615951e-20	0.48626760865265	0.214	0.092	1.10102963332736e-15
Surf4	5.84449201772927e-20	0.353633686162451	0.802	0.629	1.24277278264995e-15
Ccdc127	6.03128379481784e-20	0.261661376766419	0.529	0.34	1.28249218613007e-15
AL603804.1	7.53295005945822e-20	0.252823933712882	0.414	0.237	1.6018065006432e-15
Glg1	8.29966803370748e-20	0.331997435786107	0.758	0.572	1.76484141068756e-15
Shc1	8.40099403382597e-20	0.275853182209482	0.479	0.298	1.78638737135275e-15
Jup	8.50146263108596e-20	0.259692332001649	0.442	0.255	1.80775101387412e-15
Xdh	9.15290975294431e-20	0.290316171325676	0.712	0.486	1.94627472986608e-15
Serinc1	9.38640665701616e-20	0.281964144338567	0.852	0.666	1.99592551154792e-15
Lasp1	1.00500436267762e-19	0.315254447174342	0.662	0.467	2.1370412767977e-15
Sdf2	1.09612687298188e-19	0.284956422578548	0.651	0.448	2.33080418270867e-15
Tmed9	1.09750487034061e-19	0.314907298470725	0.891	0.788	2.33373435629227e-15
Rab2a	1.36846573508161e-19	0.30180030744492	0.915	0.812	2.90990553907753e-15
Adam33	1.72709435323203e-19	0.275992517949243	0.246	0.113	3.67249343271258e-15
Hspa13	1.87959485792161e-19	0.266311169399961	0.464	0.283	3.99677050588452e-15
Pigp	4.34898294711028e-19	0.253076479496879	0.569	0.357	9.24767733873531e-15
Cltb	4.76196056700848e-19	0.333071985963891	0.658	0.482	1.01258329496868e-14
Copa	5.97742298021026e-19	0.318633019270953	0.771	0.59	1.27103922251191e-14
Naxd	6.32038171208336e-19	0.269706346580304	0.577	0.382	1.34396596725741e-14
Itgb1	8.00949194842185e-19	0.319970833583635	0.974	0.89	1.70313836791242e-14
Sh3gl1	8.66594342900804e-19	0.261321709296532	0.525	0.344	1.84272621074427e-14
Add1	1.25164993762222e-18	0.297618714320645	0.697	0.5	2.66150842735989e-14
Nptn	2.11132679014255e-18	0.311327606132781	0.795	0.649	4.48952528655912e-14
Tmed2	2.17411239686065e-18	0.274994789047018	0.893	0.783	4.62303260068448e-14
Cdk8	2.32316814932011e-18	0.260067977074784	0.397	0.229	4.93998475271428e-14
Anxa7	3.11455945294917e-18	0.257486124444766	0.608	0.406	6.62279922075112e-14
Sec13	3.3163457096119e-18	0.30118846299958	0.634	0.468	7.05187751691874e-14
Bex3	3.63893120121081e-18	0.316517227537136	0.564	0.386	7.73782330625467e-14
Tram1	4.65131888387662e-18	0.320007727846546	0.83	0.698	9.89056447467525e-14
Hook3	6.15886599027248e-18	0.319069128848262	0.739	0.563	1.30962126417154e-13
Map1lc3b	7.46750604515e-18	0.278229974329323	0.956	0.861	1.5878904854407e-13
Arl5a	8.3671081532458e-18	0.25142453138352	0.569	0.378	1.77918187770619e-13
Scarb2	9.55230052782594e-18	0.267733269594951	0.702	0.51	2.03120118423691e-13
Yif1a	9.58296835053568e-18	0.267465825403674	0.562	0.386	2.03772239005791e-13
1110038B12Rik	1.01892500840835e-17	0.316002040178449	0.49	0.326	2.16664213787951e-13
Sec62	1.24524315045322e-17	0.282016588233471	0.956	0.826	2.64788503512373e-13
Ntan1	1.4155509068445e-17	0.257871840085059	0.671	0.474	3.01002744831415e-13
Swi5	1.44719014495211e-17	0.341213010938735	0.898	0.765	3.07730512422616e-13
Capns1	1.69345214841335e-17	0.28091738507618	0.935	0.827	3.60095664838614e-13
Cpt1a	2.5316114048025e-17	0.264635900032212	0.532	0.352	5.38321849117203e-13
Fos	3.68452912699752e-17	0.607755334044239	0.863	0.837	7.83478273564752e-13
Tfdp2	3.99271128873358e-17	0.254320784667194	0.401	0.234	8.4901012843631e-13
Colgalt1	4.79201444630063e-17	0.268079189655331	0.704	0.505	1.01897395186137e-12
Prdx2	4.86659618627245e-17	0.321283654883055	0.885	0.746	1.03483301304897e-12
Rab18	5.37705735291311e-17	0.27969103537327	0.752	0.575	1.14337747552344e-12
Zfp385a	8.7212724566648e-17	0.340307960674046	0.41	0.258	1.8544913751852e-12
Timp1	8.76184974973878e-17	2.22003659076102	0.566	0.371	1.86311973078445e-12
Svbp	1.07279555781805e-16	0.251925502187808	0.669	0.48	2.2811924741443e-12
Ramp1	1.16786458655835e-16	0.274813075666492	0.388	0.23	2.48334725685768e-12
Atxn7l3b	1.46998585219806e-16	0.281813861124417	0.891	0.754	3.12577791611395e-12
Appbp2	1.48574819816513e-16	0.254266382768344	0.542	0.37	3.15929496857834e-12
Dpp4	3.04232567090664e-16	0.295593261122935	0.349	0.201	6.46920130661587e-12
Tmem65	3.7988550842345e-16	0.258766190767943	0.425	0.265	8.07788545111624e-12
Sema3c	5.76351073878517e-16	0.354576969228876	0.29	0.147	1.22555292349528e-11
Nck1	6.689535039704e-16	0.259163934499619	0.588	0.418	1.42246273084266e-11
Foxo1	8.40311337998345e-16	0.250669498486616	0.42	0.261	1.78683802911968e-11
Sec61a1	8.46945460999564e-16	0.259724136796301	0.728	0.539	1.80094482826947e-11
Eid1	1.39276930542589e-15	0.294439131115071	0.834	0.681	2.96158465105761e-11
Spcs1	3.73267330265411e-15	0.266997183326062	0.856	0.733	7.9371565107637e-11
Aff4	4.07182713170202e-15	0.255484288898953	0.699	0.521	8.65833321285118e-11
Impdh2	4.22975736102343e-15	0.253255864076913	0.601	0.422	8.99415605248021e-11
Crybg3	6.23990668443206e-15	0.252306090707872	0.497	0.333	1.32685375737763e-10
Gm26532	6.73713175838315e-15	0.454973658437869	0.553	0.402	1.43258369710259e-10
Dad1	7.14068177865732e-15	0.299327175092894	0.93	0.839	1.51839457341369e-10
Eef1b2	8.82526088965299e-15	0.255535058661264	0.985	0.952	1.87660347557581e-10
Rrbp1	1.01417084146014e-14	0.294993160474892	0.985	0.945	2.15653287728085e-10
Fuca1	1.02490423966719e-14	0.295529423212281	0.752	0.587	2.17935637522832e-10
Eprs	1.44607514371801e-14	0.2975631204982	0.747	0.586	3.07493418560197e-10
Pura	1.8876033904299e-14	0.251267113282856	0.813	0.639	4.01379984941014e-10
Txnip	2.06959647384393e-14	0.328899374577704	0.891	0.759	4.40078994198172e-10
Stt3a	4.26365322991052e-14	0.2603720965689	0.66	0.517	9.06623222808173e-10
Rnf10	6.44708361746349e-14	0.267350367464176	0.728	0.571	1.37090786041744e-09
Maff	1.17727363095093e-13	0.255291327255503	0.292	0.162	2.50335464885405e-09
Thbs1	1.60618958571021e-13	0.264918428572332	0.577	0.389	3.41540153505419e-09
Ptn	2.5358500944717e-13	0.895198819829253	0.316	0.191	5.39223164088462e-09
Slc39a14	6.28278922766632e-13	0.367099302369284	0.292	0.175	1.33597230137097e-08
Klf2	7.31018135008701e-13	0.56435863175166	0.728	0.629	1.5544369622825e-08
Ssr3	2.09424747540284e-12	0.259256385183079	0.863	0.739	4.4532078316966e-08
Eef1g	2.79263633891807e-12	0.272275127185045	0.95	0.842	5.93826191107538e-08
Kcnq1ot1	7.31608769335229e-12	0.462338605243839	0.545	0.401	1.55569288711443e-07
Srpr	8.51481159260545e-12	0.274543287145309	0.725	0.594	1.81058953705162e-07
Mlec	5.13427908449271e-11	0.264992503813331	0.664	0.536	1.09175310452653e-06
Ier2	6.20273690847856e-11	0.479478119803874	0.782	0.745	1.31894997621888e-06
Gadd45g	8.84961383127299e-10	0.627759009280432	0.429	0.325	1.88178188508189e-05
Lcn2	4.94919748001974e-09	1.7998800552112	0.285	0.195	0.00010523973521514
Lars2	9.3079083949986e-09	0.306220953214512	0.963	0.955	0.00019792336411125
Celf2	1.28066818666311e-08	0.281305228312732	0.871	0.785	0.000272321283212043
