id	p_val	avg_log2FC	pct.1	pct.2	p_val_adj
Gata3	0	2.3858123584996	0.77	0.069	0
Il2ra	0	1.96963893135097	0.758	0.048	0
Cxcr6	0	2.45776402128828	0.863	0.081	0
Tcrg-C1	0	1.28238210537479	0.406	0.018	0
Bcl11b	0	1.44659756755409	0.746	0.064	0
Il7r	0	2.45517536054348	0.832	0.085	0
Itk	3.47104435672237e-303	1.39204781760966	0.715	0.073	7.38082872013445e-299
Podnl1	1.75554291817315e-293	0.895038751872336	0.414	0.021	3.73298646120339e-289
Trbc2	2.02670287959467e-291	2.26292873465607	0.914	0.131	4.3095810031701e-287
Lat	4.08976164791768e-289	1.53798844767023	0.715	0.077	8.69646916813216e-285
Skap1	4.91147668121464e-288	1.72646850253402	0.824	0.107	1.04437640149348e-283
Tespa1	7.07232714252951e-282	1.09027701775198	0.516	0.038	1.50385964358747e-277
Tnfrsf18	6.77478142742469e-272	2.01769683133767	0.793	0.111	1.44058952272759e-267
Klrg1	1.12951861533092e-270	1.19957339217466	0.371	0.018	2.40180838363968e-266
Gimap3	1.64379596172753e-256	2.12712379674609	0.84	0.127	3.49536773301742e-252
Ptprcap	1.16905648721743e-252	1.88501688415586	0.918	0.155	2.48588171441914e-248
Icos	1.54952819062038e-248	1.7497731838458	0.656	0.076	3.29491674453518e-244
Il1rl1	1.98162851202181e-246	2.2504874929709	0.551	0.053	4.21373486796317e-242
Calca	1.32728758490254e-230	1.73116225748362	0.25	0.009	2.82234432053676e-226
Areg	2.23820107419408e-227	2.72870554633515	0.363	0.022	4.75931076416628e-223
Cd3g	9.83895737823803e-227	2.04263313005881	0.703	0.096	2.09215589690853e-222
Il5	1.30197970731869e-215	2.09410004120314	0.195	0.005	2.76852964964245e-211
Zap70	1.33499489956996e-212	1.12495291433892	0.609	0.075	2.83873315444556e-208
Il4	3.2984831730103e-193	2.40241677074105	0.277	0.014	7.0138946190891e-189
Klk8	5.03884616092105e-193	1.11006213295298	0.57	0.072	1.07146024765825e-188
Ltb	2.19682421419548e-192	2.37177705752982	0.824	0.175	4.67132700906527e-188
Tnfrsf25	3.81391666634612e-191	0.599896165808111	0.289	0.016	8.10991239931838e-187
Sept1	1.24834246131888e-188	1.61986591218065	0.852	0.188	2.65447540974847e-184
Gimap1	1.8813406772645e-186	1.47817729823078	0.844	0.172	4.00048281613523e-182
Il17rb	1.86712045259822e-179	0.534046036621107	0.188	0.006	3.97024493040485e-175
Cd3e	4.00464696483196e-178	1.69143497604478	0.613	0.089	8.51548130601867e-174
Slc6a13	1.18346553361606e-172	0.56025139237678	0.246	0.013	2.51652111068119e-168
Neb	6.03220011654056e-167	0.783580056619477	0.309	0.022	1.28268703278118e-162
Tcrg-C4	4.24487707823478e-166	1.09038159743045	0.391	0.037	9.02630661915844e-162
Cd69	9.06369380706648e-165	2.11458833734973	0.703	0.132	1.92730385113462e-160
Cd3d	1.81493889682658e-164	1.99569093722609	0.609	0.097	3.85928607021203e-160
Cd40lg	1.8754942361273e-160	0.676395553043759	0.203	0.009	3.98805094370109e-156
Krt83	2.1670382823472e-160	0.72130689703538	0.195	0.008	4.6079902035831e-156
Ly6g5b	9.43034869827653e-157	0.480559750415532	0.191	0.008	2.00526934720152e-152
Il27ra	6.16549651130951e-155	0.72590311190737	0.441	0.052	1.31103117816485e-150
Lif	8.33101018367964e-155	1.00961227072107	0.289	0.021	1.77150600545764e-150
Csf2	3.95458243154818e-154	1.11571368640053	0.184	0.007	8.40902408244406e-150
Ccdc184	5.29159563255011e-150	0.47225756788363	0.145	0.004	1.12520489530545e-145
Tnfrsf4	6.48407061796416e-149	2.12820103707003	0.422	0.05	1.3787727762039e-144
Xlr4a	9.09701714931961e-148	0.764052958590911	0.367	0.037	1.93438972663132e-143
Cyp11a1	6.7024363976753e-147	0.68309351865446	0.137	0.004	1.42520607560168e-142
Gimap4	8.99316423421194e-142	1.51216177074088	0.758	0.167	1.91230644276283e-137
Il13	5.59315090667956e-137	2.84932054845248	0.223	0.014	1.18932760879634e-132
Ccr4	1.07487363906673e-136	0.412394380180768	0.188	0.009	2.28561130611149e-132
Gimap8	2.16795416028558e-136	0.859412633143122	0.543	0.088	4.60993772643126e-132
Sh2d2a	9.27587475971592e-134	0.861592226587271	0.613	0.109	1.97242200890599e-129
Tmem64	4.43113366119796e-133	1.43092716983638	0.633	0.137	9.42236261717135e-129
Il2rb	9.15575991157016e-131	0.967866122417839	0.691	0.135	1.94688078759628e-126
Inpp4b	1.53079318882539e-128	1.20649995809568	0.621	0.127	3.2550786367183e-124
Tnfsf11	1.88334343588392e-128	0.624564105778534	0.223	0.015	4.00474148206357e-124
Xlr4c	4.82608959600727e-127	0.532623185584686	0.281	0.025	1.02621969169499e-122
Itgb7	1.13282426618263e-126	1.41510510438681	0.762	0.211	2.40883751961074e-122
Tbc1d10c	1.62566054478457e-126	0.885018160269607	0.559	0.102	3.4568045824299e-122
Cd226	1.51612429488721e-125	0.999784623717054	0.449	0.065	3.22388670064816e-121
Ets1	2.46416930022634e-124	1.48476400670726	0.902	0.302	5.23980960000129e-120
Pcsk1	1.7558702926277e-121	0.313008333269876	0.105	0.003	3.73368259024354e-117
Hcst	1.86672501614491e-120	1.54508419249633	0.859	0.308	3.96940407433053e-116
Trbc1	3.02988941300588e-120	1.64783195164557	0.566	0.107	6.44275684781571e-116
Samsn1	5.18864047783115e-119	1.94292780269612	0.887	0.358	1.10331251120601e-114
Gimap6	5.73812621305441e-119	1.36115206186076	0.742	0.191	1.22015515794389e-114
Spn	7.05512402480181e-118	0.979453957097536	0.602	0.127	1.50020157263386e-113
Il2rg	7.70128494828366e-118	1.5768890865562	0.902	0.385	1.63760123140304e-113
Actn2	7.19301911894543e-117	0.596772787595024	0.195	0.012	1.52952358545256e-112
Ikzf3	2.26976130367901e-115	0.981621457922746	0.473	0.079	4.82642043614304e-111
Trac	1.34720326203698e-107	1.25414525120323	0.484	0.087	2.86469301639543e-103
Izumo1r	1.07992994978472e-106	0.893120198278519	0.25	0.023	2.29636304522223e-102
Gimap5	5.0333809088084e-106	0.98227178179185	0.586	0.127	1.07029811644902e-101
Pdcd1	1.61469628686638e-104	0.632970959156923	0.258	0.025	3.43349018439266e-100
St6galnac3	1.31529357282094e-103	0.55787671411568	0.344	0.045	2.79684025324646e-99
Camk4	3.32693774631788e-103	0.516473505643423	0.289	0.032	7.07440042377034e-99
Stat4	6.50977307950521e-103	0.936684486475665	0.602	0.137	1.38423814762599e-98
Fam102a	5.68411848246681e-101	1.15230719731432	0.648	0.183	1.20867095411174e-96
Acap1	1.91207252383124e-99	0.696405577696054	0.453	0.082	4.06583101467476e-95
Ctla4	1.90892608377969e-98	1.90736715546024	0.477	0.094	4.05914042454912e-94
Xlr4b	4.73663370943637e-97	0.676487596351887	0.41	0.07	1.00719779197455e-92
Thy1	4.56384995132097e-95	1.29512221981981	0.652	0.182	9.70457053648892e-91
Rinl	9.8895037782153e-95	1.11972376042827	0.688	0.212	2.1029040833997e-90
Cd5	6.31550588172819e-93	0.606231215074749	0.285	0.035	1.34292917069068e-88
Hilpda	3.51127773770927e-91	1.99132558462239	0.75	0.283	7.466380981465e-87
Lck	3.49464406947841e-90	0.902872176316458	0.508	0.111	7.43101114933889e-86
Trdv4	4.13153334435764e-90	0.942328256989822	0.18	0.014	8.78529250344209e-86
Cd4	1.14539667601883e-89	0.927217691160551	0.355	0.057	2.43557149188643e-85
Jakmip1	4.24957188494625e-89	0.42243051702017	0.273	0.033	9.03628965614971e-85
P2ry10	4.6748102012998e-89	0.868352482471441	0.512	0.113	9.94051641204389e-85
F2r	1.38017734040246e-88	0.966134119247549	0.578	0.143	2.93480909663179e-84
Gstp3	2.44875967089933e-88	0.516076619241036	0.285	0.037	5.20704256420033e-84
Rora	2.6288252023646e-87	1.42929205799128	0.617	0.187	5.58993391030808e-83
Traf1	1.45342468764035e-85	1.33802454047206	0.699	0.233	3.09056225579843e-81
Gm19585	8.17680552396135e-85	0.744023432205478	0.441	0.085	1.73871592661514e-80
Ptpn7	3.08018584801084e-83	0.919467414139788	0.641	0.2	6.54970718721025e-79
Pkp3	1.02412854269437e-82	0.936428109697286	0.547	0.144	2.1777069331853e-78
Rpl12	3.37522864510551e-82	1.15591448198901	1	0.973	7.17708619095235e-78
Ikzf2	3.91916535777982e-82	1.37657438504676	0.508	0.127	8.33371321678302e-78
Ctla2a	4.28285241976238e-82	2.5267295511092	0.617	0.185	9.10705738538273e-78
Emb	2.63544247089664e-81	1.47850821565365	0.902	0.471	5.60400487011461e-77
Sytl3	1.52497737171036e-80	0.468914203798244	0.297	0.043	3.2427118832049e-76
Rpl17	1.5929928328029e-80	0.947601874891303	1	0.989	3.38733995967209e-76
Rac2	5.68972329139076e-80	1.18216032308396	0.969	0.6	1.20986276068133e-75
Cd82	1.1636516664827e-79	1.30853942019702	0.762	0.335	2.47438890360882e-75
Rpl38	1.74855495251115e-78	0.900192761368173	1	0.996	3.71812725101971e-74
Grap2	1.94675456739568e-78	0.569108986315749	0.355	0.063	4.13957891211016e-74
Ppp1r16b	9.63224780307951e-78	0.792000029158759	0.473	0.111	2.04820117284683e-73
Gimap7	3.01033050126893e-77	0.752284880246994	0.457	0.098	6.40116677789825e-73
Rgs1	1.57518734294797e-76	1.74983919015655	0.805	0.31	3.34947836604456e-72
Gimap9	1.48411250052246e-75	0.853337033738332	0.516	0.135	3.15581682111097e-71
Satb1	7.88032624086171e-75	1.1244071550951	0.555	0.151	1.67567257185683e-70
Rpl27	7.8804316267817e-75	0.930705682969382	1	0.972	1.67569498111886e-70
Rps24	9.4478555987517e-75	0.891390695505994	1	0.997	2.00899201451856e-70
Cish	1.64729261393577e-74	1.05672491189625	0.766	0.301	3.50280301427302e-70
Ablim1	1.79794635047079e-74	0.931612769262045	0.762	0.285	3.8231531196411e-70
Ccnd2	1.30859118921011e-73	1.25795876752527	0.953	0.607	2.78258830473638e-69
Rps10	8.73331476847667e-73	0.943150715489486	1	0.991	1.85705205236888e-68
Nabp1	1.77667508679572e-72	1.4099749106845	0.816	0.387	3.77792190456242e-68
Cd37	1.05542409793433e-71	1.00646407875367	0.723	0.288	2.24425380184756e-67
Ptpn22	8.45365319815865e-71	0.884461715224532	0.594	0.183	1.79758481605646e-66
Rpl27a	2.89422833941698e-70	1.12243468695132	1	0.978	6.15428714093627e-66
Selplg	3.46069349384389e-70	1.17471821679083	0.852	0.444	7.35881864530965e-66
Tnfrsf9	3.76801751176969e-70	1.35241146103034	0.348	0.067	8.01231243702707e-66
Ly6a	1.53276761814795e-69	1.81778457685824	0.805	0.369	3.2592770632298e-65
Rpl30	1.64741662492228e-69	0.810079494215667	1	0.992	3.50306671123474e-65
Tpt1	1.03068118111883e-68	0.657448179006003	1	0.999	2.19164046353108e-64
Rpl18a	2.36549215397442e-68	0.794545450384526	1	0.994	5.0299825162112e-64
Sla	2.60917960911429e-68	1.20920820039631	0.734	0.326	5.54815952082062e-64
Rps7	3.61163876133717e-68	0.856644465828562	1	0.99	7.67978866210736e-64
Epas1	1.09001836884809e-67	0.806179790569385	0.539	0.156	2.31781505951858e-63
Rpl19	2.15488132396452e-67	0.75443727037924	1	0.995	4.58213964727816e-63
Rps14	2.46102489285518e-67	0.706081517986673	1	0.994	5.23312333216726e-63
Cd28	3.6593446940422e-67	0.925732735816597	0.395	0.088	7.78123055741134e-63
Tnfaip3	6.01232915357119e-67	1.22049448576354	0.781	0.359	1.27846167121538e-62
Gm17745	9.61183168902023e-67	0.409871634265196	0.227	0.03	2.04385989035326e-62
Gfi1	2.57143888465088e-66	0.278004859494803	0.184	0.02	5.46790764432163e-62
Rpsa	1.03247191852392e-65	0.881447838839092	1	0.992	2.19544828754927e-61
Blk	1.51551291116332e-65	0.38958832546216	0.102	0.006	3.22258665429768e-61
Rps15a	2.96183276707689e-65	0.833481204501723	1	0.992	6.29804119591231e-61
Stk17b	4.6860782525683e-65	1.1571163049099	0.91	0.558	9.96447679626124e-61
D16Ertd472e	9.50418247588202e-65	0.972023221458389	0.672	0.269	2.02096936167155e-60
Gm43445	1.25767923351099e-64	0.408025114112088	0.168	0.017	2.67432912213776e-60
Asb2	1.29654118974042e-64	0.726565127637219	0.402	0.092	2.75696518586402e-60
Nt5e	5.68442271457927e-64	0.760553383735241	0.359	0.078	1.20873564602814e-59
Ubash3a	5.85516096072342e-64	0.44378898189288	0.266	0.042	1.24504142668823e-59
Txk	8.56751891433513e-64	0.961502704466179	0.441	0.109	1.82179722194422e-59
Rasal3	1.04114462996129e-63	0.702552893400449	0.504	0.146	2.21388994114969e-59
Rpl13a	2.93096345667161e-63	1.53562589775657	0.957	0.823	6.23240069426651e-59
Tnik	2.94866775257283e-63	0.627150192715921	0.402	0.095	6.27004710907086e-59
Sla2	3.52550504417274e-63	0.378135589505744	0.266	0.043	7.49663392592892e-59
Coro1a	4.56628622841285e-63	1.0122447731412	0.988	0.653	9.70975103609708e-59
Rps16	5.00267192426229e-63	0.705748052023432	1	0.995	1.06376815797513e-58
Rpl18	7.58409205748101e-63	0.752801253096155	1	0.991	1.61268133510276e-58
Rpl34	1.92873866714499e-62	0.716596687164161	1	0.992	4.10126990181711e-58
Smco4	2.53246694220515e-62	1.01707488490098	0.523	0.171	5.38503770590502e-58
Rplp1	3.47600972074098e-62	0.861141370850452	1	0.997	7.39138707018362e-58
Tle5	4.40101249860139e-62	1.23173672741788	0.57	0.193	9.358312977026e-58
Cd247	1.41326298719483e-61	0.634644172583722	0.32	0.063	3.00516241597109e-57
Gm29243	3.09350977289817e-61	0.281353142660149	0.172	0.019	6.57803918109066e-57
Cd96	1.00420284298715e-60	0.408986352635001	0.273	0.046	2.13533692532788e-56
Rplp2	3.0632191144791e-60	0.648968289166771	1	0.994	6.51362912502836e-56
H2-K1	4.17773444085249e-60	0.918066162409461	1	0.968	8.88353451502874e-56
Rhof	2.91563279440607e-59	0.458409531288751	0.309	0.06	6.19980157402507e-55
Cytip	1.44428896859776e-58	0.982354918041672	0.824	0.377	3.07113606282628e-54
Prxl2a	1.98597891344206e-58	0.463927098408615	0.191	0.024	4.22298556154319e-54
Rpl13	3.12169272577556e-58	0.732016651660487	1	0.995	6.63796741208915e-54
Rpl15	6.16796159821962e-58	0.891150243805226	0.996	0.953	1.31155535424542e-53
Rpl23	6.53825312851081e-58	0.712522035938303	1	0.996	1.39029414524654e-53
Dgat1	7.71798782896209e-58	1.12580520219179	0.57	0.218	1.6411529319505e-53
Apol7e	8.58723209927691e-57	0.267570303381751	0.152	0.016	1.82598903359024e-52
Shisa5	9.12304825849506e-57	0.948032683343359	0.938	0.756	1.93992498168639e-52
Vps37b	1.11905670514218e-56	1.40300379014729	0.691	0.322	2.37956217781434e-52
Id2	1.16486503322213e-56	1.04187985560384	0.922	0.501	2.47696900664353e-52
Plaat3	2.82648185428259e-56	0.603084326544794	0.383	0.091	6.01023101494651e-52
Rps6	4.18968662339343e-56	0.870848243357358	1	0.933	8.90894963598379e-52
Ccl1	4.5005868315314e-56	2.76249472150936	0.168	0.02	9.57004783856837e-52
Rps21	4.70698485554446e-56	0.689390929658301	1	0.997	1.00089325968297e-51
Ret	1.00972534149758e-55	0.28192509050887	0.121	0.01	2.14707996616046e-51
Rpl32	4.68186564466745e-55	0.779909599902276	1	0.992	9.95551910682086e-51
Cd2	6.54697425345322e-55	1.27959697131065	0.395	0.105	1.39214860525429e-50
Pdcd4	7.04940997279954e-55	1.38458982360006	0.82	0.5	1.49898653661609e-50
4930523C07Rik	1.18595845242582e-54	0.992528980382594	0.57	0.218	2.52182205323827e-50
Rpl37a	2.06391569423997e-54	0.728202472269391	1	0.997	4.38871033223186e-50
Fam107b	2.8825030138723e-54	0.930919187400028	0.691	0.335	6.12935440869805e-50
Faah	5.84123631552752e-54	0.434698781661439	0.258	0.047	1.24208049013377e-49
Rps27	7.64335871906343e-54	0.762830318109505	1	0.994	1.62528379802165e-49
Ctsw	1.14059531890667e-53	0.737962496690335	0.43	0.113	2.42536188612313e-49
Arhgdib	1.28542438538671e-53	0.829113295368897	0.996	0.811	2.73332641308629e-49
Il12rb1	2.02578300973467e-53	0.359921270527329	0.234	0.039	4.30762499189981e-49
Rpl39	2.12147867334732e-53	0.745233801344714	1	0.995	4.51111225100573e-49
Dusp5	3.41939247195124e-53	1.25000812566955	0.758	0.417	7.27099615235711e-49
Rasgrp1	6.3215276872989e-53	0.813973088172834	0.609	0.24	1.34420964742724e-48
Rpl24	1.80983739127721e-52	0.781423574950879	1	0.975	3.84843822881187e-48
Tecpr1	3.00906598274301e-52	0.737495009485323	0.543	0.201	6.39847790570474e-48
Themis	3.70945145911569e-52	0.358605992875667	0.207	0.031	7.8877775826636e-48
Eef1a1	5.66371347901863e-52	0.558498982026229	1	0.998	1.20433203417852e-47
Itgal	9.87597175537413e-52	0.808676487263101	0.582	0.216	2.10002663406276e-47
Uba52	2.35268246492022e-51	1.13308366817501	0.945	0.807	5.00274399340635e-47
Rpl5	3.42645998191209e-51	0.826255904211956	0.996	0.954	7.28602450553787e-47
Ptpn13	1.49814620731178e-50	1.06731615653616	0.457	0.15	3.18565809522776e-46
Kcnn4	1.79775744404375e-50	0.598585092786947	0.418	0.122	3.82275142901463e-46
Rps3	1.9561774456136e-50	0.658060477987042	1	0.989	4.15961572035277e-46
Nrip1	2.21822869371225e-50	1.27019257850858	0.812	0.543	4.71684149430974e-46
Nrgn	5.61548676051701e-50	1.10081984709148	0.238	0.044	1.19407710475634e-45
Ltb4r1	6.87430487769518e-50	0.840934669929865	0.68	0.286	1.4617521891931e-45
Rab37	9.55911705877773e-50	0.367299920969808	0.23	0.04	2.0326506513785e-45
Tcrg-C2	1.2148298593434e-49	0.459796123954698	0.172	0.023	2.5832142129078e-45
Rps23	3.4253903548637e-49	0.612895959156379	1	0.993	7.28375005058217e-45
Rps18	3.73271519593376e-49	0.760543419989986	1	0.983	7.93724559263354e-45
Sept6	4.23196246115726e-49	0.659244476575106	0.523	0.186	8.9988449774048e-45
Rplp0	2.93988308987242e-48	0.761383974910298	0.996	0.987	6.25136740230471e-44
Dusp4	3.02716865544646e-48	0.323845570301039	0.195	0.03	6.43697142894135e-44
Pparg	4.04600115173117e-48	0.434826996807588	0.23	0.042	8.60341684904115e-44
Rnf128	4.94197885722911e-48	0.751231153381472	0.262	0.054	1.0508623842012e-43
Rpl14	1.46206137254603e-47	0.69204921221136	1	0.975	3.10892730258188e-43
Gimap1os	9.62142527501509e-47	0.382576769698708	0.238	0.045	2.04589987047921e-42
Rpl36	1.26639429719289e-46	0.641073361282243	1	0.994	2.69286083355095e-42
Rpl10a	2.10427823153139e-46	0.688254161787202	0.996	0.98	4.47453723152835e-42
Rpl11	1.69654436696039e-45	0.58391379963742	1	0.993	3.60753194190457e-41
Rpl8	3.40285143844353e-45	0.628427362131887	1	0.993	7.23582329870632e-41
Trib2	7.54632149289287e-45	0.548341630573393	0.285	0.065	1.60464980224874e-40
Rps13	7.64517106723574e-45	0.71811073567699	1	0.989	1.62566917573701e-40
Nlrc3	9.66311298991769e-45	0.422731350433215	0.281	0.064	2.0547643461761e-40
Rpl7	1.53303714744143e-44	0.644920872336655	1	0.982	3.25985019031946e-40
Prrt1	1.89433767057172e-44	0.599399748830531	0.227	0.043	4.02811962270371e-40
Rassf5	2.44682060251417e-44	0.706542112857514	0.629	0.292	5.20291932918612e-40
Fxyd5	4.36922000809449e-44	0.828997063877838	0.996	0.738	9.29070942521212e-40
Rps5	4.45395363696568e-44	0.672381989344289	1	0.993	9.47088701364382e-40
Furin	4.50612321832289e-44	2.05960091180876	0.707	0.469	9.5818204114418e-40
Sub1	7.91136702407192e-44	0.899124574056574	1	0.906	1.68227308399865e-39
Acot7	8.39535651928369e-44	0.719023109376107	0.594	0.276	1.78518861026048e-39
Ramp1	8.74379312007663e-44	1.33420939024612	0.543	0.229	1.85928016905309e-39
Tnfsf8	1.09346457207083e-43	0.983750244493862	0.164	0.024	2.32514306605142e-39
Ccr9	2.60886422586234e-43	0.643398028688817	0.207	0.037	5.54748888987368e-39
Pglyrp2	4.67007660274368e-43	0.362641083435321	0.223	0.043	9.93045088807416e-39
Gpr183	6.39388036724708e-43	0.991323370616378	0.672	0.306	1.35959472129142e-38
Limd2	7.6911349708007e-43	0.856223648836008	0.754	0.422	1.63544294019106e-38
Rnf125	9.1038456312014e-43	0.427031426214624	0.281	0.065	1.93584173501867e-38
Cd27	9.33379559585072e-43	0.499580587860139	0.34	0.091	1.9847382955017e-38
Bcl2	9.38856102183193e-43	1.12581380073525	0.641	0.321	1.99638361568234e-38
Pfn1	1.28477484753031e-42	0.662111834188309	1	0.978	2.73194523578845e-38
Tasp1	5.65706257651377e-42	0.529431710596733	0.293	0.075	1.20291778626989e-37
Micos10	9.19676812440398e-42	0.700097831878234	0.539	0.195	1.95560077397326e-37
Rack1	1.4447413798356e-41	0.632531925193539	1	0.975	3.07209807008242e-37
Rpl23a	1.87535579909458e-41	0.675695064005964	0.992	0.956	3.98775657119471e-37
Btg1	2.02960465833404e-41	0.95410235839177	0.984	0.875	4.31575134548151e-37
mt-Co1	2.63892376196597e-41	1.33458625690147	0.992	0.986	5.61140748744445e-37
Rps28	2.85895036604859e-41	0.681342602901418	0.996	0.991	6.07927205836572e-37
S1pr4	7.83862145117188e-41	0.339675062791536	0.223	0.044	1.66680446537719e-36
Cysltr2	3.55148518614002e-40	0.344524439289574	0.188	0.033	7.55187809980814e-36
Igflr1	4.27787397376099e-40	0.290605927195337	0.141	0.019	9.09647121780537e-36
Il10	4.97615005905232e-40	1.3250432153623	0.191	0.035	1.05812854855688e-35
Rps9	1.87501140793434e-39	0.506412733132099	1	0.997	3.98702425783157e-35
Cd6	2.56132092845088e-39	0.422122831031312	0.203	0.039	5.44639282225795e-35
Dock2	2.70124251895491e-39	0.784252111696247	0.781	0.449	5.74392209230572e-35
Itgb3	2.71957860223564e-39	0.575370968777185	0.332	0.097	5.78291193979386e-35
Cnn2	4.86280810206761e-39	0.828841089635289	0.785	0.519	1.03402751482366e-34
Oip5os1	5.08013498024407e-39	0.539017448909522	0.387	0.121	1.0802399021991e-34
Rps26	5.77586018830882e-39	0.617558698995277	1	0.991	1.22817891044199e-34
Ero1l	6.58164573824837e-39	0.99502858746427	0.598	0.312	1.39952114978113e-34
Leprotl1	7.25890674387099e-39	0.784572835976774	0.789	0.559	1.54353393001673e-34
Prelid2	1.57680693013181e-38	0.787701651088446	0.469	0.186	3.35292225623228e-34
Sh3bgrl3	2.03420112748255e-38	0.694198228881763	0.996	0.908	4.32552527747889e-34
AW112010	4.18056188659545e-38	0.975503700767375	0.871	0.601	8.88954679565656e-34
Rpl6	4.20646146314523e-38	0.51890394969583	1	0.994	8.94461965523202e-34
Pwwp3a	1.08734676725586e-37	0.363488638599096	0.223	0.047	2.31213416589286e-33
Slc38a1	1.10719501241857e-37	0.845107290173373	0.645	0.35	2.35433947440685e-33
Arhgap45	1.56690800666028e-37	0.718215545164518	0.699	0.382	3.33187318536241e-33
Atp5g2	2.80560454950645e-37	0.930244265902373	0.656	0.328	5.96583751407051e-33
Foxp3	5.10337842369755e-37	0.500185026891964	0.109	0.013	1.08518238801505e-32
Sigirr	8.78092627463386e-37	0.379778843581649	0.266	0.067	1.86717616303814e-32
H2-D1	9.14761959794737e-37	0.620976597617432	0.996	0.981	1.94514983130753e-32
Atxn1	9.95109854332473e-37	0.63982599773304	0.555	0.256	2.11600159425257e-32
Ptpn18	1.07355281087448e-36	0.727343969297093	0.977	0.675	2.28280269704349e-32
Sec11c	1.34518933442897e-36	0.920694334828321	0.855	0.666	2.86041060072977e-32
Atp5md	1.81534395396531e-36	0.685388163527375	0.559	0.216	3.86014738371184e-32
Micos13	3.64049357898034e-36	0.590342536405604	0.449	0.159	7.7411455463438e-32
Pram1	4.74645747240126e-36	0.378104332559382	0.129	0.018	1.0092867169314e-31
Atp5o	6.52399952692906e-36	0.595033175760412	0.523	0.199	1.3872632594062e-31
Srgn	6.86021042053233e-36	0.70462796336729	1	0.732	1.45875514382199e-31
Cyfip2	1.02557664869012e-35	0.559868181677445	0.488	0.199	2.18078618577466e-31
Bik	1.21871834507345e-35	0.364739286254908	0.223	0.049	2.59148268896419e-31
S100a4	1.52016178482167e-35	0.913398775356515	0.84	0.512	3.23247201924479e-31
Rbl2	1.7609466493542e-35	0.830055990098221	0.551	0.268	3.74447695518678e-31
Rpl3	1.83405061157368e-35	0.602174762466991	1	0.985	3.89992522045027e-31
Rps12	2.03881006499953e-35	0.560727048435421	1	0.993	4.33532572221501e-31
Rps20	2.38064194648329e-35	0.64655269890035	1	0.993	5.06219703500207e-31
Tox	2.46091265313099e-35	0.373077154249448	0.234	0.054	5.23288466561774e-31
Aebp2	3.22145271240238e-35	0.802241203602984	0.645	0.373	6.85009704765242e-31
Rps15	1.00611757102237e-34	0.548527897575751	1	0.977	2.13940840302197e-30
Ccdc88c	1.03708875534385e-34	0.556272486388775	0.398	0.143	2.20526552936315e-30
Rpl9	1.08538844922977e-34	0.594957304109357	0.996	0.99	2.30796999844217e-30
Acsbg1	1.14856275464107e-34	0.305645725369341	0.16	0.028	2.44230384146877e-30
Ramp3	1.50939778066151e-34	0.51761307191274	0.289	0.078	3.20958344079864e-30
Rhoh	1.91463967923853e-34	0.648229620988185	0.641	0.327	4.07128981393281e-30
Coro2a	2.08066706972214e-34	0.671207059991182	0.547	0.246	4.42433045705716e-30
Tspan32	2.47593316006034e-34	0.505245917326817	0.352	0.117	5.2648242715523e-30
mt-Co2	2.6987588986234e-34	1.41123652813683	0.719	0.445	5.73864092203279e-30
Sept9	3.33154952388552e-34	0.66917935653346	0.738	0.455	7.08420690759017e-30
Akna	3.82673734329957e-34	0.582634824695829	0.562	0.263	8.1371742867922e-30
Isy1	4.48435513453817e-34	0.792269114155117	0.621	0.346	9.53553275808197e-30
Slain1	9.87668673633747e-34	0.393505141936537	0.262	0.071	2.1001786676148e-29
Prkcq	1.12357527985212e-33	0.374770894504562	0.375	0.122	2.38917047507755e-29
Clint1	1.34224831373234e-33	0.688583836805549	0.836	0.65	2.85415681432045e-29
Padi2	2.04163633944222e-33	0.412658614215728	0.305	0.09	4.34133551218993e-29
Trgv2	2.43688015267307e-33	0.472705055352947	0.141	0.022	5.18178195664403e-29
Rpl22	4.9290579507265e-33	0.551717864333732	1	0.985	1.04811488264248e-28
Ikzf4	6.41004229554333e-33	0.276399889871451	0.18	0.036	1.36303139372433e-28
Rps27a	7.00299356133933e-33	0.47847847818551	1	0.994	1.4891165508832e-28
Lig1	1.30112795750434e-32	0.678481267227849	0.469	0.196	2.76671848883722e-28
mt-Co3	1.75127198393059e-32	1.52417240679394	0.676	0.419	3.72390474663e-28
Sema4d	1.77516498223818e-32	0.589489528814739	0.586	0.286	3.77471081823126e-28
Fau	1.89667186710592e-32	0.456329794494579	1	0.997	4.03308305821404e-28
Kcnk5	3.75261612967526e-32	0.374167666329074	0.215	0.051	7.97956293814146e-28
Snrpg	4.02208096102269e-32	0.581068621610976	0.984	0.901	8.55255295551865e-28
Ptprc	4.82700938974228e-32	0.724974177172248	0.961	0.662	1.0264152766348e-27
AU020206	5.48295924881089e-32	0.612210363517582	0.512	0.232	1.16589645466715e-27
Rnasek	8.31180451920561e-32	0.621147670237306	0.48	0.191	1.76742211296388e-27
Lcp2	8.48531305737243e-32	0.658475890916502	0.734	0.437	1.80431696851967e-27
Tnfsf10	8.85777002626795e-32	0.352290965716481	0.297	0.087	1.88351621838562e-27
Cd200r1	1.13653677025577e-31	0.606335266075987	0.477	0.202	2.41673178827188e-27
Bhlhe40	1.28255670960024e-31	0.922213313989038	0.754	0.509	2.72722858729396e-27
Ahcyl2	1.39776852674712e-31	0.826257667165415	0.59	0.334	2.97221499527507e-27
Rps11	1.40544838139536e-31	0.536746345888765	1	0.993	2.9885454381991e-27
S100a10	1.80634297926314e-31	0.776897955998333	0.984	0.79	3.84100771110513e-27
Stk24	5.56538022765234e-31	0.76764003560275	0.691	0.442	1.18342245160799e-26
H2-Q7	6.95844163657766e-31	0.922185749009464	0.715	0.47	1.47964302960187e-26
Rpl29	1.26622296499643e-30	0.700477282975271	0.961	0.789	2.6924965127684e-26
Cst7	1.78868489262892e-30	0.446065531121319	0.332	0.109	3.80345955568613e-26
mt-Atp6	1.913705070782e-30	1.37523811182232	0.914	0.846	4.06930246251084e-26
Zdhhc18	2.16769325788669e-30	0.557210485479233	0.465	0.207	4.60938294357026e-26
Cd52	2.70306015653109e-30	0.766946155266632	0.996	0.695	5.74778711684771e-26
Fkbp3	3.16446387145675e-30	0.703525735960962	0.793	0.572	6.72891597626564e-26
Ncor1	3.71552221480649e-30	0.700131607471648	0.879	0.775	7.90068643756452e-26
Rpl26	5.22003952144559e-30	0.560534367664924	0.996	0.979	1.10998920384019e-25
Rps19	7.92420473175896e-30	0.518865332228831	1	0.989	1.68500289416123e-25
Abcb9	1.31004345507952e-29	0.319788849173554	0.203	0.048	2.7856764028811e-25
Znrf1	1.43373975453726e-29	0.6319296785834	0.48	0.234	3.04870421404804e-25
Capg	1.72871240919692e-29	0.841156591108305	0.781	0.495	3.67593406691633e-25
B2m	3.02827774350333e-29	0.477964168121331	1	0.983	6.43932979378547e-25
Rpl21	3.63556622957962e-29	0.515095694498668	0.992	0.987	7.73066803057811e-25
Rgs2	3.72470340203111e-29	1.3478249399749	0.703	0.45	7.92020931407894e-25
Gm15472	4.14321347657877e-29	0.349754517510506	0.242	0.065	8.81012913659709e-25
Hmgb2	4.36212140330343e-29	0.467205823572219	0.863	0.649	9.27561495198442e-25
Tes	4.43109254242367e-29	0.613267453806518	0.691	0.396	9.42227518220969e-25
Crem	4.69130518321919e-29	0.701277742002563	0.543	0.284	9.97559134159728e-25
Arhgef1	5.48587309630257e-29	0.667926129537485	0.727	0.501	1.16651605519778e-24
Lsp1	8.89255274795811e-29	0.634078886654678	0.844	0.547	1.89091241632581e-24
Rps4x	1.03503272057579e-28	0.526337723776839	1	0.993	2.20089357703235e-24
Cd53	1.10798906487417e-28	0.739557179791454	0.934	0.653	2.35602794754844e-24
Itpr2	1.30184155883675e-28	0.671006607742775	0.562	0.303	2.76823589071046e-24
Cnot6l	1.6282757897365e-28	0.720259611363623	0.676	0.459	3.46236563929569e-24
Ppp1cc	4.268528400761e-28	0.704019024239166	0.73	0.527	9.07659879137818e-24
Rapgef6	5.15393780602271e-28	0.676682280055336	0.68	0.438	1.09593333507267e-23
Eif3h	6.06824946262607e-28	0.607406169572409	0.957	0.836	1.29035256573281e-23
Krtcap2	1.63429348009874e-27	0.595892612675564	0.945	0.808	3.47516165608196e-23
Oga	2.90508689721485e-27	0.429616217248244	0.301	0.099	6.17737677823765e-23
Gpr132	3.30080527402393e-27	0.549036174274608	0.461	0.211	7.01883233468449e-23
Sorl1	3.35349523296367e-27	0.605123237041961	0.555	0.29	7.13087226337395e-23
Rps8	5.39629539633132e-27	0.44076415508981	1	0.997	1.14746825307589e-22
Traf3ip3	8.00421686989586e-27	0.462665445406627	0.375	0.149	1.70201667521465e-22
Socs1	8.03049512759367e-27	0.562827120647379	0.633	0.343	1.70760448393152e-22
1700097N02Rik	1.09782242418805e-26	0.289962031598071	0.164	0.036	2.33440960279346e-22
Gm20186	1.20133759150225e-26	1.48406069439124	0.465	0.225	2.55452425457038e-22
Arl5a	1.64183570768488e-26	0.892467778150267	0.594	0.381	3.49119944882113e-22
Osbpl3	1.91866080255786e-26	0.502860950773714	0.328	0.124	4.07984033055904e-22
Rps3a1	2.61483118939233e-26	0.496577349018625	1	0.994	5.56017704112385e-22
Eef1b2	4.40360908326205e-26	0.491789628783458	0.992	0.953	9.36383435464842e-22
Prdx6	4.91520922535143e-26	0.869185359830053	0.773	0.614	1.04517008967873e-21
Ldha	5.50614932845683e-26	0.706603198384391	0.953	0.847	1.17082759320306e-21
Ankrd44	5.79013197873814e-26	0.587238870671404	0.637	0.384	1.23121366395888e-21
Ms4a4b	6.1589766675952e-26	0.729443196943808	0.418	0.168	1.30964479859744e-21
Tmsb4x	8.89340568904775e-26	0.509346124625329	1	0.998	1.89109378571911e-21
Ehd3	9.40252711142453e-26	0.350018318580523	0.215	0.06	1.99935336497331e-21
Lef1	1.13700144793015e-25	0.297445504623897	0.164	0.037	2.41771987887867e-21
Psen2	2.2527655160244e-25	0.607688031808584	0.535	0.304	4.79028059327427e-21
Gzmb	3.90770217525882e-25	1.13863957741046	0.336	0.122	8.30933790547036e-21
Elf1	4.13465684607221e-25	0.670761240596015	0.77	0.604	8.79193431748795e-21
mt-Nd4l	5.9053614011509e-25	0.824155430616762	0.605	0.371	1.25571604834073e-20
Uqcrh	6.32202809526713e-25	0.465004791707171	0.984	0.948	1.3443160541776e-20
Sdf4	8.37350642514845e-25	1.05053158781116	0.805	0.726	1.78054240624357e-20
Grcc10	1.19795510522802e-24	0.747630757969835	0.668	0.464	2.54733173575687e-20
Oaz1	1.45150847478796e-24	0.439683039874986	1	0.989	3.08648762078912e-20
Fasl	2.77182973103407e-24	0.296624231903189	0.238	0.071	5.89401874007084e-20
AY036118	3.36904557039182e-24	0.44371239419963	0.457	0.19	7.16393850088116e-20
Rps27rt	3.77213110401051e-24	0.645004886012931	0.688	0.488	8.02105957956796e-20
Rpl37	4.82347136969997e-24	0.409116713777824	1	0.995	1.025662952053e-19
Paxbp1	5.65930707715681e-24	0.621385922922005	0.5	0.28	1.20339505688662e-19
Spcs2	6.21859682962686e-24	0.586389293987087	0.934	0.831	1.32232242985186e-19
Eef2	7.16970696243935e-24	0.450152487860698	0.988	0.951	1.5245664884931e-19
Psd4	7.58627717425307e-24	0.433205276519985	0.395	0.175	1.61314597833317e-19
Clnk	7.60999773106583e-24	0.316526398066419	0.137	0.028	1.61818991753384e-19
Nfkb1	1.18002041630807e-23	0.697212805631597	0.754	0.594	2.50919541323749e-19
Mapkapk3	1.74921362403649e-23	0.53002975238806	0.449	0.223	3.7195278501512e-19
Tesc	1.84365291391714e-23	0.370956244971642	0.223	0.067	3.9203435561534e-19
Smad7	2.58673679125278e-23	0.562512631582209	0.48	0.246	5.50043711291991e-19
Runx3	4.2405732712089e-23	0.532854609162734	0.633	0.357	9.0171550038986e-19
Cotl1	6.18480282920748e-23	0.540520435567401	0.941	0.695	1.31513647360268e-18
Tcf7	7.74076284376962e-23	0.392765173637072	0.18	0.047	1.64599581109917e-18
Rpl36al	9.307688390776e-23	0.436053599965605	0.996	0.928	1.97918685941461e-18
Nup210	1.15114348002605e-22	0.391734448281045	0.359	0.152	2.4477914959274e-18
Nme2	1.21461446812044e-22	0.736657988008213	0.668	0.431	2.5827562050113e-18
Tmc8	1.24915205478961e-22	0.28582512416953	0.199	0.057	2.65619692930463e-18
Gm36723	1.33876520691028e-22	0.470939781775624	0.168	0.042	2.84675033597401e-18
Socs2	1.43558407682241e-22	0.670937243814835	0.598	0.354	3.05262598095516e-18
Dennd1c	1.61145285362184e-22	0.443299547624064	0.418	0.194	3.42659334794149e-18
Trdc	1.72715197393099e-22	1.43397583133855	0.156	0.038	3.67261595736685e-18
Gpr68	2.63788938021917e-22	0.339962621837593	0.238	0.079	5.60920797809804e-18
Gpsm3	3.56248282738677e-22	0.561794935100604	0.773	0.588	7.57526348415524e-18
Rbm42	3.87664488013946e-22	0.364542887214766	0.324	0.125	8.24329767312854e-18
Cdk17	4.72894927940783e-22	0.4235732984791	0.383	0.173	1.00556377477328e-17
Rpl36a	4.82456007804281e-22	0.594082563102351	0.992	0.97	1.02589445499502e-17
Glipr1	5.31670920410895e-22	0.41374533869097	0.445	0.216	1.13054504516173e-17
Sash3	5.4991352397393e-22	0.456108673876248	0.438	0.216	1.16933611737816e-17
Ddx5	5.62940156709362e-22	0.426585058021934	1	0.992	1.19703594922679e-17
Adam19	6.17352306573227e-22	0.576620912043345	0.414	0.193	1.31273794469731e-17
Naca	7.03183193207452e-22	0.422355806566763	0.996	0.973	1.49524874203633e-17
Anxa6	7.0599564020809e-22	0.580033726883332	0.746	0.572	1.50122912933848e-17
Il18rap	7.44845043671762e-22	0.414833238458828	0.293	0.11	1.58383850086364e-17
Serbp1	7.50223969748776e-22	0.473130007581779	0.973	0.937	1.5952762492738e-17
Dusp10	8.50047292423049e-22	0.364696596682978	0.227	0.073	1.80754056260837e-17
Rpl4	1.053308686969e-21	0.440348144426305	0.992	0.947	2.23975559197088e-17
Fcho1	1.07218631089241e-21	0.304103916956205	0.23	0.075	2.27989697148161e-17
Tma7	1.38034483151568e-21	0.429761449636369	0.965	0.894	2.93516524973493e-17
Grap	1.4702807557223e-21	0.397275793571057	0.34	0.139	3.1264049989679e-17
Dnaja1	1.9215255764627e-21	0.657435253417014	0.91	0.841	4.08593198579029e-17
Prkar1a	2.41199378269239e-21	0.516072726334831	0.906	0.787	5.1288635795171e-17
Sms	2.60971584752885e-21	0.480417195916006	0.473	0.251	5.54929977818534e-17
Eif3e	2.62746974748604e-21	0.538422328322649	0.879	0.788	5.58705167105432e-17
Kbtbd11	4.87569654490962e-21	0.527014445984488	0.332	0.144	1.03676811330958e-16
Gm11808	5.58030603833241e-21	0.655946864471872	0.613	0.414	1.186596275991e-16
Rbis	6.46585003471018e-21	0.340081648092169	0.355	0.142	1.37489835138077e-16
Tnfaip8	8.2540377813901e-21	0.552291198772282	0.852	0.705	1.75513859383479e-16
Prr13	1.0011037126176e-20	0.515331534135262	0.828	0.663	2.12874693451007e-16
Lmo4	1.1327142926834e-20	1.3235344298529	0.691	0.591	2.40860367196197e-16
Sept11	1.49444995369477e-20	0.540622654662555	0.645	0.431	3.17779838153656e-16
Peli1	1.58288437560084e-20	0.772006294548204	0.637	0.464	3.36584533627763e-16
Tbca	1.94643716820286e-20	0.480699386991577	0.895	0.812	4.13890399446656e-16
Gpr174	1.98858762742591e-20	0.257502197248675	0.184	0.052	4.22853273095845e-16
Nkg7	2.16405693176331e-20	0.598516368436385	0.367	0.15	4.60165065970149e-16
Snrpf	2.45378435144109e-20	0.502851349041872	0.867	0.749	5.21772704490433e-16
Mgat5	2.66577006446747e-20	0.552065633386604	0.387	0.193	5.66849346508363e-16
Akap13	2.95582598923957e-20	0.521978026214308	0.906	0.821	6.28526838351901e-16
Bzw2	4.24087631698382e-20	0.67512663935861	0.535	0.343	9.0177994004344e-16
Mir155hg	4.63759795422084e-20	0.344071839477231	0.152	0.039	9.86138828985519e-16
Xist	5.42954204745368e-20	0.834826744424599	0.359	0.156	1.15453782097055e-15
Pde7a	5.49677532100824e-20	0.426750721751775	0.316	0.133	1.16883430425919e-15
Ptgir	5.78323760613609e-20	0.328617684602999	0.23	0.077	1.22974764456878e-15
Ikzf1	7.16714868010425e-20	0.549500380691796	0.602	0.371	1.52402249533737e-15
Hnrnpc	7.34233710480028e-20	0.483510045960617	0.84	0.707	1.56127456196473e-15
Tmem154	7.61796733126739e-20	0.450491448271551	0.309	0.133	1.6198845733207e-15
Eif3f	8.30983553813169e-20	0.46282196563	0.945	0.876	1.76700342882832e-15
Ifngr1	8.49142444956664e-20	1.04331502675019	0.84	0.763	1.80561649495585e-15
Ppdpf	1.37535514075129e-19	0.556080457809707	0.629	0.439	2.92455517129355e-15
Arhgap15	1.41985398237751e-19	0.458334941517347	0.523	0.303	3.01917750812754e-15
Junb	1.52803078294972e-19	0.604985772150647	0.984	0.924	3.24920465686428e-15
Timm23	1.7552962163728e-19	0.475704300948242	0.414	0.208	3.73246187449513e-15
Ttc39b	1.83658742380971e-19	0.514515540777156	0.531	0.33	3.90531949798896e-15
Mllt3	1.87024053144951e-19	0.414710532054186	0.34	0.151	3.97687946607425e-15
Pabpc1	2.20447160810076e-19	0.456318872576313	0.977	0.931	4.68758842746545e-15
Tagln2	2.96861098836655e-19	0.636784226154852	0.949	0.886	6.31245440566262e-15
Tsc22d4	2.98831794330142e-19	0.483875432253451	0.863	0.76	6.35435927463613e-15
Sec61g	5.09623267581085e-19	0.596661308015887	0.785	0.661	1.08366291618442e-14
Tmem273	6.104981542225e-19	0.481525653440414	0.359	0.167	1.29816327513872e-14
Ctse	7.02269340987841e-19	0.349801069937345	0.32	0.136	1.49330552667655e-14
Sh3kbp1	9.70022173101343e-19	0.498287571264362	0.594	0.38	2.0626551488827e-14
Mbnl1	1.02873976785777e-18	0.419596847275975	0.961	0.907	2.18751224237276e-14
Fam189b	1.11419835377911e-18	0.360852869120032	0.262	0.102	2.36923137947589e-14
mt-Nd3	1.33423620731756e-18	0.778751635784414	0.754	0.632	2.83711987124007e-14
Sri	1.51972086024965e-18	0.489921341601847	0.844	0.75	3.23153443723485e-14
Cxcr3	1.75439974450288e-18	0.419302888795942	0.188	0.059	3.73055561671093e-14
S100a13	2.86146185930076e-18	0.610766345400469	0.863	0.775	6.08461249761713e-14
B930036N10Rik	3.14711486769501e-18	0.549433086766053	0.426	0.226	6.69202505466666e-14
Psmb8	3.84164582145748e-18	0.414264504877346	0.984	0.857	8.16887567474719e-14
Hlf	4.17629394733194e-18	0.405273013465967	0.215	0.074	8.88047144960663e-14
Dut	4.47924255569635e-18	0.590520634649774	0.453	0.26	9.52466137043272e-14
Nr4a1	4.54242117030005e-18	0.769345642377414	0.664	0.453	9.65900437652604e-14
Dgka	4.56057644228044e-18	0.335527641833987	0.309	0.133	9.69760974686512e-14
Tnfsf14	5.04155858368015e-18	0.318124344296729	0.234	0.085	1.07203701723375e-13
Aopep	5.33774078187845e-18	0.34485564219524	0.246	0.09	1.13501719985863e-13
Ppp1r18	5.42325419627893e-18	0.452788446274896	0.789	0.6	1.15320077229675e-13
Def6	6.84215747470941e-18	0.353621189908781	0.336	0.155	1.45491636542221e-13
Tmsb10	8.17481925050534e-18	0.504014903374957	1	0.923	1.73829356542746e-13
Jak1	8.45061589010739e-18	0.43975835733411	0.883	0.806	1.79693896287243e-13
Stk10	8.84946287927273e-18	0.462477835122206	0.5	0.295	1.88174978664855e-13
Gng2	9.02938921611864e-18	0.496211909908979	0.664	0.447	1.92000932291547e-13
Nsd3	1.05064169469482e-17	0.464884069361895	0.754	0.611	2.23408449959906e-13
Adora2a	1.06812264877061e-17	0.310619529123457	0.242	0.091	2.27125600034583e-13
Atp5l	1.65977527798872e-17	0.507835637791033	0.902	0.835	3.52934615111521e-13
Nr4a3	1.78632467503665e-17	0.543092514561894	0.281	0.117	3.79844078899793e-13
Zcchc10	2.08918663007004e-17	0.616700601677232	0.391	0.215	4.44244645018093e-13
Rpl22l1	2.16229093652849e-17	0.521492732439437	0.938	0.871	4.59789544743419e-13
Dock10	2.31677301689652e-17	0.453189808603527	0.625	0.412	4.92638614312877e-13
Rps2	2.33667453681934e-17	0.441008529032919	1	0.992	4.96870473509263e-13
Rfx7	2.37267528563023e-17	0.382898513049796	0.395	0.204	5.04525672736412e-13
Lpxn	3.23243857531809e-17	0.376043020948944	0.508	0.294	6.87345738655639e-13
Ly6e	3.84339955110411e-17	0.415616202159963	0.996	0.9	8.17260480546777e-13
Mxd1	3.98427536589245e-17	0.514949635706648	0.613	0.385	8.47216313803371e-13
Rps25	4.24389975869865e-17	0.34941053239076	1	0.982	9.02422844689681e-13
Stk4	4.44175010407682e-17	0.497817219931428	0.66	0.479	9.44493742130894e-13
Hmgb1	4.68297217453297e-17	0.42237927943946	0.957	0.933	9.95787203192691e-13
Mfng	4.78695891071068e-17	0.301692417376827	0.254	0.1	1.01789894277352e-12
Flt3l	6.52743909346615e-17	0.324310364990765	0.281	0.12	1.38799464883464e-12
Nedd9	7.36158653231096e-17	0.45867408043066	0.41	0.222	1.5653677602306e-12
Fam173a	7.48315811727011e-17	0.447556030172887	0.379	0.199	1.59121874205632e-12
Srpk1	1.19593860929773e-16	0.525604070122692	0.586	0.412	2.54304385881069e-12
Card11	1.28947995662337e-16	0.270514880568714	0.203	0.071	2.74195017976394e-12
Anp32a	1.33105774549591e-16	0.530425911541847	0.852	0.762	2.83036119002251e-12
Elmo1	1.92982598773626e-16	0.432316252011303	0.492	0.297	4.10358198032238e-12
Rorc	2.13564533866241e-16	0.427873713211319	0.156	0.049	4.54123624813174e-12
Slc2a3	2.39292778568775e-16	0.321613897267243	0.227	0.086	5.08832164348644e-12
Myh9	2.47306912616013e-16	0.535749128817214	0.918	0.833	5.25873418986689e-12
Hs3st1	2.71620399740135e-16	1.08623925632635	0.27	0.123	5.77573618007423e-12
Nsa2	4.82544675825741e-16	0.416335075838988	0.945	0.895	1.02608299867586e-11
Npm1	5.56313590324502e-16	0.49926832805984	0.977	0.943	1.18294521846602e-11
Rpl7a	6.40270741997863e-16	0.319139786526014	0.996	0.978	1.36147170578426e-11
Tomm6	8.43483318664571e-16	0.559567157822795	0.621	0.475	1.79358292880834e-11
Tasor	8.50420647603356e-16	0.282544528328132	0.234	0.09	1.80833446506378e-11
Gadd45b	1.15915620898394e-15	0.845833657911035	0.699	0.532	2.46482976278346e-11
Ffar2	1.26080729703007e-15	0.469162114926102	0.324	0.147	2.68098063640473e-11
Bin2	1.88483765216334e-15	0.318006833386197	0.648	0.403	4.00791878356013e-11
Arhgef6	2.12281255806209e-15	0.555259578984511	0.5	0.311	4.51394862346322e-11
Tbx21	2.21268400986001e-15	0.261510599990153	0.156	0.048	4.70505127856632e-11
Nme1	2.40775110232302e-15	0.49273128720684	0.883	0.758	5.11984194397967e-11
Gm10076	2.49243814090911e-15	0.48306009626909	0.641	0.49	5.29992046282913e-11
Ppp1r11	2.6451811622978e-15	0.456455739239085	0.73	0.598	5.62471322351005e-11
Ndfip1	2.99989222384601e-15	0.498963581762737	0.883	0.81	6.37897082478615e-11
Esyt1	3.54993385546967e-15	0.481689154968769	0.605	0.449	7.54857935027071e-11
Polr1d	4.20322520369013e-15	0.364806948100258	0.902	0.785	8.9377380731267e-11
Tspan13	5.11875633124853e-15	0.721877241585907	0.582	0.425	1.08845234627669e-10
Gabarapl2	5.668399731803e-15	0.430837330196406	0.754	0.659	1.20532851897059e-10
Ar	6.77948208636453e-15	0.313900925866213	0.293	0.131	1.44158907084455e-10
Fnbp1	1.0829725839631e-14	0.493739509502051	0.703	0.564	2.30283290253914e-10
Abhd8	1.14097355920885e-14	0.364417164243729	0.281	0.129	2.42616617630169e-10
Cited4	1.33896761080883e-14	0.357666169787419	0.129	0.037	2.84718072762389e-10
Lag3	1.37824742286193e-14	0.644254639185205	0.203	0.077	2.9307053199736e-10
Camk2n1	1.81624604359918e-14	0.341966709173924	0.359	0.176	3.86206558710929e-10
Rab4b	1.82860831603956e-14	0.298108371058766	0.328	0.157	3.88835272322652e-10
Ppia	1.84078198194183e-14	0.3207963276805	0.996	0.994	3.91423880640111e-10
Runx2	1.86725632871513e-14	0.27348406254115	0.207	0.078	3.97053385737985e-10
Mif4gd	1.88724514227527e-14	0.458072738555856	0.496	0.338	4.01303807053414e-10
Myl12b	2.74299376788081e-14	0.377876278286189	0.891	0.805	5.83270194802175e-10
Ywhaz	2.74790208136271e-14	0.378669654407849	0.953	0.899	5.84313898580966e-10
Saraf	3.10272638136069e-14	0.562526439602135	0.699	0.573	6.59763737732536e-10
Myl6	3.16680769743796e-14	0.368003943032206	0.996	0.988	6.73389988783208e-10
Rab19	3.27519521413345e-14	0.285097359068033	0.215	0.088	6.96437510333337e-10
Ccr2	3.37887165703262e-14	0.412786683490116	0.723	0.457	7.18483269151416e-10
Ppp1r12a	4.71813248744083e-14	0.462770828216328	0.73	0.61	1.00326369212942e-09
Aff4	4.82501373374036e-14	0.647232164811276	0.629	0.526	1.02599092034255e-09
Cnbp	4.83972288783255e-14	0.397897789965868	0.895	0.841	1.02911867486871e-09
Prkch	4.93765110458702e-14	0.309912565600622	0.332	0.164	1.04994213087938e-09
Fgl2	6.16639644200455e-14	0.488838655545944	0.762	0.623	1.31122253942785e-09
Ncl	6.45779335395893e-14	0.467889132588166	0.957	0.921	1.37318517878583e-09
AI467606	7.53771407109464e-14	0.376141828821279	0.316	0.159	1.60281952007756e-09
Pop5	9.66910158689137e-14	0.383345709771565	0.531	0.376	2.05603776143658e-09
Mrpl53	9.72649910561008e-14	0.258704958153621	0.211	0.084	2.06824276981693e-09
Pak2	9.78727516538778e-14	0.372688957807798	0.898	0.835	2.08116619116806e-09
Capza1	1.09635754527929e-13	0.414335044494049	0.676	0.535	2.33129468428187e-09
Mns1	1.17193148234738e-13	0.30872389332202	0.145	0.047	2.49199510406347e-09
Nfkbia	1.21005462372937e-13	0.534578859751133	0.871	0.768	2.57306015189813e-09
Gmfg	1.48649325336312e-13	0.439392668478466	0.797	0.594	3.16087925395134e-09
Arap2	1.82879821259193e-13	0.528342740151923	0.5	0.34	3.88875651925547e-09
Chd3	1.8952920463342e-13	0.556187571463878	0.566	0.411	4.03014900732505e-09
Ell2	1.91176030403181e-13	0.323826599218737	0.395	0.221	4.06516711049324e-09
Crybg1	2.28081212302865e-13	0.331628717750848	0.328	0.172	4.84991889840812e-09
Pxdc1	2.33344158781146e-13	0.567762009065323	0.254	0.119	4.96183019232229e-09
Actr3	2.33412881217239e-13	0.335877822727876	0.957	0.868	4.96329150620338e-09
Ube2v1	2.417737909959e-13	0.38090268637176	0.363	0.202	5.14107789173682e-09
Zfp869	2.90922041181414e-13	0.274743455889389	0.246	0.109	6.18616628368159e-09
Mdh1	3.00979543152645e-13	0.394041263141084	0.754	0.655	6.40002900559784e-09
Mcm6	3.91689228990257e-13	0.343310603418408	0.27	0.124	8.32887976524882e-09
Hsp90ab1	5.23765004241153e-13	0.339481730288457	1	0.991	1.11373390501839e-08
mt-Atp8	6.11602889727308e-13	0.46326112711236	0.914	0.856	1.30051238471615e-08
Rock1	6.15403516038283e-13	0.380979686075774	0.824	0.759	1.30859403650381e-08
Ccnd3	6.26830551153303e-13	0.472266947169415	0.641	0.506	1.33289248397238e-08
Plcg1	6.90256333255723e-13	0.270926899064173	0.238	0.106	1.46776106703497e-08
Glipr2	7.674322891351e-13	0.33144019022058	0.527	0.325	1.63186801961688e-08
Zc3hav1	8.05659933941357e-13	0.457620198009857	0.613	0.487	1.7131552835329e-08
Baz1a	8.31268798207119e-13	0.783378733480788	0.609	0.479	1.76760997250762e-08
Neurl3	8.61146606730864e-13	0.540554681427649	0.598	0.417	1.83114214455251e-08
Rad50	8.63738235116905e-13	0.481623805742527	0.484	0.331	1.83665298315259e-08
Ube2i	1.00682602481263e-12	0.364946460462284	0.82	0.754	2.14091485916158e-08
Il18r1	1.1555482216955e-12	0.648158185684821	0.336	0.177	2.45715773861332e-08
Rpl28	1.41053940222462e-12	0.337058286595322	1	0.992	2.99937098489043e-08
Msi2	1.47657782192981e-12	0.326122468995842	0.5	0.323	3.13979508055155e-08
1810026B05Rik	1.6728031481078e-12	0.416139236364639	0.605	0.461	3.55704861413643e-08
Nr3c1	1.84902777708385e-12	0.544491828887525	0.688	0.592	3.9317726651911e-08
Vasp	2.06772554765399e-12	0.405805288459878	0.703	0.568	4.39681160453144e-08
Pole4	2.56507445403707e-12	0.454571768146537	0.594	0.473	5.45437431906443e-08
Dcaf15	3.13891197497267e-12	0.283576827417133	0.266	0.129	6.67458242358188e-08
Sik1	3.20360022904723e-12	0.375177870141929	0.461	0.295	6.81213552704604e-08
Fhl2	3.27572099495795e-12	0.266030172785676	0.195	0.079	6.96549312367858e-08
Fmnl1	3.60011067895239e-12	0.342533080995745	0.566	0.38	7.65527534772435e-08
Prrc2c	3.85638777227876e-12	0.379752447421973	0.898	0.857	8.20022295897355e-08
Laptm5	4.07618437008651e-12	0.36203542522913	0.961	0.698	8.66759844455196e-08
Cxcr4	4.65823552850089e-12	0.460488375715158	0.348	0.187	9.90527202780429e-08
Mob3a	4.689161293893e-12	0.364193087914674	0.395	0.241	9.97103257533408e-08
Ifi206	5.33855821298591e-12	0.266604887716608	0.156	0.057	1.13519101840932e-07
AI662270	6.10083843029187e-12	0.394364877038146	0.656	0.465	1.29728228381726e-07
Prr7	6.13661739997878e-12	0.285823638886428	0.145	0.05	1.30489032393149e-07
Tomm7	6.2643893814373e-12	0.326216513176482	0.938	0.907	1.33205975806883e-07
Sumo2	6.78277428306642e-12	0.315960723503208	0.938	0.893	1.44228912355124e-07
Gbp6	7.48539020910374e-12	0.407014899229502	0.18	0.073	1.59169337406382e-07
Lcp1	7.68156665905774e-12	0.368553154058539	0.926	0.689	1.63340833438204e-07
Rasa2	8.29628251767428e-12	0.361400404945133	0.391	0.236	1.76412151455826e-07
Arhgap4	8.31270448623059e-12	0.356485137725904	0.344	0.193	1.76761348195207e-07
Sp100	9.18284718750224e-12	0.361577608904764	0.703	0.567	1.95264062595048e-07
H2-Q4	1.03375827201442e-11	0.42538857237621	0.637	0.49	2.19818358961147e-07
Nfatc1	1.03541503186474e-11	0.46552503734473	0.418	0.264	2.20170652375719e-07
Cers4	1.16714554387294e-11	0.561178911178261	0.375	0.23	2.48181828449143e-07
Rab8b	1.1690866610081e-11	0.350672249611115	0.836	0.696	2.48594587596762e-07
B3gnt2	1.22861362408409e-11	0.277835307984159	0.25	0.118	2.61252401025241e-07
Aarsd1	1.35599109675153e-11	0.254942711360941	0.195	0.082	2.88337946813245e-07
Fryl	1.39326474394646e-11	0.408951119810054	0.434	0.285	2.96263815152776e-07
Ddx21	1.45263293581972e-11	0.437152872415066	0.734	0.623	3.08887867472706e-07
Rcsd1	1.46418906915637e-11	0.454011327867756	0.438	0.294	3.11345163665411e-07
Clk1	1.66904255669155e-11	0.419369340986679	0.805	0.715	3.5490520925489e-07
Arf6	1.780847597711e-11	0.429485576897945	0.648	0.53	3.78679433177268e-07
Madd	2.32866083558916e-11	0.393225908353046	0.387	0.241	4.95166440079678e-07
Ubl5	2.34073610587997e-11	0.340961237013005	0.977	0.915	4.97734125554317e-07
Elk3	3.05524146943169e-11	0.353413023393582	0.57	0.417	6.49666546059955e-07
4932438H23Rik	3.44149924231703e-11	0.273363471974761	0.156	0.06	7.31800398886294e-07
Tut4	3.91158945612017e-11	0.538068359040158	0.637	0.518	8.31760381949392e-07
Casp8	3.92361924520196e-11	0.367234189107967	0.625	0.494	8.34318396299745e-07
B4galnt1	4.09710640990338e-11	0.309290905703236	0.516	0.355	8.71208707001856e-07
Rab27a	5.49073198782005e-11	0.357682496249007	0.285	0.154	1.16754924989005e-06
Lrrfip1	5.9730382650395e-11	0.365812862880024	0.652	0.528	1.270106856678e-06
Fli1	6.1631771623611e-11	0.342586851134949	0.594	0.42	1.31053799180447e-06
Ankrd11	7.43282320065188e-11	0.384507493212102	0.773	0.68	1.58051552538662e-06
BC004004	7.47465906564006e-11	0.438165208970538	0.625	0.505	1.5894115037177e-06
Senp6	7.65480810476291e-11	0.49166048109669	0.66	0.567	1.62771839539679e-06
Espn	8.20375446832398e-11	0.358216006470049	0.262	0.133	1.74444635014441e-06
Gm4759	1.2313949916617e-10	0.295654022161089	0.16	0.063	2.61843831026945e-06
Aim2	1.23876793976562e-10	0.326928025566729	0.375	0.224	2.63411614711761e-06
Dnajc9	1.31161653766992e-10	0.363371528793375	0.375	0.233	2.78902140570131e-06
Gbp4	1.54418793570215e-10	0.557239075514951	0.508	0.346	3.28356122647705e-06
Csnk2b	1.58600115813407e-10	0.377958798970919	0.742	0.67	3.37247286265629e-06
Pabpn1	1.58699927351569e-10	0.480106610088089	0.594	0.501	3.37459525520376e-06
Arhgap30	1.71428287382237e-10	0.318069906997819	0.734	0.532	3.64525110289589e-06
Hnrnpm	1.71567847639286e-10	0.353322708047245	0.824	0.779	3.64821871220178e-06
Pdlim2	1.87228907707989e-10	0.274838067438423	0.344	0.201	3.98123549350267e-06
Tuba4a	1.93286114374011e-10	0.390600080934775	0.328	0.194	4.11003593604897e-06
Sumo1	2.04778421811587e-10	0.358191722977706	0.781	0.707	4.35440836140159e-06
Ctla2b	2.27517265494797e-10	0.267826603784718	0.207	0.093	4.83792713348137e-06
Dusp11	2.29964814651669e-10	0.346678367508385	0.711	0.626	4.88997181875308e-06
Hspa8	2.42722395397067e-10	0.328965319869922	0.98	0.977	5.16124901572323e-06
Uhrf2	2.51566135236334e-10	0.625799063672891	0.477	0.353	5.34930229966541e-06
Rpl35a	2.67313431489227e-10	0.258590808588075	1	0.996	5.68415280718693e-06
Cyld	2.82070896761622e-10	0.389411207558559	0.547	0.42	5.99795554873913e-06
Cdc42se2	2.82345880796665e-10	0.34920606404009	0.559	0.433	6.00380280926029e-06
Cdc37	2.82652976383697e-10	0.361257737470205	0.789	0.715	6.01033288982294e-06
Dock8	2.87326932419542e-10	0.318013828921091	0.539	0.375	6.10971989096913e-06
Spcs3	3.28447733832684e-10	0.424716002212985	0.551	0.443	6.98411261221818e-06
Isg20	3.4238032102137e-10	0.41579605255859	0.375	0.235	7.28037514619841e-06
Odc1	3.68631196710935e-10	0.961700787843794	0.594	0.514	7.83857376686132e-06
Hnrnpa3	3.95162422886329e-10	0.345347527586397	0.945	0.912	8.4027337602549e-06
Ppp1ca	4.25861648394715e-10	0.32903414851064	0.926	0.867	9.05552209146522e-06
Ripor2	4.26534742625145e-10	0.298840992297975	0.27	0.14	9.06983476718108e-06
Chd2	5.73726335046111e-10	0.454146682038717	0.5	0.371	1.21997167884205e-05
Gas5	6.12985026852591e-10	0.442624018391926	0.84	0.771	1.30345136109935e-05
Rpl9-ps6	6.76594207619691e-10	0.339405984751532	0.438	0.305	1.43870992308251e-05
Gm26740	7.25657417307658e-10	0.327657737239981	0.273	0.145	1.543037932163e-05
mt-Nd5	7.73541582763062e-10	0.264856291152485	0.969	0.931	1.64485882158737e-05
Sinhcaf	7.84172948761971e-10	0.291867471685191	0.312	0.179	1.66746535824745e-05
Adcy7	8.01335280883846e-10	0.339058965439304	0.43	0.283	1.70395934127141e-05
Myo1g	8.11375918048447e-10	0.338894005837093	0.387	0.249	1.72530975213822e-05
Pigx	8.27711424622208e-10	0.369723403087725	0.434	0.304	1.76004557331666e-05
Dedd2	8.40131404890495e-10	0.268688651519805	0.199	0.093	1.78645541935915e-05
Batf	8.48662242448048e-10	0.482688021661654	0.379	0.239	1.80459539234153e-05
Gng10	8.68230954027483e-10	0.265244780204802	0.371	0.218	1.84620630064404e-05
Eef1g	9.62727341097636e-10	0.365724803471807	0.906	0.845	2.04714341811001e-05
Fosl2	9.8345197895489e-10	0.50500977587268	0.719	0.627	2.09121228804968e-05
Rpl31	1.07863450107651e-09	0.280999783781693	0.98	0.956	2.29360840308908e-05
Kansl1	1.25309320657871e-09	0.334796232771387	0.559	0.44	2.66457739446897e-05
Kmt2a	1.32461393118999e-09	0.371857870753326	0.609	0.503	2.81665906328239e-05
Ttc39c	1.52036792447012e-09	0.293218443898599	0.195	0.092	3.23291035459326e-05
Rexo2	1.52244029090064e-09	0.391183412216348	0.789	0.665	3.23731703457113e-05
Cetn2	1.55269297192832e-09	0.428607427079539	0.582	0.481	3.30164633550838e-05
Mbp	1.76313891858499e-09	0.326263523728028	0.445	0.308	3.74913859647913e-05
Ppp1r15a	2.19701523953347e-09	0.346464422865774	0.688	0.544	4.67173320534398e-05
Rpl41	2.66914478239538e-09	0.265477190606923	1	0.999	5.67566946528553e-05
Snrpe	2.85747536957578e-09	0.326042619198938	0.902	0.836	6.07613562586594e-05
Psph	2.92728862112796e-09	0.288355487725532	0.277	0.16	6.22458652396649e-05
Naa10	3.01868912011879e-09	0.332061348425769	0.48	0.364	6.4189405450206e-05
Ccdc82	3.32265494411889e-09	0.340309164621497	0.395	0.259	7.0652934731744e-05
Acin1	3.50494316112746e-09	0.332561542009603	0.723	0.662	7.45291113782142e-05
Rbm39	3.55944735911686e-09	0.278169177662192	0.969	0.946	7.56880886442609e-05
Gramd1b	3.63071965534904e-09	0.289048202192388	0.25	0.136	7.72036227513419e-05
Aldoa	3.8181353463897e-09	0.403248286667564	0.934	0.877	8.11888300056306e-05
Zfp148	3.89259048255372e-09	0.361816233805896	0.602	0.489	8.27720440210222e-05
Ptk2b	4.23369945589596e-09	0.367087666720409	0.43	0.303	9.00253852301717e-05
Lztfl1	4.3617399285016e-09	0.617107112758253	0.414	0.301	9.27480378396579e-05
Nop53	5.33755969902179e-09	0.41904361232152	0.637	0.563	0.000113497869439999
Ucp2	6.98477466066807e-09	0.295047179990285	0.953	0.874	0.000148524248384446
Coq10b	7.35553897952175e-09	0.413346256268425	0.555	0.455	0.000156408180860551
Ezh2	7.61145311221955e-09	0.289916159702198	0.348	0.212	0.000161849938978236
Rsbn1l	7.69828560747163e-09	0.366891619726704	0.602	0.495	0.000163696345157277
Myo1e	7.76385752121043e-09	0.274603784972962	0.301	0.179	0.000165090666331019
Sp110	7.98726268113631e-09	0.297880332734135	0.566	0.431	0.000169841153651683
Btf3	8.44277097108148e-09	0.28480404420916	0.984	0.961	0.000179527081929076
Actg1	8.65374096827013e-09	0.390252411701121	0.992	0.992	0.000184013147949296
Pnn	8.93281055437397e-09	0.344771969395436	0.645	0.538	0.000189947283628208
Zcchc7	8.99611887646315e-09	0.35684245568334	0.594	0.491	0.000191293471789112
4932438A13Rik	9.50280007196251e-09	0.424288147082289	0.551	0.451	0.000202067540730211
Crot	9.6670499849922e-09	0.44460629547724	0.402	0.282	0.000205560150880874
Sarnp	1.17278930353977e-08	0.3025288140125	0.77	0.713	0.000249381917504697
Ly9	1.18365280251005e-08	0.254288212879245	0.223	0.115	0.000251691931925737
Rnf166	1.2973436152933e-08	0.325252441292845	0.418	0.298	0.000275867146355967
Ythdc1	1.40858574785965e-08	0.477751129281886	0.664	0.622	0.000299521673424877
Serpinb1a	1.41980601414729e-08	0.743506777890652	0.32	0.198	0.00030190755084828
Malt1	1.42099202103475e-08	0.359993349793056	0.562	0.405	0.000302159743352829
Scamp3	1.53404543470027e-08	0.361845710578529	0.516	0.411	0.000326199421234665
Nt5c	1.59347748359147e-08	0.341623281767717	0.676	0.579	0.000338837052110889
Sp4	1.72744686780072e-08	0.294749447374188	0.262	0.146	0.000367324301969144
Rrad	1.74132277792978e-08	0.62014065066354	0.207	0.105	0.000370274875498988
Gm2000	1.83865509619344e-08	0.357057215667138	0.453	0.34	0.000390971619654573
Impa1	1.8897816017614e-08	0.347183356704182	0.516	0.412	0.000401843159798544
Hspa4	1.93321031934533e-08	0.461286340828031	0.711	0.672	0.00041107784230559
Bcor	2.25337420752472e-08	0.273481391596846	0.34	0.216	0.000479157491488056
Sytl1	2.27259342682925e-08	0.273613879926691	0.164	0.077	0.000483244266280971
Hsph1	2.44371464942907e-08	0.290025552536063	0.465	0.341	0.000519631483054597
Srrm2	2.58453379412306e-08	0.26677962198789	0.953	0.923	0.000549575265982327
Tmem123	2.98543703473639e-08	0.366780122619193	0.582	0.493	0.000634823331066345
Atad2	3.3905808446823e-08	0.364761415181908	0.34	0.214	0.000720973110813244
Pstpip1	3.47777525010042e-08	0.277390767626734	0.418	0.288	0.000739514129181354
Rab11fip1	3.82618321060944e-08	0.253772620839123	0.332	0.213	0.000813599597903991
Tgtp1	3.87018137530925e-08	0.254885116902333	0.156	0.071	0.000822955367645759
Snrpd3	3.97013983333283e-08	0.305945540731763	0.781	0.729	0.000844210534159894
Ddit4	4.19649979556119e-08	0.434489657522728	0.297	0.18	0.00089234371652813
Emg1	4.42833979192748e-08	0.2560115947016	0.691	0.595	0.000941642173355459
Phf20l1	4.59337569688029e-08	0.360915386526526	0.598	0.51	0.000976735408184624
Rtf1	4.62063181619663e-08	0.308455320991315	0.676	0.603	0.000982531149396052
Churc1	4.68023381971928e-08	0.350863894049119	0.641	0.56	0.000995204919425108
Cox17	5.06051324744649e-08	0.298628700259739	0.816	0.768	0.00107606753693702
Lsm8	5.59187955559546e-08	0.430072971537869	0.516	0.426	0.00118905726870182
Eif3m	5.84116571209448e-08	0.33187153379272	0.715	0.675	0.00124206547701977
Slc25a19	5.90979012192199e-08	0.252916373979285	0.234	0.13	0.00125665777152549
Slfn2	6.07379056574702e-08	0.312649140419749	0.793	0.631	0.00129153082590045
Lyrm9	6.13703341360613e-08	0.252740010694784	0.227	0.123	0.00130497878506921
Cbx3	7.01372471713963e-08	0.334431943458358	0.828	0.741	0.00149139842385257
Usp3	7.37827133297348e-08	0.325745839437872	0.465	0.355	0.00156891561624348
Mbd2	7.90384136838255e-08	0.324574038419094	0.758	0.704	0.00168067282857286
Cdk2ap2	8.35303330367226e-08	0.255932939561101	0.766	0.695	0.00177618900169287
Lgals7	8.57402370938858e-08	1.10347391770793	0.227	0.122	0.00182318040156439
Wdr44	9.2969970536499e-08	0.264053743760078	0.344	0.224	0.00197691345348811
Ubb	9.43088412641022e-08	0.403400148680726	0.984	0.979	0.00200538320063987
Etnk1	9.7578892427234e-08	0.356075974515788	0.527	0.412	0.0020749175685727
Fyn	1.11263952754578e-07	0.312866977202952	0.539	0.413	0.00236591669137334
Cblb	1.13658598245254e-07	0.260637342187992	0.332	0.215	0.00241683643308707
Spty2d1	1.14752021489429e-07	0.53098627155499	0.531	0.435	0.00244008698495122
Phgdh	1.15630303220778e-07	0.268060540945439	0.309	0.192	0.00245876276768661
Plscr1	1.16377969305124e-07	0.391487629327482	0.348	0.24	0.00247466113930415
Ndufv3	1.20801340580898e-07	0.269928758091804	0.883	0.812	0.00256871970611221
Zc3h13	1.23279921844461e-07	0.356500659968666	0.566	0.473	0.00262142425810062
Utrn	1.4176262605143e-07	0.269634215222345	0.492	0.372	0.0030144404803576
Ctcf	1.45187184663942e-07	0.359050224526847	0.648	0.562	0.00308726029469406
Sipa1l1	1.5480462492277e-07	0.342781440164116	0.426	0.313	0.00329176554435779
Was	1.54996717480661e-07	0.255880035713971	0.539	0.396	0.00329585020050877
Arl4a	1.56954036788228e-07	0.414905030042019	0.371	0.265	0.00333747063826489
4930503L19Rik	1.60871221906279e-07	0.328645241314085	0.242	0.139	0.00342076566261511
Alox5	2.18485821237685e-07	0.384203780249627	0.184	0.095	0.00464588250279814
Grk6	2.23379967346902e-07	0.29061945311502	0.395	0.278	0.00474995162566453
Irf4	2.24581344576006e-07	0.344874160736853	0.219	0.118	0.0047754977110642
Tmem71	2.50384388321464e-07	0.269800287439053	0.25	0.144	0.00532417363326761
Bola2	2.62715085191446e-07	0.282811414087976	0.793	0.714	0.0055863735715109
Ern1	2.70876937152431e-07	0.284927250324037	0.254	0.153	0.00575992719160929
Hivep2	2.92888948601793e-07	0.305311907923123	0.543	0.438	0.00622799060306852
Lgals1	3.19800991667678e-07	0.549569685212423	0.891	0.881	0.00680024828682152
Vars	3.29083601593585e-07	0.352554514921495	0.422	0.319	0.006997633704286
Rictor	3.70211885629041e-07	0.316113831778885	0.406	0.303	0.00787218553601592
2900060B14Rik	3.7873246070283e-07	0.27748961498765	0.266	0.159	0.00805336704438497
Cdc42ep3	3.80258392756432e-07	0.354648632162412	0.422	0.302	0.00808581446357277
Zc3h15	3.8136916523963e-07	0.347082534458131	0.703	0.647	0.00810943392965549
Itpkb	3.81536460374037e-07	0.335553471403911	0.504	0.393	0.00811299129339352
Sesn3	3.89316947971262e-07	0.26450449409971	0.375	0.265	0.00827843558166092
Apobec3	4.04554413621045e-07	0.265989402890484	0.559	0.445	0.00860244505123789
Gpbp1	4.25474572179171e-07	0.289955025340957	0.566	0.48	0.00904729130281789
Snrnp25	4.49753667822017e-07	0.26133020625078	0.301	0.197	0.00956356199256738
Fam129a	4.84414336119419e-07	0.34638584128577	0.5	0.39	0.0103005864432433
Ints6	5.16235722883435e-07	0.288356221365631	0.344	0.237	0.0109772364113934
Zrsr1	5.74260042147576e-07	0.307352177918497	0.242	0.146	0.0122110655362261
Wdr43	6.28508257703042e-07	0.328346862304507	0.539	0.45	0.0133645995917975
Lsm6	6.44807055260033e-07	0.276242764439918	0.617	0.551	0.0137111772230493
Stim1	6.6163396141844e-07	0.274684931764218	0.426	0.317	0.0140689845556017
Aak1	6.7453488386233e-07	0.359361801188782	0.387	0.284	0.0143433097704486
Syf2	7.25708990337108e-07	0.315695594511757	0.695	0.639	0.0154314759705283
Dennd4a	7.42548779738651e-07	0.356683911972111	0.469	0.344	0.0157895572523627
Lrp10	7.85516045655214e-07	0.263387706509476	0.609	0.538	0.0167032131948125
Cntrl	7.86560854098275e-07	0.293425854368721	0.434	0.328	0.0167254300015457
Nol7	7.99149011559671e-07	0.285494219304276	0.816	0.762	0.0169931045818048
Sod1	8.28574463957129e-07	0.355552751132556	0.629	0.564	0.0176188074015844
Diaph1	8.65316964098681e-07	0.278600434085835	0.734	0.669	0.0184000999245944
Cox16	8.98897845845105e-07	0.28223721379783	0.43	0.319	0.0191141637940503
Tex2	1.00834340055465e-06	0.270015803175999	0.23	0.138	0.021441414069394
Mllt6	1.02034987869121e-06	0.26792115655006	0.355	0.249	0.0216967198204899
Hk1	1.05481550816778e-06	0.273096389096385	0.395	0.285	0.0224295969656796
Adnp	1.09293862945218e-06	0.28799850095446	0.301	0.199	0.0232402470166711
Dennd1b	1.13123188492071e-06	0.275170342617927	0.492	0.391	0.0240545148009541
Snrpd2	1.15072631177036e-06	0.272805771283315	0.77	0.75	0.0244690442934849
Arl6ip1	1.23729408928756e-06	0.254500357947602	0.824	0.814	0.0263098215146106
Nfkbid	1.27311060885911e-06	0.448404951905788	0.336	0.23	0.0270714239867802
Wdr89	1.29366468554388e-06	0.268444461675487	0.59	0.502	0.027508485873405
Cct2	1.30813817017573e-06	0.269055191141401	0.766	0.714	0.0278162500506167
Nfatc3	1.32526649059466e-06	0.338371513082351	0.426	0.324	0.0281804666560049
Serpinb9	1.50267237965841e-06	0.342416067099867	0.398	0.289	0.0319528254810565
Riok1	1.52666236579457e-06	0.266352709037588	0.422	0.323	0.0324629485462558
H2-Q6	1.71566320288858e-06	0.358416283471916	0.273	0.178	0.0364818623462229
Trp53	1.75143588992698e-06	0.279126514153938	0.5	0.415	0.0372425327634074
BC018473	1.81685256406828e-06	0.50091639843998	0.141	0.069	0.0386335529223479
Arhgap9	1.8770027442111e-06	0.307785742966605	0.426	0.316	0.0399125863529047
2410006H16Rik	1.96098712418666e-06	0.364379292476636	0.707	0.651	0.0416984302087052
Rps6ka1	2.03075791915108e-06	0.283361599230162	0.445	0.336	0.0431820363928286
Hopx	2.14503990039493e-06	0.307622135529219	0.336	0.224	0.0456121284419979
Mdfic	2.18896160026785e-06	0.384843681769742	0.508	0.439	0.0465460794680956
