id	p_val	avg_log2FC	pct.1	pct.2	p_val_adj
Txk	0	2.41269095988792	0.907	0.102	0
Klrb1c	0	2.30107558991593	0.82	0.038	0
Klrb1f	0	1.46040151534228	0.659	0.032	0
Klre1	0	2.60026905635183	0.878	0.061	0
Ncr1	0	2.33276784884893	0.81	0.039	0
Il2rb	0	2.76816055854884	0.99	0.132	0
Nkg7	6.62823120814945e-308	3.52229345439689	1	0.139	1.4094270841009e-303
Ctsw	4.51288030599516e-307	2.30978675188773	0.907	0.106	9.59618868266811e-303
Prf1	1.91309853125418e-303	2.87214925249676	0.746	0.068	4.06801271685889e-299
Klrd1	8.84651125327055e-300	2.59961236526802	0.937	0.118	1.88112215289545e-295
Trbc1	3.74065532206933e-288	2.00367866815713	0.888	0.103	7.95412947684823e-284
Klri2	2.20746958271453e-264	1.3233179598861	0.424	0.022	4.69396332068418e-260
Klrb1a	1.67558217283341e-259	1.20766998803578	0.424	0.022	3.56295793231296e-255
Klra7	1.59129814787561e-258	1.76766580475661	0.415	0.021	3.3837363816427e-254
Sh2d2a	3.65764210336943e-253	1.91440443201611	0.839	0.107	7.77761016860476e-249
Xcl1	1.52673903464239e-250	2.79978819461802	0.571	0.045	3.24645788326357e-246
Ptprcap	2.60637509657053e-250	2.27002051366557	0.971	0.158	5.54219600534757e-246
Klrk1	8.32585722928822e-247	2.31736360766489	0.907	0.141	1.77041028123585e-242
Eomes	1.29456555161915e-246	1.51269421855721	0.571	0.046	2.75276418896296e-242
Samd3	1.02862322970373e-242	0.862425079391085	0.366	0.017	2.187264435642e-238
Cd7	6.27670479637826e-237	1.89137025284429	0.722	0.081	1.33467850790187e-232
Sh2d1a	5.03724475814994e-232	1.25449519113668	0.541	0.044	1.071119725373e-227
Ms4a4b	9.11263498499129e-228	2.70876839955557	0.941	0.16	1.93771070320855e-223
Khdc1a	9.27588208498716e-219	0.667785769755356	0.224	0.006	1.97242356655167e-214
Gimap4	3.66961493861924e-217	2.21834035772671	0.937	0.167	7.80306920547994e-213
Fasl	4.03236564892191e-196	1.25342720769661	0.595	0.065	8.57442231586754e-192
Stat4	1.05977839772264e-195	1.77188606685917	0.815	0.135	2.25351278491743e-191
Klra9	2.83233177945729e-195	1.13955896025653	0.278	0.012	6.02267029583797e-191
Car2	7.9567850783244e-191	2.14750393578645	0.78	0.121	1.6919307790549e-186
Ctla2a	7.34351178543623e-187	2.62070632912374	0.907	0.182	1.56152434605516e-182
Klrc2	4.37626910590374e-185	1.21957147144645	0.488	0.045	9.30569862679372e-181
Gimap3	2.22518631922071e-184	1.87357204603266	0.805	0.131	4.73163618919093e-180
Klra8	2.14825034001355e-176	1.49545952803537	0.293	0.015	4.56803952300482e-172
Skap1	2.27317441612222e-167	1.45522732352714	0.717	0.112	4.83367807844229e-163
Sept1	2.33129777433158e-162	1.87789796754597	0.859	0.191	4.95727158733867e-158
Gzma	5.7453376093594e-162	4.01034989466851	0.839	0.181	1.22168858925418e-157
Gimap7	6.94378227733805e-162	1.45685694857291	0.659	0.096	1.47652586345316e-157
Lax1	1.5253156866653e-159	0.784352151763349	0.376	0.03	3.2434312761251e-155
Gimap1	2.50078361542356e-158	1.60979673321051	0.849	0.175	5.31766627983667e-154
Satb1	3.02395505729057e-157	1.78159682978579	0.78	0.148	6.43013803382266e-153
Cd160	1.72559598370951e-156	0.996459686365321	0.385	0.032	3.6693072997599e-152
Klra4	1.82999265464313e-155	1.78566842995461	0.307	0.02	3.89129638083315e-151
Gzmb	1.25503710649075e-154	2.7296201935994	0.712	0.116	2.66871090324192e-150
Lck	3.67409238007338e-154	1.25881681799245	0.688	0.11	7.81259003698805e-150
Gimap5	1.21584580927047e-151	1.47565427669035	0.717	0.127	2.58537452883272e-147
Gimap6	1.0266777954226e-146	1.84773709157605	0.834	0.192	2.18312766418661e-142
Gm19585	6.37018134734776e-146	1.25325678014391	0.59	0.084	1.35455536170003e-141
Ptpn22	1.61064167655436e-143	1.53868424908783	0.805	0.181	3.42486846102519e-139
Fcrl6	3.72230978158448e-143	0.459954810466998	0.2	0.008	7.91511951956124e-139
Gm36723	4.1533473424783e-141	0.936200852063326	0.4	0.039	8.83167778904585e-137
Phactr3	6.3700017664135e-140	0.432051410909436	0.141	0.004	1.35451717561017e-135
Klrc1	1.14518159037994e-138	1.40723042438444	0.459	0.053	2.43511413378391e-134
Tmsb15a	3.29926087218643e-137	0.495968926170459	0.151	0.004	7.01554831861722e-133
Clnk	3.52171677462883e-135	0.659877121906261	0.322	0.025	7.48857854957074e-131
Tbx21	3.50393672334785e-131	0.821872691949407	0.41	0.044	7.45077104852686e-127
Gimap8	1.67115633964179e-129	1.13712172204237	0.571	0.09	3.55354684061431e-125
AW112010	1.29354514106806e-128	3.274348563061	1	0.6	2.75059438796711e-124
Cd2	7.88541470497843e-128	1.15923399840627	0.615	0.103	1.67675458286661e-123
Hcst	1.02683436524084e-127	1.97021132900697	0.907	0.31	2.18346059424811e-123
Emid1	1.67924774740354e-121	0.682921033102171	0.322	0.029	3.5707524100789e-117
Ikzf3	8.52041864394385e-121	1.02650583681813	0.527	0.079	1.81178182044822e-116
Gm11714	1.77481218675038e-120	0.499081528209167	0.224	0.013	3.77396063390602e-116
Gm2682	5.49181541886209e-117	0.642624152623456	0.259	0.019	1.16777963066683e-112
Padi2	2.56676770308056e-114	1.00086609152234	0.527	0.086	5.45797484383051e-110
Cst7	2.18009633204916e-112	1.26474226554435	0.576	0.105	4.63575684046933e-108
Trdc	5.3378740531409e-110	0.903113004896973	0.341	0.035	1.13504553865988e-105
Gm15472	1.20126201940887e-109	0.898218326476417	0.444	0.062	2.55436355807103e-105
Ptprc	4.21644304727628e-108	1.89170288854645	1	0.663	8.96584449572829e-104
Klra13-ps	1.35990716186931e-106	0.423998127717992	0.141	0.005	2.8917065889989e-102
Gm15518	1.72255577241517e-106	0.443197820985101	0.171	0.008	3.66284259446362e-102
Vps37b	4.588674760295e-105	2.03271834180532	0.859	0.321	9.75735801029128e-101
Klra3	3.21331020532182e-104	0.976722665824702	0.224	0.016	6.83278282059631e-100
Ugcg	1.32672174663101e-103	1.72318910452317	0.902	0.386	2.82114112203618e-99
Tbc1d10c	1.38828254112451e-103	1.05104075289552	0.551	0.105	2.95204399544716e-99
Acap1	1.22318887758607e-101	0.850020744500524	0.493	0.083	2.60098882929902e-97
Pglyrp1	5.87994727901829e-101	1.33751288445077	0.61	0.134	1.25031198941045e-96
Ccl5	1.41219094739096e-100	2.63389574937651	0.732	0.197	3.00288283053213e-96
Rpl38	2.10970978668729e-99	1.15827644758702	1	0.996	4.48608689041186e-95
Qrfp	1.32566263117081e-98	0.466296314325939	0.205	0.014	2.81888901892162e-94
Sytl3	2.13179322823037e-98	0.797699170303532	0.351	0.043	4.53304512050905e-94
Ets1	2.48797341916273e-97	1.4277647643754	0.898	0.305	5.29042667850763e-93
Selplg	1.43848724842995e-93	1.53504496086661	0.946	0.444	3.05879928506144e-89
Rps24	9.1098887075557e-93	1.06938060838085	1	0.997	1.93712673477464e-88
Rinl	1.51092133990742e-91	1.25793956117452	0.712	0.214	3.21282313717914e-87
Trdv4	1.1008083132234e-90	0.52198019571358	0.2	0.014	2.34075879723824e-86
Spn	1.19282841499178e-89	1.07417302319159	0.58	0.13	2.53643034163853e-85
Rps15a	1.25150453721588e-89	1.1661031220127	1	0.992	2.66119924793585e-85
Hsd11b1	2.92718667793875e-89	0.964613059694466	0.498	0.094	6.22436975196896e-85
Cd27	3.66683828766113e-89	0.911957403058412	0.483	0.09	7.79716493488263e-85
Rpl23	8.22985704234795e-89	0.967825607162646	1	0.996	1.74999680148487e-84
Rpl36	2.14731728066158e-88	1.05149152281938	1	0.994	4.56605546559879e-84
Styk1	2.66194744396444e-88	0.885992488663288	0.385	0.059	5.66036504484598e-84
Itgal	1.14935656377217e-87	1.24567397526132	0.722	0.216	2.44399179720514e-83
Rps7	6.97739214232754e-87	1.03424927854883	1	0.99	1.48367266514453e-82
Cd226	7.08163396765352e-87	1.08637693332851	0.415	0.068	1.50583864688184e-82
Runx3	3.49927176058767e-86	1.54990429977176	0.859	0.354	7.44085147171363e-82
Rpl13	1.07357888825976e-85	1.00213781166319	1	0.995	2.28285814799556e-81
Rpl12	1.35065996200716e-85	1.24705453564716	1	0.973	2.87204334321202e-81
Gm20069	5.33667798608536e-85	0.424696779148581	0.215	0.018	1.13479120696119e-80
Rpl34	1.53153047191233e-84	0.938129843667044	1	0.992	3.25664639547437e-80
Rps21	3.37838056516378e-84	0.903333160384836	1	0.997	7.18378843376427e-80
Rps3	3.43919114110893e-84	0.951483634520121	1	0.989	7.31309604245402e-80
Rac2	9.75447043334861e-84	1.45108332379966	0.98	0.602	2.07419059294725e-79
Bcl2	2.30306632621471e-83	1.65352384457001	0.8	0.32	4.89724023606296e-79
Rpl32	3.08539459853365e-83	1.06095235913192	1	0.992	6.56078307432195e-79
Ablim1	2.396774611536e-82	1.24365845691986	0.805	0.287	5.09650153397015e-78
Klrb1b	2.82236594639494e-82	1.20327814604866	0.415	0.071	6.0014789484142e-78
Rpl18a	4.5216445602515e-82	1.01206531375124	1	0.994	9.61482499291878e-78
Rgs1	9.23005761277712e-82	2.12020504823226	0.844	0.312	1.96267945078093e-77
Pim2	1.58182176801991e-81	0.730528084923273	0.346	0.05	3.36358580751753e-77
Rpl18	4.77303029878262e-81	0.997988904285804	1	0.991	1.01493716273314e-76
Sla2	6.50175921016939e-81	0.554151146071555	0.322	0.043	1.38253407845042e-76
Rpl39	7.70436826462483e-81	1.02328150515038	1	0.995	1.63825686778982e-76
Ifng	6.62195586288573e-79	1.51710408169814	0.332	0.047	1.40809269468402e-74
Cd244a	7.04280459361491e-78	0.941016826449738	0.541	0.13	1.49758196878627e-73
Gm6637	9.60635954894433e-78	0.251387272026451	0.117	0.005	2.04269629448752e-73
Tnfrsf18	1.06837063047489e-77	0.957674184720382	0.532	0.119	2.2717833086418e-73
Rps23	1.68297247807966e-77	0.851531215578693	1	0.993	3.57867267738859e-73
Hopx	2.52478957285177e-77	1.20873599045251	0.698	0.218	5.36871254771201e-73
Rpl37	2.94679974538045e-77	0.952740826558646	1	0.995	6.26607497857699e-73
Rps18	6.77456941237134e-77	1.13425418464661	1	0.983	1.44054443984664e-72
Rps16	1.72953989271099e-76	0.851520819039267	1	0.995	3.67769362786066e-72
Trbc2	1.79117837189747e-76	1.40389941194073	0.585	0.141	3.80876169000279e-72
Rpl30	4.99052976971444e-76	0.906341929361343	1	0.992	1.06118625023208e-71
Gimap9	5.62382580549384e-76	1.12041877155821	0.546	0.136	1.19585031928021e-71
Sept6	1.26054289231441e-75	1.10611693599604	0.624	0.185	2.68041840621737e-71
Rpl27	2.70975910551672e-75	1.08173541663123	1	0.972	5.76203176197075e-71
Rpl37a	5.52616936482904e-75	0.857732591688362	1	0.997	1.17508465373725e-70
Ifitm10	5.61018852875322e-75	0.518915883698692	0.244	0.026	1.19295048875409e-70
Cd52	1.29253889014223e-74	1.48040544703241	1	0.696	2.74845469599844e-70
Rps27	5.65525301980054e-74	0.875860300909422	1	0.994	1.20253300213039e-69
Gm14029	7.35284116429394e-74	0.456451547352756	0.19	0.016	1.56350814517546e-69
Tcf7	1.016566916291e-73	0.77225136802163	0.317	0.045	2.16162789080117e-69
Shisa5	1.43048123393224e-73	1.39664746241879	0.951	0.756	3.04177529583351e-69
Ppp3cc	3.22468394372296e-73	0.843562364297013	0.459	0.099	6.8569679379325e-69
Cyfip2	4.76959491108217e-72	1.04700070502844	0.629	0.198	1.01420666189251e-67
Rpl3	1.23239160783075e-71	0.991207778081068	1	0.986	2.62055751489131e-67
Gimap1os	2.20516007907257e-71	0.716657578317267	0.307	0.045	4.68905239213992e-67
Rab37	2.85725095558565e-71	0.587504090778628	0.293	0.04	6.07565843195733e-67
Gpr174	1.03029314766879e-70	0.711590414457607	0.327	0.05	2.19081534920292e-66
Rpsa	1.4682342283652e-70	0.99466126852812	1	0.992	3.12205326319576e-66
Rpl19	2.64367676060023e-70	0.844583519122247	1	0.995	5.62151426374033e-66
Rps12	7.44173492414569e-70	0.921445767143856	1	0.993	1.58241051427034e-65
Rps13	7.88280897261468e-70	0.866281600994313	1	0.989	1.67620049993679e-65
Rhof	1.32824973241782e-69	0.659128735251492	0.356	0.061	2.82439023101326e-65
Rps10	1.48895109483379e-69	0.947322297385999	1	0.991	3.16610560805458e-65
Serpinb6b	1.52685562311687e-69	1.25098847269376	0.712	0.222	3.24670579699571e-65
Rpl17	2.97744476753586e-69	0.914297146973674	1	0.989	6.33123855368825e-65
Adamts14	4.22820071764493e-69	0.347426725370272	0.176	0.015	8.99084600600017e-65
Serpinb9	8.3228063573284e-69	1.6690272044467	0.712	0.283	1.76976154382231e-64
Rps5	9.95481583920353e-69	0.905657647774708	1	0.993	2.11679204004824e-64
Rps14	4.01312475460236e-68	0.809194942498134	1	0.994	8.53350847818647e-64
Thy1	1.03068823248887e-67	1.162200444649	0.624	0.185	2.19165545756433e-63
Rpl9	2.23058414135667e-67	0.912028270805965	0.995	0.99	4.74311411818082e-63
Rpl11	2.41378053306191e-67	0.834753104621342	1	0.993	5.13266292550285e-63
Rps20	4.69407445197442e-66	0.930851501250539	1	0.993	9.9814799146784e-62
Zap70	1.25001435068298e-65	0.672184553299862	0.41	0.081	2.65803051529228e-61
Rplp2	9.01980795726287e-65	0.752718548612592	1	0.994	1.91797196403238e-60
Rplp1	1.59971606864017e-64	0.782961945662369	1	0.997	3.40163624835645e-60
Jak1	3.71790219975484e-64	1.24637643592851	0.966	0.804	7.90574723755869e-60
Sub1	8.70615507909675e-64	1.26021146342855	0.99	0.907	1.85127681601913e-59
Pdcd4	1.33537376457048e-63	1.51145883932673	0.878	0.501	2.83953877298267e-59
Myb	3.20595835451959e-63	0.541042291667366	0.21	0.023	6.81714984505045e-59
Rps3a1	4.97387558016686e-63	0.804035386879338	1	0.994	1.05764490336668e-58
Ptpn18	5.87626557399459e-63	1.11470985649607	0.985	0.676	1.24952911165421e-58
Rps11	6.04031094788506e-63	0.842660682600951	1	0.993	1.28441171995828e-58
Il18rap	1.75280368466804e-62	0.926673830464138	0.449	0.108	3.72716175507811e-58
Id2	2.11401855435038e-62	1.27419329870781	0.941	0.502	4.49524905397066e-58
Sh2d1b1	5.4224223622825e-62	0.518352146246859	0.283	0.043	1.15302389111575e-57
Lef1	1.16025212698494e-61	0.554722904046565	0.259	0.036	2.46716012282078e-57
Rpl10a	3.01758501981566e-61	0.898118909862013	1	0.98	6.41659278613601e-57
Cd247	4.98308794922844e-61	0.592435752503125	0.346	0.063	1.05960382152394e-56
Chsy1	2.35008029669482e-60	0.978852006535492	0.62	0.223	4.99721074289187e-56
Eef1a1	6.34282892170532e-60	0.683158553900382	1	0.998	1.34873914191142e-55
Ppm1j	1.1583486324251e-59	0.502107343468248	0.259	0.037	2.46311253198874e-55
Rpl27a	2.52669261677153e-59	1.13851484470903	1	0.978	5.37275918030298e-55
Ipcef1	9.75145381459562e-59	0.72605473606888	0.38	0.08	2.07354913913561e-54
Rpl8	1.09286321862445e-58	0.801074836720014	1	0.993	2.32386434808304e-54
P2ry10	6.90038658020442e-58	1.00762802658523	0.459	0.116	1.46729820241467e-53
Rpl6	3.44204807890592e-57	0.733168093922711	1	0.994	7.31917103498555e-53
Gem	6.10426368829506e-57	1.06245748233191	0.532	0.154	1.29801063067906e-52
Gzmc	1.11890610851652e-56	1.93398978810755	0.127	0.009	2.37924194914953e-52
Ctla2b	1.80096461656865e-56	1.02299011727896	0.395	0.09	3.82957116067157e-52
Tmsb10	6.72180215505391e-56	1.15345190642902	1	0.923	1.42932401025066e-51
Rps26	6.93968524534887e-56	0.795812740924917	1	0.991	1.47565467057098e-51
Apol7e	2.14223408179519e-55	0.356367387910298	0.166	0.016	4.5552465515293e-51
Rpl22	8.18687157746212e-55	0.746408602505214	1	0.985	1.74085637223154e-50
Rpl29	9.50465826824184e-55	1.04272322095142	0.976	0.79	2.02107053415895e-50
Il2rg	2.18110078486185e-54	1.07648231890353	0.805	0.39	4.63789270893024e-50
Cd37	2.26644063765007e-54	1.04518852784887	0.698	0.291	4.81935937189912e-50
Dusp2	4.78232444446445e-54	1.10824830893587	0.61	0.199	1.01691346987092e-49
Gm33104	1.51528323650618e-53	0.473944860109009	0.21	0.027	3.22209827410674e-49
Rpl7	2.33955970770744e-53	0.743978220379835	1	0.982	4.97483976246909e-49
Rplp0	3.81092344186855e-53	0.784623812697064	1	0.987	8.10354760678928e-49
Cysltr2	1.71355393794749e-52	0.589093158258012	0.229	0.033	3.64370109365155e-48
Gm43065	3.0323473078345e-52	0.482656514499417	0.224	0.032	6.44798331537928e-48
Pfn1	8.73894949625608e-52	0.841281092312257	0.995	0.978	1.85825022088389e-47
Jakmip1	2.00308120245211e-51	0.456975975795505	0.234	0.035	4.25935186889416e-47
Nabp1	9.09224199089668e-51	1.37661438829442	0.78	0.39	1.93337433694427e-46
Nrgn	2.25629473535915e-50	0.776234447199704	0.263	0.044	4.79778512526769e-46
Arhgap45	2.84066767606492e-50	1.00903733780927	0.756	0.383	6.04039574638444e-46
Klra1	3.79134043235779e-50	0.476428676562531	0.117	0.009	8.06190629536559e-46
Nup210	5.26073210378428e-50	0.850403362714066	0.488	0.15	1.11864207454869e-45
Traf3ip3	3.55323590519881e-49	0.747538426431876	0.478	0.148	7.55560082881475e-45
Rpl24	4.30300927504742e-49	0.807844129727338	1	0.975	9.14991892246084e-45
Arhgdib	7.12702419280314e-49	0.918856163401866	0.995	0.811	1.51549042435766e-44
Rps27a	8.94294265911582e-49	0.646093888730766	1	0.994	1.90162732703439e-44
Nlrc3	1.56606619692258e-48	0.56704267498636	0.312	0.064	3.33008316113618e-44
Fam189b	3.02995203526721e-48	0.735763196408056	0.39	0.101	6.4428900077922e-44
Gpr18	8.05573651411882e-48	0.65306424620003	0.327	0.07	1.71297181236223e-43
Rnf43	2.8030392689288e-47	0.274339274204185	0.141	0.014	5.9603827014502e-43
Ltb	3.76648171105248e-47	1.43535215771634	0.532	0.183	8.009046710382e-43
Rpl5	6.11002374330144e-47	0.752279787099793	0.995	0.955	1.29923544877562e-42
Rpl23a	6.33597643319403e-47	0.926662854024883	0.985	0.957	1.34728202875438e-42
Ppp1r16b	6.62140082911015e-47	0.755357146157743	0.42	0.114	1.40797467230198e-42
Dapk2	8.8064515127194e-47	0.497643352517632	0.283	0.053	1.87260384966465e-42
Il12rb2	2.52420289466487e-46	0.498863424904473	0.21	0.031	5.36746503521538e-42
Rps4x	3.14973193243057e-46	0.741100684723691	1	0.993	6.69758998112036e-42
Sult2b1	1.02144980421203e-45	0.396306725970592	0.146	0.015	2.17201086367646e-41
Sh3bgrl3	1.13083995709409e-45	0.905857602092767	0.995	0.909	2.40461808476488e-41
Rps28	3.73415756159336e-45	0.693676050899557	1	0.991	7.94031263897212e-41
Rbl2	1.11713223619701e-44	0.998023628765597	0.605	0.268	2.37546998704932e-40
Epsti1	1.27340961899175e-44	0.96629091595624	0.805	0.464	2.70777821382406e-40
Klrg1	1.27974923173222e-44	0.458831397003903	0.18	0.024	2.7212587663554e-40
Cnn2	2.03982838962046e-44	1.03493484436021	0.839	0.519	4.33749108768894e-40
Gm37248	2.07343160735065e-44	0.357531440041879	0.156	0.018	4.40894496987041e-40
H2-K1	3.59376413467628e-44	0.760364422292375	1	0.968	7.64178005597563e-40
Rpl14	4.12117765963479e-44	0.701355498094937	1	0.975	8.76327217544742e-40
S1pr4	5.68801132933063e-44	0.469169504010487	0.249	0.045	1.20949872906886e-39
Zcchc18	8.57749803030284e-44	0.393890334490108	0.19	0.027	1.8239191811636e-39
Ifngr1	1.59234217469868e-43	1.06814023340489	0.941	0.762	3.38595640027928e-39
Gm4759	3.4408814083409e-43	0.585791917751618	0.293	0.061	7.31669022669609e-39
Arsb	3.63929268873454e-43	1.03389165719048	0.532	0.211	7.73859197332512e-39
Cd28	3.73441576874044e-43	0.746091302701724	0.361	0.09	7.94086169064968e-39
C230085N15Rik	1.26347746412816e-42	0.312020455946297	0.132	0.013	2.68665847972212e-38
Rpl36a	1.40658205232399e-42	0.733738909726876	1	0.97	2.99095607606174e-38
Rpl10	1.96270459027838e-42	0.745664462996161	1	0.983	4.17349504076795e-38
Gpr171	2.08165888756877e-42	0.902401274425082	0.541	0.195	4.42643945852623e-38
Zfp512	8.04411153697201e-42	0.901203090123721	0.512	0.198	1.71049987722173e-37
Dennd4a	1.62734376452097e-41	1.09770166770287	0.683	0.341	3.46038378087739e-37
Bcl2l11	2.8333042148342e-41	1.15283290502592	0.722	0.417	6.02473808242344e-37
Rps8	4.90636315482095e-41	0.581252442987839	1	0.997	1.04328906124113e-36
Eef1b2	7.6284906366357e-41	0.716305006500634	1	0.953	1.62212224897421e-36
Coro1a	9.86868633659445e-41	0.889261338844916	0.985	0.655	2.09847746261344e-36
Uba52	1.46230436554516e-40	0.978559136137469	0.932	0.807	3.10944400289523e-36
Cd96	1.87395669421399e-40	0.528248533399832	0.249	0.048	3.98478151457662e-36
Gm29243	1.94549129953789e-40	0.341526149175763	0.156	0.02	4.13689269933736e-36
Itk	3.71257340374581e-40	0.637576503753804	0.337	0.083	7.8944160857251e-36
Rpl41	4.01239298260186e-40	0.706725384609217	1	0.999	8.5319524382046e-36
Irf8	6.14689446083085e-40	1.43323626238593	0.849	0.569	1.30707563815107e-35
Dusp5	1.65038725202967e-39	1.04997261006578	0.751	0.418	3.5093834527159e-35
Tcrg-C4	2.39577120069734e-39	0.665133939609225	0.229	0.041	5.09436788116283e-35
Prkcq	2.91617755752239e-39	0.511802421747087	0.42	0.122	6.20095995831561e-35
Tespa1	4.57676429522225e-39	0.481549453537092	0.239	0.045	9.73203159736058e-35
Rack1	1.57838786128884e-38	0.657941493837108	1	0.976	3.35628394824459e-34
Rpl15	2.7001894453485e-38	0.796859200628977	1	0.953	5.74168283658904e-34
Mbnl1	3.28586952504799e-38	0.848929508684343	0.976	0.907	6.98707295806206e-34
Cxcr3	3.57252488958456e-38	0.556529395294949	0.268	0.058	7.59661692521261e-34
Rps9	4.23159896503766e-38	0.522541815421953	1	0.997	8.99807203925608e-34
Rps2	5.34423597331564e-38	0.7934801048522	1	0.992	1.13639833736584e-33
Lars2	5.49078238917401e-38	0.803024425834088	1	0.955	1.16755996723396e-33
Rpl22l1	7.80291472868414e-38	0.87928411931226	0.961	0.871	1.6592117879074e-33
Fxyd5	2.31456636400276e-37	0.788013649317578	0.995	0.739	4.92169391641547e-33
Serbp1	3.69645538110909e-37	0.729784267935725	0.995	0.936	7.86014272239037e-33
Pvrig	8.75734111665653e-37	0.252257463063556	0.112	0.011	1.86216101504585e-32
Sell	1.00159215246293e-36	1.12568484052816	0.537	0.208	2.12978555299717e-32
Ccdc88c	1.02984651771356e-36	0.662060665777465	0.429	0.144	2.18986563526611e-32
5830444F18Rik	2.62668775537329e-36	0.356464095186276	0.156	0.022	5.58538884302575e-32
Tmem163	3.10585079466512e-36	0.251075917507694	0.117	0.013	6.60428112977591e-32
Atp8b4	8.43055680876535e-36	0.705305309591124	0.449	0.162	1.79267359981586e-31
Card11	8.86433102442172e-36	0.508341222862439	0.288	0.07	1.88491134903303e-31
Rpl21	4.21776514074744e-35	0.600743663438216	1	0.987	8.96865579528535e-31
Fau	5.78593207106491e-35	0.529376087105971	1	0.997	1.23032059559124e-30
Snrpg	1.11884443625233e-34	0.653065769209898	0.976	0.902	2.37911080924696e-30
Tnfrsf9	2.1352767996509e-34	0.594391775691994	0.288	0.069	4.54045258677768e-30
Myl6	2.47307390772915e-34	0.609741802822894	1	0.988	5.25874435739526e-30
A930024E05Rik	3.16314314891908e-34	0.401276615004358	0.19	0.034	6.72610759186154e-30
Pglyrp2	3.24980294378741e-34	0.382672454631678	0.22	0.044	6.91038097966955e-30
Rpl35a	3.74934329570811e-34	0.474954655427184	1	0.996	7.97260358399373e-30
Cblb	4.73739942649365e-34	0.770655064434982	0.502	0.212	1.00736061404961e-29
Slamf7	6.25647380802877e-34	0.643023622536813	0.371	0.114	1.33037659053924e-29
Itga2	8.6165218148418e-34	0.488631152814438	0.234	0.049	1.83221719870796e-29
Naca	9.17001863986847e-34	0.643972432621394	1	0.973	1.94991276358163e-29
Rps15	1.10945094042333e-33	0.705996254597386	1	0.977	2.35913647971617e-29
Itgb7	1.65033348822574e-33	0.801790801567293	0.527	0.218	3.50926912936321e-29
Sema4d	2.21830394478361e-33	0.813405681085486	0.595	0.287	4.71700150818787e-29
Rpl28	6.48504653937772e-33	0.565767691206548	1	0.992	1.37898029613328e-28
Mctp2	1.7080837016236e-32	0.440065668393205	0.229	0.05	3.63206918313241e-28
Crtam	1.75387890235462e-32	0.275564356251476	0.112	0.013	3.72944809796686e-28
Gas5	1.80840990219199e-32	0.790487921259345	0.902	0.77	3.84540281602105e-28
Rpl31	5.13160141696968e-32	0.63419989445823	0.99	0.956	1.09118372530443e-27
Pik3r1	6.54110479501748e-32	0.84976402140329	0.741	0.508	1.39090052361252e-27
Prkch	2.03004512333432e-31	0.64208716837261	0.434	0.163	4.3166879502581e-27
Pabpc1	2.19041048781093e-31	0.715335452159815	1	0.931	4.65768886128116e-27
Rps6	1.40741300306609e-30	0.803339852284602	0.985	0.934	2.99272300971974e-26
Dock2	2.22117822555896e-30	0.856212941997704	0.712	0.452	4.72311337882858e-26
A630072M18Rik	3.08804917809795e-30	0.563470093558443	0.288	0.08	6.56642777230749e-26
Fhl2	5.07276668836579e-30	0.473913131869711	0.288	0.078	1.0786731086141e-25
Tut4	5.82288288446906e-30	0.841874470687446	0.761	0.516	1.2381778165535e-25
Arhgap9	6.5521759739122e-30	0.738776472428529	0.595	0.313	1.39325469909269e-25
Rpl7a	8.49249116171399e-30	0.526788081073174	1	0.978	1.80584332062686e-25
Rnf157	1.16606267900846e-29	0.472860205874818	0.239	0.058	2.47951568064358e-25
Spry2	1.24038635180893e-29	0.749444810370019	0.483	0.2	2.63755753848651e-25
H2-Q7	1.96766225450997e-29	0.960735498488578	0.702	0.471	4.18403701799001e-25
Uqcrh	2.53031390876654e-29	0.589424033189048	0.995	0.948	5.38045949560117e-25
Pkp3	3.29720231586194e-29	0.687775100232747	0.4	0.148	7.01117100444882e-25
Limd2	3.46060909342059e-29	0.805146312884597	0.693	0.424	7.35863917624954e-25
1810041H14Rik	5.20389885957545e-29	0.271032013875027	0.137	0.021	1.10655705350012e-24
Ripor2	7.95124822299933e-29	0.601431712846009	0.385	0.139	1.69075342213858e-24
Btg1	8.48161508961303e-29	0.844110312917749	0.995	0.875	1.80353063265532e-24
Fam107b	9.72444675535223e-29	0.83389972308574	0.595	0.339	2.0678063580581e-24
Rab19	1.2766755978291e-28	0.516907552987928	0.293	0.087	2.71472299122379e-24
Tyrobp	2.55449436731874e-28	0.833415516349463	0.966	0.689	5.43187682266658e-24
Hist1h1e	5.11987613564702e-28	0.94629809785422	0.717	0.485	1.08869046148398e-23
Lamb3	7.40452519538377e-28	0.381511132923637	0.19	0.04	1.5744982375464e-23
Tes	1.11622018092601e-27	0.737801641060455	0.688	0.397	2.37353059272107e-23
Cited4	1.85622925847235e-27	0.48259701223315	0.18	0.037	3.9470858952156e-23
B4galnt1	2.09765155205725e-27	0.834552966045848	0.6	0.354	4.46044626029453e-23
Klhl6	2.11558097882495e-27	0.66063550548364	0.4	0.156	4.49857139337338e-23
Sytl2	2.33851615285277e-27	0.454996321243316	0.302	0.088	4.97262074742614e-23
Ptpn7	3.22541083878311e-27	0.697857181268122	0.468	0.206	6.85851360758841e-23
Lat2	3.97191928746514e-27	0.818192859596177	0.576	0.304	8.44588917286588e-23
Npm1	4.34384338662844e-27	0.730366757536784	0.971	0.944	9.23674857732671e-23
Bspry	4.61897211766506e-27	0.287536508249899	0.161	0.03	9.82178231100298e-23
Ctla4	6.41696327275517e-27	0.757737339692118	0.322	0.099	1.36450307031866e-22
Rpl4	8.70670839114295e-27	0.517868867310971	0.995	0.947	1.85139447229264e-22
Rpl13a	8.97748135834631e-27	1.2309717539999	0.937	0.824	1.90897163603876e-22
Hmgb2	1.01533510577462e-26	0.447261513974654	0.854	0.651	2.15900856891915e-22
Tecpr1	1.27421511830589e-26	0.700608272082008	0.454	0.204	2.70949102756564e-22
I730030J21Rik	3.54440278462241e-26	0.30635849900428	0.151	0.027	7.53681808122109e-22
Sh2d3c	6.70646123959851e-26	0.529565637161518	0.317	0.106	1.42606191798823e-21
Sept11	7.2632648695523e-26	0.743886931008627	0.673	0.431	1.5444606418616e-21
Gm42418	8.05043726286821e-26	0.493261094662589	1	1	1.7118449795763e-21
Sigirr	1.02050414156563e-24	0.38304592114207	0.244	0.068	2.17000000662515e-20
Atp11b	1.2379636016863e-24	0.779289577624656	0.639	0.422	2.63240580262575e-20
Rasal3	2.04724577362874e-24	0.585592855353666	0.376	0.15	4.35326341304415e-20
Tpt1	3.23981764787821e-24	0.404902013116346	1	0.999	6.88914824644822e-20
Otulin	3.34347941194598e-24	1.03634778147976	0.688	0.527	7.10957462156194e-20
Atp1b1	8.4509221024828e-24	0.474112294483635	0.527	0.232	1.79700407587194e-19
Lzts1	1.09676929753368e-23	0.300119461175389	0.117	0.019	2.33217023427562e-19
Ccnd3	1.2336454015688e-23	0.653039517367196	0.717	0.505	2.6232235818959e-19
Sash3	1.52669626784567e-23	0.61914711947278	0.454	0.216	3.24636694394703e-19
Spata13	1.82064190608644e-23	0.502326246976531	0.371	0.149	3.8714129491022e-19
Tnik	1.88387861741713e-23	0.44665701048722	0.298	0.098	4.00587949207578e-19
D16Ertd472e	4.02235180405544e-23	0.715550691293143	0.517	0.274	8.5531288761435e-19
Serpina3g	5.64743958436483e-23	0.741238990032556	0.473	0.221	1.20087155321934e-18
Clcf1	1.71249008119806e-22	0.405971433348493	0.2	0.052	3.64143890865955e-18
Cd47	2.08184247187254e-22	0.598185220121052	0.937	0.912	4.42682983218976e-18
Sec11c	2.15612266808827e-22	0.608307273574745	0.849	0.667	4.58477924142289e-18
Agap2	2.53631271697499e-22	0.285240284071022	0.156	0.033	5.39321536137563e-18
Ppm1g	3.35290710452934e-22	0.787074615046025	0.62	0.444	7.12962166707118e-18
Gata3	4.07312570815224e-22	0.373444012517889	0.268	0.081	8.66109450581492e-18
Cetn2	5.07513701241133e-22	0.727028559160506	0.644	0.481	1.07917713431915e-17
Arhgef1	5.37459746867731e-22	0.760134068831844	0.683	0.503	1.14285440573954e-17
Tma7	5.89745047564178e-22	0.54367267329233	0.971	0.895	1.25403386914047e-17
Pitpnc1	6.24512217445381e-22	0.637655467209218	0.546	0.304	1.32796277917586e-17
Myh9	6.56004380318178e-22	0.725763075857377	0.883	0.834	1.39492771430857e-17
Rassf5	8.07775695948132e-22	0.661309376996327	0.527	0.296	1.71765423986411e-17
Sp110	1.10111153303075e-21	0.663511912572097	0.644	0.43	2.34140356383658e-17
Eya2	1.14865679915282e-21	0.251010934466749	0.127	0.023	2.44250381771855e-17
Eef2	1.39423326590028e-21	0.479719103421744	0.966	0.951	2.96469761661036e-17
Ikzf1	2.69112540923962e-21	0.61060091774325	0.62	0.372	5.72240907020712e-17
Stk17b	3.23287321833062e-21	0.631410836867953	0.805	0.562	6.87438161145823e-17
Nme1	3.66443304956435e-21	0.722156284915439	0.878	0.759	7.79205043659363e-17
Bin2	4.4195616674042e-21	0.562935933578501	0.673	0.403	9.3977559295683e-17
Rps25	4.70890574455568e-21	0.489152750479898	1	0.982	1.00130171752232e-16
Rpl35	5.81453978943378e-21	0.551782338626703	1	0.981	1.2364037408252e-16
S100a10	9.46424140043623e-21	0.607537467646822	0.961	0.792	2.01247629138876e-16
Evl	2.26295014480038e-20	0.763173175264314	0.59	0.379	4.81193718790353e-16
Tln1	2.6570423650976e-20	0.508102604093059	0.961	0.908	5.64993488514354e-16
Rps19	4.04755647771026e-20	0.388986420094651	1	0.989	8.60672409420311e-16
2900026A02Rik	1.04602207323035e-19	0.459406397651553	0.302	0.115	2.22426133651703e-15
Ccr2	1.11994798718749e-19	0.538742155493986	0.795	0.457	2.38145739995547e-15
Esyt1	1.68476953672325e-19	0.684805513368604	0.624	0.449	3.58249394288832e-15
Ly9	1.87164121451542e-19	0.429395893582867	0.298	0.114	3.97985787854559e-15
Atp5e	2.7366078869459e-19	0.427973466559624	0.99	0.972	5.81912301080175e-15
Il18r1	5.62403952253033e-19	0.565736212159549	0.41	0.176	1.19589576407085e-14
Scml4	1.40211470639382e-18	0.268596712887669	0.132	0.028	2.98145671167582e-14
Stk24	2.09743413959582e-18	0.709968502016817	0.61	0.445	4.45998395443655e-14
Gatad2a	2.35219122579979e-18	0.611006526148299	0.595	0.425	5.00169942254067e-14
Akna	2.3531642702388e-18	0.610305922939309	0.473	0.266	5.00376850423578e-14
Nsa2	2.51135927424799e-18	0.536979920769301	0.956	0.895	5.34015436076092e-14
Traf1	2.70396349268578e-18	0.948359903520172	0.459	0.24	5.74970797084705e-14
Abracl	3.1043943408001e-18	0.592733387859587	0.863	0.776	6.60118412627733e-14
Zfp36l2	3.50690892278283e-18	0.801077560252508	0.912	0.815	7.45709113340541e-14
Eif3f	4.30331678179057e-18	0.535464008104234	0.922	0.877	9.15057280479948e-14
A130071D04Rik	4.63348667340308e-18	0.673386208240599	0.351	0.156	9.8526460623243e-14
Mical1	5.71225912484719e-18	0.459347271817806	0.322	0.137	1.21465478030751e-13
Hist1h4d	6.06446862454313e-18	0.544284539355119	0.673	0.512	1.28954860832285e-13
Lag3	8.49217653556937e-18	0.37963236448185	0.234	0.077	1.80577641852347e-13
Srpk1	1.25427093403862e-17	0.558784426696893	0.585	0.413	2.66708171413973e-13
Zcchc7	1.35407095860016e-17	0.582272948994646	0.639	0.491	2.87929648636739e-13
Eif3h	1.8467196774289e-17	0.559282152255562	0.912	0.837	3.92686472208481e-13
Dnajc15	3.85931446024321e-17	0.61959280682552	0.634	0.499	8.20644626826115e-13
Dock8	5.28064408494737e-17	0.592262640463631	0.58	0.375	1.12287615822321e-12
Rcsd1	9.05959629595619e-17	0.584988238223169	0.488	0.293	1.92643255637212e-12
Rpl26	9.39150361442917e-17	0.448981908671847	1	0.979	1.99700932857222e-12
Snrpe	1.22313193799485e-16	0.501780523563111	0.927	0.835	2.60086775295226e-12
Fam102a	1.41099635013862e-16	0.487530281518612	0.38	0.19	3.00034263893476e-12
Il12rb1	1.61562255033687e-16	0.295565154337747	0.156	0.041	3.43545979103632e-12
S100a13	1.78544266735343e-16	0.522602393503002	0.854	0.776	3.79656528786033e-12
Lsp1	1.97624756767691e-16	0.42052177822478	0.815	0.549	4.20229282790818e-12
Il27ra	2.34277435470429e-16	0.320266728504379	0.19	0.058	4.9816753878432e-12
Set	2.60200231010781e-16	0.589144111947484	0.941	0.861	5.53289771221325e-12
Sp100	2.72562148687843e-16	0.651155073944066	0.698	0.567	5.79576152969829e-12
Plaat3	2.89071653111164e-16	0.572267048612041	0.254	0.095	6.1468196317558e-12
Acot7	3.07973816082111e-16	0.577814336241808	0.463	0.28	6.54875522517e-12
Rapgef6	4.21338562254487e-16	0.571670082845943	0.605	0.44	8.95934318777942e-12
Lcp1	5.62666681874945e-16	0.482970125175458	0.976	0.689	1.19645443233888e-11
Cdca7l	7.62435338964413e-16	0.344359734901247	0.21	0.071	1.62124250477393e-11
Hip1r	1.02378191505252e-15	0.362732499837811	0.21	0.071	2.17696986416768e-11
Nsmaf	1.05465032979102e-15	0.591852987713251	0.444	0.269	2.24260846126763e-11
F2r	1.52894422114473e-15	0.341974927052651	0.341	0.149	3.25114699184215e-11
Lrrfip1	1.58719412432111e-15	0.614551385432879	0.663	0.528	3.3750095859564e-11
Pycard	1.60283063056422e-15	0.668241095739733	0.776	0.639	3.40825905283176e-11
Inpp4b	1.83061505875847e-15	0.560108168976829	0.307	0.135	3.89261986094401e-11
Fcho1	1.87818080572513e-15	0.382589557441514	0.215	0.076	3.99376366529392e-11
Prdx6	1.93642607120187e-15	0.587601603470732	0.717	0.616	4.11761639780366e-11
Anp32b	2.27476486388203e-15	0.505493819509037	0.868	0.787	4.83706000655875e-11
Grcc10	2.42961736049595e-15	0.666476844333692	0.61	0.466	5.16633835535859e-11
Kif21b	2.45848209889393e-15	0.50144212442845	0.283	0.121	5.22771633508806e-11
Elf1	2.49957102795422e-15	0.667382288995685	0.698	0.607	5.31508783384184e-11
Eif3e	2.8930374070254e-15	0.538094402224425	0.849	0.789	6.15175474229881e-11
Vasp	2.94535115583841e-15	0.613852487409455	0.702	0.569	6.2629946977748e-11
Snrpf	3.94944946327329e-15	0.510756796538141	0.824	0.75	8.39810933870432e-11
Osbpl3	4.15503400843169e-15	0.436533201986444	0.288	0.125	8.83526431552915e-11
Rab8a	4.92287330976369e-15	0.510736909743428	0.673	0.572	1.04679978058815e-10
Cd69	5.60502027525125e-15	1.10008901492909	0.317	0.142	1.19185151132943e-10
Leprotl1	7.51970942609258e-15	0.519341309843914	0.659	0.562	1.59899101236433e-10
Pecam1	8.32584522291907e-15	0.258652684780232	0.434	0.222	1.77040772820151e-10
Eef1g	8.47821235614996e-15	0.553879684902454	0.907	0.845	1.80280707541173e-10
Supt4a	1.04422363706253e-14	0.516157665921359	0.698	0.63	2.22043714184977e-10
Ubash3a	1.29073381573088e-14	0.327675241365405	0.156	0.045	2.74461638577013e-10
Rps13-ps1	1.74697117948231e-14	1.00672908136861	0.576	0.439	3.71475951605119e-10
Gm50012	1.94169894963926e-14	0.255524155888338	0.122	0.03	4.12882864651292e-10
Prr7	1.95766144540315e-14	0.327047167196757	0.166	0.05	4.16277129750527e-10
Akap13	2.71746284953388e-14	0.493611667643027	0.878	0.822	5.77841300324884e-10
Plcxd2	2.87332421755945e-14	0.327406929550133	0.156	0.046	6.10983661621842e-10
Dennd2d	3.04768592338645e-14	0.263474893472726	0.166	0.051	6.48059934748894e-10
Stk26	3.95614450594811e-14	0.354805735713313	0.4	0.197	8.41234567744807e-10
Itgb1	4.40274843916634e-14	0.571595077594985	0.898	0.894	9.36200428104332e-10
Btf3	5.22968576261357e-14	0.383614488069635	0.99	0.961	1.11204038056215e-09
Dock10	5.30893389721367e-14	0.559301790385121	0.6	0.414	1.12889170390351e-09
1700025G04Rik	5.85301711849714e-14	0.590442209857694	0.429	0.261	1.24458556007723e-09
Malt1	6.83364550971545e-14	0.37100533066399	0.634	0.404	1.45310638118589e-09
Npm3	7.21522852677436e-14	0.58301053075901	0.58	0.455	1.5342461939333e-09
Sipa1	9.15011440862549e-14	0.605132595551022	0.551	0.409	1.94568032785012e-09
Cbx3	9.41992629710651e-14	0.519539759128222	0.805	0.742	2.00305312781673e-09
Anxa6	1.00882620189159e-13	0.586791713433025	0.668	0.574	2.14516803570227e-09
Gabarapl2	1.02294453023933e-13	0.52738110048045	0.746	0.659	2.17518924910092e-09
Ddx21	1.86384001751965e-13	0.666588382355846	0.712	0.624	3.96326941325379e-09
Zyx	2.02368635043766e-13	0.459986681742365	0.771	0.657	4.30316665557063e-09
Dok2	2.13029894520568e-13	0.482602022481834	0.629	0.405	4.52986767708536e-09
Stk4	2.56922370945605e-13	0.591881482952228	0.605	0.481	5.46319729578735e-09
Runx2	3.06362247768957e-13	0.36663911842594	0.21	0.079	6.51448683655911e-09
Serf2	3.57838464032955e-13	0.326488947351137	0.99	0.978	7.60907709919676e-09
Rps29	4.36935115185161e-13	0.290052867656985	1	0.999	9.29098828929726e-09
Arhgap15	4.69755418173647e-13	0.586786957868314	0.473	0.305	9.98887921204443e-09
Def6	4.8732028728498e-13	0.418948675177729	0.312	0.156	1.03623785888278e-08
Ankrd44	5.23716828860677e-13	0.654789291473096	0.537	0.387	1.11363146488934e-08
Arl6ip5	7.56698282344082e-13	0.519591059930118	0.717	0.607	1.60904322757646e-08
Arpc5l	7.57156387237761e-13	0.471459406517672	0.6	0.478	1.61001734182238e-08
Ssrp1	8.8367351138297e-13	0.652472007393217	0.576	0.478	1.87904335460475e-08
Gfod1	9.50295093038016e-13	0.287617757674194	0.195	0.072	2.02070748583604e-08
Arhgap30	9.6685694886736e-13	0.489215627939773	0.707	0.533	2.05592461607155e-08
Cdc37	1.03182292015833e-12	0.503651076694049	0.761	0.716	2.19406825742467e-08
Ppm1b	1.06798030082813e-12	0.53387670916767	0.405	0.252	2.27095331168093e-08
Gm45716	1.10112710431175e-12	0.529519445668912	0.288	0.141	2.3414366746085e-08
Rpl36al	1.17303823259911e-12	0.357602543728214	0.995	0.928	2.49434849779874e-08
Psme1	1.1845379565997e-12	0.365803406758062	0.961	0.905	2.51880151091359e-08
Gpc1	1.19223193010233e-12	0.406195149101374	0.263	0.117	2.53516197616959e-08
Smad7	1.35260985134128e-12	0.657108435791669	0.41	0.249	2.8761895878921e-08
Fyn	1.40250762592557e-12	0.548897253231007	0.576	0.413	2.98229221576813e-08
Prkacb	1.537009290103e-12	0.560288564374762	0.561	0.435	3.26829655447501e-08
Fmnl1	1.82718822719859e-12	0.480496990189136	0.541	0.381	3.88533304631509e-08
Ppp1r12a	1.9079196176821e-12	0.511729047219693	0.673	0.612	4.05700027503921e-08
H2-D1	2.14936184346262e-12	0.372980877783272	0.995	0.981	4.57040302393892e-08
Tnfaip3	2.19534851264315e-12	0.716788951981247	0.527	0.366	4.66818907728439e-08
Lyrm9	2.19764793919744e-12	0.450118896986379	0.263	0.123	4.67307857790945e-08
Rnaset2b	2.2885848042095e-12	0.519107099155143	0.615	0.488	4.86644672767108e-08
Itgb2	2.30431047546964e-12	0.419515667569332	0.761	0.528	4.89988579503863e-08
Pde2a	2.3101075906086e-12	0.368754282777637	0.21	0.082	4.91221278067014e-08
Sms	2.37470556538683e-12	0.535123755432509	0.41	0.253	5.04957391423855e-08
Tmsb4x	2.46890376241211e-12	0.304619871310821	1	0.998	5.24987696039311e-08
Gm10076	2.48004686016103e-12	0.553081506640871	0.61	0.492	5.27357164344642e-08
Psd4	2.68330706415496e-12	0.451465432655385	0.332	0.177	5.70578414121911e-08
Adora2a	2.68368079162159e-12	0.354848942552106	0.224	0.092	5.70657883530414e-08
Aim2	2.78812620620573e-12	0.500406969635992	0.38	0.224	5.92867156487587e-08
Zdhhc18	2.80732253068614e-12	0.505640741871726	0.366	0.21	5.969490629251e-08
Gm11808	2.89755295255161e-12	0.551267128811671	0.546	0.416	6.16135659830574e-08
Nfatc1	3.28622191333581e-12	0.547250832620705	0.424	0.264	6.98782227651726e-08
Peli1	3.47825808550198e-12	0.571167919602029	0.595	0.465	7.3961679930114e-08
Nr4a2	3.53382664240991e-12	0.586933099219829	0.395	0.222	7.51432897242044e-08
Emb	6.47804485584377e-12	0.782923089961866	0.644	0.478	1.37749145814662e-07
Tox	6.57977211471931e-12	0.253449014728317	0.166	0.056	1.39912274247391e-07
Magohb	7.1752438955114e-12	0.631878732522072	0.429	0.294	1.52574386194155e-07
Dgat1	8.22265448169247e-12	0.450399354574833	0.38	0.224	1.74846524898709e-07
Glipr2	8.72027567987913e-12	0.474399701562134	0.507	0.326	1.8542794205695e-07
Grk6	1.14162928044994e-11	0.450662016231762	0.434	0.278	2.42756050194876e-07
Sorl1	1.23605702795303e-11	0.451333687987248	0.463	0.293	2.62835166423932e-07
Fli1	1.24406969964643e-11	0.466061272987962	0.571	0.421	2.64538980932818e-07
Rsbn1l	1.42461610495716e-11	0.537605722373302	0.595	0.496	3.02930368558092e-07
Vgll4	1.71308813964251e-11	0.524383311577924	0.517	0.391	3.64271062013584e-07
Slc38a1	1.82997802832578e-11	0.498456036721322	0.502	0.354	3.89126527943193e-07
Krtcap2	1.93887781480071e-11	0.48054783462806	0.883	0.81	4.12282978539223e-07
Mxd1	2.14796733868324e-11	0.434360303287493	0.571	0.387	4.56743774897604e-07
Hspe1	2.89100854906307e-11	0.453399463873287	0.878	0.836	6.14744057872771e-07
Nedd9	3.15014794199966e-11	0.466191391560936	0.376	0.223	6.69847458386807e-07
Pde3b	3.4569048375675e-11	0.414574985175923	0.327	0.176	7.35076244660353e-07
Snrpd2	3.61449836802751e-11	0.429599549312834	0.795	0.749	7.6858693297737e-07
Cxxc5	4.17920847613456e-11	0.367297470549285	0.259	0.121	8.88666890365252e-07
Ccnd2	4.89693332148175e-11	0.473996660584063	0.751	0.612	1.04128390147988e-06
Klhl25	4.95051354873e-11	0.267340113269471	0.171	0.064	1.05267720100195e-06
Rps27rt	5.27043791516835e-11	0.441800945555248	0.595	0.49	1.1207059182814e-06
2010300C02Rik	5.28913605686518e-11	0.289013919583126	0.161	0.059	1.12468189113181e-06
Hmgb1	5.63023232006328e-11	0.343308571489457	0.961	0.933	1.19721260053826e-06
Samsn1	5.63175776699863e-11	0.384997428890349	0.551	0.366	1.19753697157459e-06
Ubac2	7.46036246410383e-11	0.477664475324967	0.415	0.279	1.58637147436704e-06
Ehd3	7.62293277496314e-11	0.303376775094797	0.166	0.061	1.62094042526816e-06
Tle5	7.9160443174481e-11	0.74352965031269	0.351	0.198	1.68326766366216e-06
B2m	7.97157164518192e-11	0.304166558984245	1	0.983	1.69507499463148e-06
Atp5h	8.41054229840521e-11	0.30682574828189	0.985	0.952	1.78841771433288e-06
Coro2a	8.92636600625109e-11	0.537802593434768	0.405	0.25	1.89810246756923e-06
Nop10	1.12493612208175e-10	0.486370230461713	0.766	0.731	2.39206416999463e-06
Mirt1	1.13091619717267e-10	0.359754890826535	0.185	0.074	2.40478020166796e-06
Neurl3	1.22109816043441e-10	0.496706649132583	0.585	0.418	2.59654312834774e-06
Kbtbd11	1.29752764328427e-10	0.404043575310444	0.283	0.145	2.75906278067967e-06
Ncl	1.3151080801067e-10	0.615180605153604	0.951	0.922	2.79644582153889e-06
Riok1	1.37484057846447e-10	0.541422527038269	0.449	0.323	2.92346100604686e-06
Hnrnpa3	1.46735845222422e-10	0.392292885234464	0.961	0.912	3.12019101280958e-06
Mknk2	1.51574567475976e-10	0.499847127945013	0.527	0.419	3.22308160280915e-06
Fam49b	1.67414563044108e-10	0.438009585144629	0.815	0.69	3.55990326856991e-06
Setbp1	2.27055472281734e-10	0.298655101416187	0.176	0.068	4.8281075625988e-06
Vps28	2.66541864851731e-10	0.429892503345033	0.678	0.633	5.66774621420722e-06
Cotl1	3.66204784064139e-10	0.366955431201743	0.888	0.697	7.78697852833985e-06
Slbp	3.70000462631747e-10	0.415157584710568	0.551	0.439	7.86768983740147e-06
Arap2	3.81659428897639e-10	0.553426043925248	0.473	0.342	8.11560609607939e-06
Agpat3	5.75626742206665e-10	0.517012435320961	0.493	0.372	1.22401270462825e-05
Cab39	5.78863852811258e-10	0.409597141728462	0.561	0.467	1.23089609661786e-05
Apobec3	5.93454507304197e-10	0.465693569310009	0.556	0.445	1.26192166433164e-05
Oaz1	6.88032528768879e-10	0.272150710630526	0.995	0.989	1.46303236917414e-05
Ube2i	7.05818235986575e-10	0.396731846461	0.79	0.755	1.50085189700185e-05
Tnfsf10	7.12097004001224e-10	0.387808561804269	0.205	0.089	1.5142030693082e-05
Ptk2b	1.01782359772829e-09	0.498979179651119	0.424	0.304	2.16430009820944e-05
Ppia	1.13205419665931e-09	0.267876317483265	1	0.994	2.40720004377636e-05
Srgap3	1.18118941300899e-09	0.265151380883172	0.171	0.068	2.51168116782231e-05
Zfpm1	1.25289020556158e-09	0.407892910280266	0.229	0.112	2.66414573310614e-05
Bhlhe40	1.28166126278842e-09	0.528745891804918	0.639	0.512	2.72532450919331e-05
Psmb8	2.23731903945e-09	0.251948268665393	0.951	0.858	4.75743520548649e-05
Phgdh	2.5214860365822e-09	0.414299286671181	0.327	0.192	5.3616879081884e-05
Abcb1a	2.61822611383525e-09	0.290388613533889	0.229	0.108	5.56739600845928e-05
Lrmp	2.69402813165582e-09	0.382795854700799	0.376	0.237	5.72858141915295e-05
Apobr	2.80199315267789e-09	0.436831125245782	0.337	0.203	5.95815823985428e-05
Mcm6	2.97230952502675e-09	0.35322064765374	0.249	0.125	6.32031897401689e-05
Ccr5	3.05624915812684e-09	0.323416572512956	0.771	0.553	6.49880820984092e-05
Flt3l	3.29712156833566e-09	0.334151613952475	0.239	0.121	7.01099930290894e-05
Hvcn1	3.58329443823839e-09	0.320680123374691	0.2	0.09	7.61951729347012e-05
Actr3	3.99526657902287e-09	0.310833848239733	0.927	0.869	8.49553485363424e-05
Rbbp4	4.13210403206973e-09	0.394500031731202	0.644	0.592	8.78650601379307e-05
Sri	4.57666372890138e-09	0.404847026730236	0.756	0.752	9.7318177531359e-05
Grap2	4.91891255719077e-09	0.2648937372965	0.166	0.067	0.000104595756616105
Ddit4	4.92818886729486e-09	0.383181770602585	0.317	0.18	0.000104793008074158
Rps17	5.01693914245631e-09	0.340608075583508	0.99	0.974	0.000106680193925191
Sipa1l1	5.10931883219989e-09	0.480829404916351	0.429	0.314	0.000108644555647898
Rgs3	5.60641269456887e-09	0.418279022824575	0.322	0.193	0.000119214759537312
Plekha2	7.03248061339901e-09	0.428166040887419	0.38	0.259	0.000149538667763316
AI506816	7.19264483529672e-09	0.488187558163025	0.371	0.254	0.000152944399777749
Rab27a	7.79496876852821e-09	0.417279229015956	0.278	0.155	0.000165752215893984
Ikzf2	8.01407759690615e-09	0.608519051273306	0.254	0.134	0.000170411346020612
Nt5e	8.06632225866826e-09	0.388519758663367	0.185	0.082	0.000171522276508322
Rgs2	1.11737884419086e-08	0.56056977271965	0.61	0.453	0.000237599437428745
Psph	1.17101730744379e-08	0.422151449843742	0.278	0.16	0.000249005120254847
Rp9	1.17897073709541e-08	0.439868881207067	0.624	0.574	0.000250696337535968
Gpsm3	1.22809566856876e-08	0.421054841974873	0.659	0.591	0.00026114226296446
BC018473	1.30071280977254e-08	0.295543650842082	0.166	0.069	0.000276583571870034
Gmfg	1.36132345213507e-08	0.400760298776471	0.746	0.596	0.000289471818862002
Adgre5	1.39369232933441e-08	0.564717386495394	0.537	0.433	0.000296354736909668
H2-Q6	1.59396351337079e-08	0.449225678904425	0.298	0.178	0.000338940401483164
Tesc	1.60364329268877e-08	0.258937553347024	0.166	0.068	0.00034099870975734
Fermt3	2.13153116863121e-08	0.349110924252594	0.698	0.534	0.000453248787697741
Nbeal2	2.2322007714606e-08	0.312666500404756	0.19	0.088	0.000474655172043381
Glipr1	2.58235725570328e-08	0.35604973664448	0.346	0.219	0.000549112446852746
Cmc1	2.92608263763914e-08	0.469380632842733	0.507	0.434	0.000622202212067587
Thrap3	2.94617418356452e-08	0.461661328856796	0.629	0.639	0.000626474478393161
4930453N24Rik	3.27034398126459e-08	0.422886982528225	0.395	0.287	0.000695405944176102
Lbr	3.31951266197123e-08	0.44387089573	0.537	0.447	0.000705861172441562
Rabgap1l	3.4624312958371e-08	0.490956230357989	0.424	0.3	0.0007362513907468
Rps15a-ps8	3.6791375053931e-08	0.806522303345434	0.415	0.296	0.000782331799146789
Chd4	4.22721203383345e-08	0.4104342361603	0.785	0.759	0.000898874366874346
Cap1	4.35559653588196e-08	0.355216344582218	0.698	0.645	0.00092617404738994
Parvg	4.67271081173911e-08	0.41529701155447	0.302	0.184	0.000993605227008205
Eif3c	4.85929247132633e-08	0.305852018172577	0.898	0.855	0.00103327995110283
Srrm2	4.96566868730698e-08	0.330292386374563	0.902	0.925	0.00105589978966896
Syne3	4.99107335921904e-08	0.257015034301168	0.141	0.057	0.00106130183910434
Dnmt1	5.13782832456918e-08	0.41743928930706	0.4	0.288	0.00109250781493639
Lgals1	5.78518810881793e-08	0.398752182621358	0.893	0.881	0.00123016239945904
Ier5l	5.8581887331871e-08	0.487480487438876	0.298	0.182	0.00124568525222491
Prex1	6.02788089331519e-08	0.406134575362618	0.424	0.305	0.00128176859315454
Cd82	6.7342815124548e-08	0.44474487450833	0.449	0.342	0.00143197762080839
Ppp1r18	7.093832257753e-08	0.335417481644285	0.678	0.602	0.0015084324912886
Cct2	7.11652246561332e-08	0.37056309237156	0.746	0.715	0.00151325733708802
Vcpkmt	7.94509819912385e-08	0.340989834265255	0.254	0.145	0.0016894456810617
Taf1d	8.11544811499254e-08	0.445397800152958	0.566	0.527	0.00172566888717201
Phf6	8.68077345161618e-08	0.37708527738974	0.302	0.19	0.00184587966675166
Hspd1	9.32613326009592e-08	0.407758135660982	0.727	0.701	0.0019831089764268
Gramd4	1.03406679870391e-07	0.310039142655483	0.21	0.106	0.00219883964076399
Zfp292	1.10268867806109e-07	0.361233509412186	0.58	0.51	0.0023447572050291
Ran	1.16391345456021e-07	0.405397171295303	0.844	0.804	0.00247494556977684
Pak2	1.37312263407403e-07	0.302723823631043	0.854	0.836	0.00291980796909502
Gse1	1.42985311375474e-07	0.366674874887462	0.273	0.161	0.00304043966108808
Ptma	1.62099816357203e-07	0.272870367800293	1	0.991	0.00344689049501956
H2-Q4	1.63797026637166e-07	0.431514060971395	0.566	0.492	0.0034829799744127
Dusp11	1.76305408692675e-07	0.41753497987147	0.644	0.627	0.00374895821044104
Xrn2	1.88220442789542e-07	0.367359845978605	0.678	0.651	0.00400231949547682
4930581F22Rik	1.92134712514074e-07	0.364296719363573	0.234	0.129	0.00408555252689926
Ifi208	2.02967641718398e-07	0.260687801800739	0.132	0.053	0.00431590393350001
Ankrd11	2.12488369905642e-07	0.436469303140809	0.683	0.682	0.00451835269767357
Suco	2.19126743665011e-07	0.413026279101096	0.395	0.294	0.0046595110772928
Micos13	2.57510866784307e-07	0.427919602516515	0.283	0.164	0.00547571107130151
Crot	2.62482902268006e-07	0.499874680036636	0.38	0.283	0.00558143643382687
Itga4	2.71900105344931e-07	0.535846674746904	0.522	0.413	0.00578168384005462
Ttc39b	2.8034924787521e-07	0.510219453078172	0.42	0.333	0.00596134640681846
Ppp1r3b	2.85090601293167e-07	0.382609182986536	0.312	0.196	0.00606216654589789
Znrf2	2.95587491515517e-07	0.431724049217256	0.488	0.419	0.00628537241958595
H2afj	2.98861895447486e-07	0.26423990830821	0.878	0.81	0.00635499934479534
Rbm3	3.35450312936972e-07	0.305920840268602	0.951	0.933	0.00713301545429176
Wdr89	3.3950398491641e-07	0.363581028326574	0.556	0.503	0.00721921273526255
Phf3	3.50091872553431e-07	0.482435316817499	0.551	0.52	0.00744435357797616
Ctse	3.53800578494501e-07	0.349997160630643	0.244	0.138	0.00752321550110708
Csnk2b	3.91653789147104e-07	0.276856296813208	0.707	0.671	0.00832812617242403
Sinhcaf	4.31483276353635e-07	0.327564080948487	0.288	0.18	0.0091750603883837
Polr2e	4.46612746643736e-07	0.36621166937399	0.59	0.555	0.00949677344463241
Mgat5	4.55362761757625e-07	0.380690771534854	0.302	0.196	0.00968283376601415
Was	4.58726515128193e-07	0.365750136478959	0.498	0.397	0.0097543606176859
Zfp52	4.64059010324042e-07	0.340546606576719	0.239	0.138	0.00986775079553044
Cenpq	4.88382481822983e-07	0.317158323427922	0.205	0.108	0.0103849650934839
Tomm7	5.16669084092816e-07	0.262476133202325	0.941	0.907	0.0109864514041496
Reep5	5.53649251692804e-07	0.331888167773373	0.844	0.855	0.0117727976879958
Ppp1ca	5.63931612307673e-07	0.294292745227745	0.893	0.867	0.0119914418041104
Kmt2a	5.99517999899093e-07	0.420878875464176	0.561	0.504	0.0127481507498543
Rad54l2	6.13473969009711e-07	0.334769012096338	0.244	0.145	0.0130449104770225
Tsc22d4	6.2842084443758e-07	0.339366417476469	0.751	0.763	0.0133627408361207
Cep250	6.66309036677468e-07	0.390952216619125	0.307	0.205	0.0141683953559097
Mien1	7.09074804244771e-07	0.350958573273011	0.6	0.561	0.0150777666374608
Tra2b	7.15655065001932e-07	0.350220201953634	0.732	0.734	0.0152176893022011
Lta4h	7.69069160193788e-07	0.397871007602806	0.429	0.347	0.0163534866223607
Arhgap4	7.93503066206632e-07	0.343151652646363	0.302	0.195	0.0168730491998178
Dennd1c	8.11020910328129e-07	0.284294712227896	0.307	0.197	0.0172455486372173
Ralgapa2	8.40558353068828e-07	0.276922399252352	0.205	0.109	0.0178736328196556
Anp32a	9.85078998875605e-07	0.364725951453629	0.771	0.764	0.0209467198320909
Capza1	1.06188989692165e-06	0.345033707044991	0.6	0.537	0.0225800267681419
Eif4e2	1.12277898536192e-06	0.34848963793803	0.624	0.59	0.0238747723447359
Ubald2	1.12543730457188e-06	0.532674191066586	0.546	0.506	0.0239312988444164
Dnajc9	1.166504855719e-06	0.305375875291235	0.341	0.234	0.0248045592520088
Selenoh	1.29124666828106e-06	0.332132991765051	0.473	0.38	0.0274570691543284
Nol7	1.29248492687897e-06	0.331569698611373	0.766	0.763	0.0274833994851543
Bola2	1.3075250523153e-06	0.304396678824235	0.766	0.714	0.0278032127124324
Usp3	1.40122990349423e-06	0.372051861881544	0.434	0.356	0.0297957526679013
Gm28875	1.40271790897695e-06	0.251025151121139	0.156	0.074	0.0298273936164859
Tab2	1.47054280649613e-06	0.473408854298324	0.595	0.566	0.0312696222373338
Prpf4b	1.54674261910133e-06	0.404974909768415	0.698	0.725	0.0328899350525706
Gpr68	1.55700858513611e-06	0.258763958405698	0.166	0.082	0.0331082305543342
Atp5g2	1.63047660064661e-06	0.586057182607977	0.459	0.334	0.0346704544361495
Cnot3	1.7125872365447e-06	0.466943219713202	0.561	0.535	0.0364164549978866
Polr1d	1.71997709483642e-06	0.368857133785687	0.78	0.788	0.0365735929446016
mt-Co1	1.78394923552543e-06	0.646018582825953	0.985	0.986	0.0379338965442128
Ubl5	1.88491062887494e-06	0.25788631990206	0.941	0.916	0.0400807396123968
Nck1	1.96751400834305e-06	0.390314084403008	0.483	0.424	0.0418372178734065
Ppdpf	2.05203725010565e-06	0.366685637667542	0.502	0.442	0.0436345200862465
Prrc2c	2.09749082517668e-06	0.304008454938508	0.844	0.858	0.044601044906557
Ndufa13	2.16882553761686e-06	0.303794500738487	0.922	0.902	0.0461179062318849
