id	p_val	avg_log2FC	pct.1	pct.2	p_val_adj
Htr2b	0	1.28983837776762	0.74	0.012	0
Lmod1	0	2.00971132707217	0.822	0.017	0
Jph2	0	1.01604392927088	0.685	0.011	0
9330158H04Rik	0	0.704644906397243	0.411	0.003	0
Chrm2	0	2.44481982079139	0.849	0.024	0
Rspo3	0	2.37109099272649	0.877	0.032	0
Kcnmb1	0	0.727100823529181	0.548	0.009	0
Ryr2	0	0.56980538078082	0.438	0.006	0
Rbm24	0	1.45419760095762	0.808	0.012	0
Cap2	0	0.876018671010916	0.685	0.013	0
Apol6	0	0.363740433835604	0.342	0.003	0
Plin4	0	0.352413714896935	0.329	0.002	0
Pgm5	0	1.81317476519922	0.849	0.031	0
Popdc2	7.34812298530944e-308	0.850842161978952	0.671	0.019	1.5625048715962e-303
Dgkb	2.80100802682813e-299	1.11594893698167	0.479	0.009	5.95606346824733e-295
Rims1	4.26870342284092e-298	1.12426358579956	0.452	0.008	9.07697095832894e-294
Casq2	1.14981140464234e-287	0.459200562043708	0.315	0.003	2.44495897083147e-283
Maob	6.13577102589089e-277	1.05282996217943	0.671	0.021	1.30471035094544e-272
Ccdc3	2.22793233766306e-269	0.354339692343065	0.315	0.004	4.73747532280674e-265
Grem1	1.44201486594611e-268	4.1072770244591	0.986	0.054	3.06630041094782e-264
Nacad	3.40710367391404e-257	0.290726375606799	0.342	0.005	7.24486525221081e-253
Bves	2.48842356165362e-253	0.295139239643427	0.233	0.002	5.29138386150027e-249
Ereg	2.39683639748229e-252	0.528256589863596	0.288	0.003	5.09663291560635e-248
Fgf23	4.07915532879101e-248	0.432087208649181	0.123	0	8.67391589114121e-244
Cnn1	3.8701658437171e-236	4.06921664159329	0.836	0.043	8.22952065008005e-232
Trpc3	5.14176048813182e-230	0.29750588077759	0.356	0.006	1.09334395019635e-225
Bdkrb1	8.9025670515984e-230	0.441866451507441	0.397	0.008	1.89304185785188e-225
Cacna1c	7.90709839973268e-222	0.729854862422615	0.548	0.017	1.68136540371916e-217
Myom1	8.43400149029277e-220	0.81816710192898	0.562	0.018	1.79340607689585e-215
Kcnma1	2.80430256660814e-212	0.467214965153778	0.438	0.011	5.96306897763556e-208
Fbn2	2.45879905506312e-210	0.591674336484092	0.397	0.009	5.22839031068622e-206
Myocd	4.45858273720727e-202	0.509383974889686	0.301	0.005	9.48073033239753e-198
Sh3bgr	2.11002073106257e-197	1.99214659007363	0.548	0.02	4.48674808253144e-193
Nexn	4.37665433114707e-186	1.83742152982294	0.932	0.068	9.30651776975113e-182
Rerg	5.05066615070454e-183	0.488238460267037	0.466	0.015	1.07397365028581e-178
Syndig1	5.46676101009152e-177	0.31839870257984	0.233	0.003	1.16245206118586e-172
Nrtn	9.06591686950008e-177	1.17197755165305	0.753	0.044	1.9277765631305e-172
Gm43283	1.18540553449252e-176	0.252031741757248	0.219	0.003	2.5206463285449e-172
Fbxl22	1.7946820948243e-175	2.02785146463094	0.507	0.02	3.81621200643439e-171
Adcy5	6.45360051848945e-174	0.60861675131354	0.479	0.017	1.3722936142516e-169
Speg	4.70789522910013e-172	0.740924936787753	0.658	0.034	1.00108684151585e-167
Hspb7	4.24282093737877e-170	0.677787124882988	0.548	0.023	9.02193444124222e-166
Optc	6.86369188987218e-169	1.52882119185112	0.438	0.015	1.45949544346242e-164
Fgfr2	1.37465830804083e-168	0.760294148245123	0.534	0.022	2.92307342621801e-164
Pln	1.12509937644748e-166	1.31723542199946	0.329	0.008	2.39241131407792e-162
Atcayos	2.35768371669312e-159	0.453608865227092	0.247	0.004	5.01337865517626e-155
Pnck	8.93212096714577e-159	0.436732015000511	0.397	0.013	1.89932620245388e-154
Psd	3.07181314749826e-154	2.09931172858761	0.973	0.093	6.5319034768403e-150
Rbpms2	4.64554342547526e-152	1.02385166118323	0.644	0.037	9.87828353993059e-148
Gm13889	4.41964681872955e-150	1.69618852842137	0.658	0.039	9.39793699534652e-146
Sntg2	9.14457097348062e-149	1.02572137998911	0.562	0.029	1.94450157180092e-144
Angptl1	5.79376053382859e-148	0.932683832859124	0.507	0.023	1.23198523991331e-143
Postn	2.36458553901581e-146	2.4455562393385	0.918	0.082	5.02805469016322e-142
Prkaa2	1.83351850594025e-145	0.905007006556281	0.562	0.029	3.89879375103134e-141
Galr2	2.20732483144681e-144	0.792892793159347	0.178	0.002	4.69365552158849e-140
Rgs7bp	2.0540546693526e-142	1.20476558799029	0.795	0.06	4.36774184891136e-138
Cacna1e	5.82747953521592e-141	0.517743749299009	0.425	0.016	1.23915524836831e-136
Synpo2	4.21105356998613e-140	2.63221423265949	0.945	0.1	8.95438431121851e-136
Hspb6	8.81976219634075e-140	1.10235097382095	0.562	0.031	1.8754342334299e-135
Moxd1	6.62263271947607e-139	0.443455024559344	0.288	0.007	1.40823662146939e-134
Slc2a4	1.39022731518206e-135	0.71362125634674	0.356	0.012	2.95617936300313e-131
Smad9	2.11006832762175e-134	0.543744805663772	0.493	0.024	4.48684929185489e-130
Calhm5	5.57168669333745e-132	0.498141795398553	0.575	0.032	1.18476345847127e-127
Actg2	8.18941942102828e-127	5.31905032621578	0.945	0.118	1.74139814568745e-122
Parm1	5.79135527199289e-126	1.28346395420853	0.795	0.072	1.23147378503657e-121
Abcc9	7.7697310508748e-126	1.20833432340885	0.89	0.084	1.65215561065802e-121
Dmpk	9.88306191989539e-126	2.23194680046156	0.89	0.092	2.10153428664656e-121
Klhl23	6.55760357896211e-125	1.46571384071122	0.836	0.08	1.3944088250305e-120
Csf3	1.02855104598451e-123	0.574649057465969	0.219	0.005	2.18711094418145e-119
Lrch2	1.32547065699722e-121	0.433013487707669	0.507	0.027	2.81848080503889e-117
Mab21l2	3.01587961605483e-119	1.67968847493617	0.918	0.098	6.41296641557898e-115
Bag2	4.97770984980523e-119	1.1613346358169	0.644	0.048	1.05846022246258e-114
Gm11627	9.29040792005303e-117	0.478728420562664	0.315	0.011	1.97551234012008e-112
Ppp1r14a	8.34043316942388e-116	2.48416569178447	0.877	0.1	1.77350970914629e-111
Myh11	1.36531479677233e-114	5.21697648735468	0.959	0.137	2.90320538385667e-110
Bche	2.14489326087134e-112	0.841734474406311	0.438	0.023	4.56090102991682e-108
Pde5a	6.9378310904859e-110	1.66212294327901	0.918	0.106	1.47526040308092e-105
Mustn1	4.34903104069072e-109	1.71225524699015	0.781	0.081	9.24777960492476e-105
Bend5	6.68647244516691e-109	1.06392659914526	0.671	0.057	1.42181150074029e-104
Rgs4	1.30407168204614e-106	0.808342204742249	0.466	0.027	2.7729780247029e-102
Gm43185	2.32179385827979e-105	0.310385833083951	0.219	0.006	4.93706246024615e-101
Wscd2	4.10142553233765e-104	0.413403557235438	0.329	0.014	8.72127125196279e-100
Dysf	6.74978503196e-103	0.466544818234469	0.507	0.032	1.43527428919598e-98
Rgs5	1.06390115715882e-102	3.42526957786519	0.973	0.152	2.26227942058251e-98
Nkd1	1.1873824268076e-101	0.961173622524286	0.521	0.037	2.52484999236367e-97
Bdh1	1.83821715744332e-100	1.14740096010291	0.575	0.047	3.90878496358747e-96
Gm11946	3.02615843817002e-99	0.315997399412897	0.164	0.003	6.43482330292474e-95
Trpc4	4.81985862797126e-98	0.376844192756876	0.26	0.009	1.02489473865181e-93
Des	1.11722013654996e-97	4.77508780847872	0.945	0.161	2.37565689835983e-93
Hpcal4	1.78509873161095e-95	0.661323073604731	0.425	0.025	3.79583394289753e-91
Prr16	1.89414587791436e-95	0.251086390357903	0.219	0.006	4.02771179479709e-91
Slc24a3	1.17660431808645e-94	1.07880339344401	0.63	0.056	2.50193142197902e-90
Mrvi1	4.40518743352656e-94	1.30076071120556	0.781	0.09	9.36719055865088e-90
Plcb4	8.17267394072757e-94	1.01617689818879	0.74	0.079	1.73783738675631e-89
Fam83d	2.54964922976792e-93	0.465084888752099	0.521	0.039	5.42157412217851e-89
Tnnt2	1.02857255565199e-92	0.553378382793079	0.178	0.004	2.18715668233839e-88
Tgfb1i1	1.08623309146469e-92	1.68985901370492	0.945	0.143	2.30976604569052e-88
Tagln	1.00763559448692e-91	5.63413104558268	0.959	0.178	2.14263632811698e-87
Kcnj8	1.20218356472618e-91	1.29769242403058	0.863	0.112	2.55632313203375e-87
Tmod1	2.65044912942045e-91	0.807003474859905	0.712	0.072	5.63591502879964e-87
Phldb2	3.3161624961374e-90	1.13625287907797	0.795	0.099	7.05148793178657e-86
Pdlim3	7.28305292175076e-89	2.23176553318108	0.795	0.106	1.54866837328108e-84
Igfbp2	1.77665389872971e-88	0.415433558386292	0.247	0.009	3.77787685025885e-84
Aoc3	2.43593862098551e-87	0.673481807906208	0.685	0.067	5.17977988366358e-83
Zfp385b	2.45866585464622e-87	0.287352064209226	0.37	0.02	5.22810707331973e-83
Enah	1.65162259064533e-85	1.22272801373156	0.863	0.13	3.51201027674823e-81
Cd59a	4.88535344693977e-85	1.55346480550691	0.932	0.143	1.03882155695727e-80
Thbs4	1.18418181888359e-84	1.3176724437405	0.37	0.022	2.51804421967407e-80
Cpe	1.30178693529824e-84	2.63669100621445	1	0.203	2.76811973921818e-80
Ecscr	3.44614725583937e-84	1.13105279010723	0.781	0.099	7.32788752481683e-80
Hspb8	6.02134210710834e-83	1.05263791787075	0.781	0.106	1.28037818565552e-78
Dact3	6.0928465115615e-83	0.884237280590332	0.74	0.087	1.29558288221844e-78
Hspb2	2.86844707450334e-81	0.9393903132235	0.712	0.088	6.0994658592239e-77
Mmp10	7.07139207684353e-81	1.2220493059576	0.192	0.006	1.50366081122001e-76
Sobp	2.15356996882291e-79	0.431924611631605	0.575	0.052	4.57935118170504e-75
Pdzrn3	2.27276191244624e-79	0.75981715622639	0.658	0.073	4.83280093062568e-75
Ccn4	2.88092289714899e-79	0.806904329139489	0.589	0.06	6.12599444849762e-75
Mylk	5.75652025419785e-79	5.05244988316513	1	0.249	1.22406646685263e-74
Lrrc3	1.45928724388628e-78	0.572910198405753	0.384	0.025	3.10302839539978e-74
Carmn	1.76215061147238e-77	0.913241009197997	0.548	0.05	3.74703706023486e-73
Fblim1	2.27183736312552e-77	0.66393493121299	0.74	0.091	4.83083496895011e-73
Grb14	7.78016167965966e-77	0.594802868560231	0.575	0.055	1.65437357956283e-72
Tspan12	1.71313550910889e-76	1.05528406530441	0.452	0.035	3.64281134656915e-72
Lrig1	1.8184398255716e-76	0.968635603630879	0.603	0.061	3.86673044509546e-72
Mtus2	2.46278357006901e-76	0.695098299504087	0.616	0.067	5.23686298339474e-72
Kcne4	3.94271919828009e-76	0.519710992890728	0.452	0.035	8.38379810322278e-72
Hacd1	2.54226398661377e-75	1.44036305759262	0.781	0.126	5.40587014113553e-71
Clip4	2.7906314119962e-75	0.714420710085248	0.63	0.072	5.93399863446873e-71
Aspn	5.13962036003596e-75	1.41106739405802	0.699	0.083	1.09288887335805e-70
Cacna2d1	1.27548759758148e-74	0.967867447365797	0.753	0.1	2.71219682749726e-70
Sparcl1	6.41440924647621e-74	2.87532437540575	1	0.224	1.3639599821707e-69
Foxp2	7.21564662880243e-74	0.962127702864417	0.685	0.084	1.53433509914855e-69
Ppp1r12b	1.28136096852826e-73	1.91488024309158	0.877	0.161	2.7246859634785e-69
Acta2	3.1927623031712e-73	5.64317817407821	0.973	0.241	6.78908976146324e-69
Ttll7	1.99753448565572e-72	0.605687934817659	0.548	0.055	4.24755733029832e-68
Map3k20	2.35212531060466e-72	1.48564540175627	0.932	0.188	5.00155926046975e-68
Tmem200a	7.52459632542121e-72	0.517051252906921	0.493	0.043	1.60003016263757e-67
Chrdl2	7.6465177215677e-72	0.565380799341305	0.425	0.034	1.62595552831416e-67
Crabp2	9.22508560150848e-72	1.20720739990975	0.233	0.01	1.96162220230476e-67
Ddr2	9.41671883493736e-72	1.19485065229407	0.877	0.151	2.00237109306108e-67
Nrep	2.61292506101573e-71	1.01807974822328	0.562	0.06	5.55612384974385e-67
Khdrbs3	1.03173818869202e-70	1.13485350235555	0.836	0.136	2.1938880844347e-66
Myl9	1.27356887202423e-70	4.65272733722625	0.918	0.201	2.70811684947233e-66
Cped1	2.68782706755248e-70	1.87576653170583	0.877	0.154	5.7153954764436e-66
Il13ra2	4.57057155971176e-70	0.28381372983316	0.164	0.005	9.71886336457108e-66
Ptn	2.09025773862481e-69	2.24051076529669	0.945	0.191	4.4447240554118e-65
Shroom3	5.98088369902689e-69	0.782380404883539	0.726	0.102	1.27177510976108e-64
Tead3	1.28381555851979e-68	0.433437394974038	0.479	0.044	2.72990540363648e-64
Sorbs1	3.40375734141686e-68	1.02037561564697	0.808	0.128	7.23774961078881e-64
Osr1	4.16994440811185e-68	1.09253663520826	0.781	0.117	8.86696978940905e-64
Gjc1	5.34878746538814e-68	0.693054142004429	0.781	0.111	1.13736616664013e-63
Flnc	5.63511841312941e-68	0.983468002961525	0.767	0.118	1.19825157936784e-63
Setbp1	2.24293433722597e-66	0.526688851450545	0.589	0.067	4.7693755746773e-62
Samd4	3.92757778445106e-66	0.634256532046857	0.644	0.081	8.35160140085674e-62
Bok	6.54151001359659e-66	0.557534130659143	0.534	0.056	1.39098668929118e-61
Il19	1.25273040976247e-65	0.453564919757904	0.137	0.004	2.66380594331891e-61
Ckm	2.50231687320809e-65	0.972187671781002	0.329	0.023	5.32092659918967e-61
Tmem47	4.58873321428261e-65	0.857413856441317	0.685	0.092	9.75748230685053e-61
Rgma	1.01635774817106e-64	0.941084838563981	0.699	0.099	2.16118311571095e-60
Rbfox2	4.02098044768654e-64	1.15233431069168	0.959	0.208	8.55021282396067e-60
Palld	1.39440451590853e-63	2.13028560381031	0.959	0.256	2.96506176262791e-59
Ccdc9b	1.68166743166045e-63	0.437872510402966	0.384	0.031	3.57589762668278e-59
Arhgef25	2.52107202884272e-63	0.768451452534639	0.726	0.108	5.36080756213116e-59
Slc6a8	3.76231867959446e-63	0.874619895119518	0.699	0.104	8.00019444028966e-59
Mtss1l	2.42199800305915e-62	0.607722223604459	0.507	0.053	5.15013655370498e-58
Tpm2	2.42880198781621e-62	5.23260474134199	0.986	0.328	5.1646045468924e-58
Arhgap42	2.6348771434515e-62	0.732184455780024	0.589	0.072	5.60280275783526e-58
Prom1	8.20353807457574e-62	0.294570831379701	0.205	0.009	1.74440033617778e-57
Id4	8.92946987322991e-62	0.527554107686341	0.26	0.015	1.89876247384361e-57
Cald1	2.32786682394393e-61	3.5276294018983	1	0.382	4.94997601443438e-57
Tead1	3.21735621720408e-61	1.21686352040006	0.918	0.194	6.84138626026277e-57
Adgrl2	4.69628453681138e-61	0.666587412796452	0.753	0.112	9.98617943907572e-57
Tinagl1	9.39125919551008e-61	0.756990561413805	0.507	0.055	1.99695735533326e-56
Frem1	1.16553484600069e-60	0.253593686014262	0.26	0.015	2.47839329653587e-56
Tspan2	1.51177344158353e-60	0.624316198328532	0.589	0.074	3.21463504618321e-56
Pcp4	2.18821019544493e-60	2.24012314386501	0.397	0.036	4.6530101595941e-56
Hspg2	1.51938457928453e-59	1.10307496360299	0.959	0.205	3.23081936939062e-55
Nxn	1.03829271979266e-58	0.997908270143953	0.849	0.178	2.20782563936712e-54
Lmcd1	1.33415042102946e-58	0.754114681565613	0.397	0.036	2.83693745527705e-54
Hoxb2	2.81652496511133e-58	0.692214310613929	0.685	0.1	5.98905868581274e-54
Cspg4	6.01783104965757e-58	0.41173351462154	0.521	0.057	1.27963159439919e-53
Nkd2	6.85174382797838e-58	0.629570071184948	0.411	0.038	1.45695480758132e-53
Col4a2	9.17030647364967e-58	2.05078847835294	0.932	0.236	1.94997396855687e-53
Col4a1	1.37594016015364e-57	2.391281021039	0.986	0.283	2.9257991565507e-53
Myo10	1.44407576687909e-57	0.699657914358241	0.74	0.114	3.0706827106917e-53
Hhatl	2.12642466986039e-57	0.445233737385797	0.247	0.014	4.52162941799113e-53
Akap6	7.69820098962871e-57	0.322794113509987	0.315	0.023	1.63694545843465e-52
Fxyd6	9.20493581250971e-57	1.55595426959791	0.877	0.196	1.95733755117206e-52
Fermt2	3.32764503300515e-56	1.55490305726486	0.973	0.266	7.07590439818215e-52
C1qtnf7	1.17443153325827e-55	0.297273769174609	0.384	0.034	2.49731121232039e-51
Pxylp1	1.17995947766943e-55	0.585488612914076	0.438	0.046	2.50906583331627e-51
Ccbe1	2.15023262343102e-55	0.344717396338343	0.342	0.028	4.57225465046371e-51
Cyp1b1	2.35399634319263e-55	0.954343808483489	0.507	0.06	5.00553782416481e-51
Sspn	5.38042897878963e-55	0.812435233592846	0.699	0.115	1.14409441804983e-50
Smoc2	5.4892978263174e-55	1.24515462404692	0.945	0.213	1.16724428978813e-50
Prkg1	7.38772534197479e-55	0.866910926977414	0.726	0.122	1.57092591671752e-50
Tspan18	1.88599588768906e-54	0.474576819774338	0.548	0.066	4.01038165558202e-50
Six5	4.95585749968078e-54	0.296620690767566	0.384	0.035	1.05381353873212e-49
B4galt2	7.21355083120048e-54	0.262997806242277	0.438	0.045	1.53388944874647e-49
Actn1	8.62149232209631e-54	2.13657836753926	0.959	0.329	1.83327412737056e-49
Egln3	9.0715866009174e-54	0.7465683976494	0.644	0.098	1.92898217481908e-49
Ogn	9.34984863173888e-54	1.66286168281619	0.89	0.197	1.98815181305295e-49
Synm	2.4888218834696e-53	2.73508744217338	0.685	0.125	5.29223085300976e-49
Mxra7	4.61604925114985e-53	0.983571935795947	0.863	0.182	9.81556712764504e-49
Dkk3	5.9599500535751e-53	0.877103044776184	0.726	0.127	1.26732377939221e-48
Il1r1	7.99491344927435e-53	1.05428952234723	0.493	0.061	1.7000383958537e-48
Tshz2	1.10763181823991e-52	1.49138514811732	0.973	0.255	2.35526829830534e-48
Sdc1	1.51748441438219e-52	1.1143480203659	0.534	0.073	3.22677885874229e-48
Bcl11a	1.5295772650478e-52	0.458438688864536	0.603	0.082	3.25249309639765e-48
Mdk	1.5339940662062e-52	1.13667097147111	0.616	0.094	3.26188498238087e-48
Tpm1	1.86415500576809e-52	4.68278927951775	1	0.49	3.96393920426526e-48
Clmp	4.42253594175116e-52	1.39113437047921	0.959	0.261	9.40408042653967e-48
Pcdh7	1.01825193283538e-51	0.997920869035382	0.808	0.162	2.16521090998115e-47
Tns1	1.3466663875926e-51	1.33269446346413	0.904	0.211	2.8635514065769e-47
Adgra2	1.69150546884439e-51	0.622671807783819	0.699	0.109	3.59681722895071e-47
Islr	2.14639181678734e-51	0.485899645255288	0.699	0.105	4.56408755921661e-47
Zfp827	2.23166261339776e-51	0.413078481047282	0.452	0.051	4.745407381129e-47
Slc20a2	2.66900680259588e-51	0.558109835724625	0.603	0.09	5.67537606503987e-47
Ntn1	3.08546628075829e-51	0.554316124072053	0.63	0.093	6.56093549940443e-47
Tcf21	5.70160765496712e-51	0.457582163552622	0.616	0.086	1.21238985175221e-46
Apobec2	1.07584157391863e-50	0.45666917222894	0.315	0.026	2.28766952278058e-46
Ednra	6.93698529844407e-50	0.332439964694481	0.384	0.037	1.47508055386115e-45
Krt17	7.96821858676366e-50	0.331033799194755	0.151	0.006	1.69436200028943e-45
Plpp3	1.08452426114628e-49	1.14423642597744	0.89	0.196	2.30613238890145e-45
Meis2	1.44579806631045e-49	1.24568281337789	0.986	0.254	3.07434500820253e-45
Fbn1	1.93132465332601e-49	1.06132089588271	0.822	0.172	4.10676874283242e-45
Gnao1	2.61844948429186e-49	0.44494735928169	0.411	0.043	5.56787098339821e-45
Hand2	2.683439996027e-49	1.26191948753225	0.89	0.214	5.70606680755181e-45
Cacnb2	5.8197807281621e-49	0.616622715097721	0.493	0.064	1.23751817403639e-44
Pdlim7	8.73109996010435e-49	1.62260781153522	0.863	0.232	1.85658109551659e-44
Msrb3	9.14419591159389e-49	0.814224153393722	0.712	0.132	1.94442181864132e-44
Slmap	2.47767307762441e-48	1.68032424514566	0.945	0.3	5.26852403226055e-44
Gem	3.68118332995478e-48	1.36245838169298	0.753	0.157	7.82766823281585e-44
Fat1	4.24726809384469e-48	0.631804092174272	0.63	0.101	9.03139087475134e-44
Hand2os1	4.33961137550014e-48	0.765320034019703	0.781	0.148	9.2277496288635e-44
Susd2	4.80912106525968e-48	0.27519321459785	0.301	0.025	1.02261150331682e-43
Fhl2	1.52951339667603e-47	0.750514373465875	0.548	0.079	3.2523572866919e-43
Hand1	2.63710706841102e-47	1.06550414917749	0.562	0.084	5.60754447026919e-43
Hmcn2	2.94179076770614e-47	0.445870618688742	0.603	0.087	6.25542388845033e-43
Cryab	2.97603771911402e-47	1.25022684302771	0.986	0.255	6.32824660592405e-43
Ank3	3.38918248071135e-47	0.340493604673875	0.658	0.101	7.20675762698462e-43
Plagl1	4.21206588371338e-47	0.696160540441226	0.534	0.077	8.95653689512813e-43
Sdk1	7.77912661719016e-47	0.257217935548863	0.329	0.03	1.65415348387931e-42
Chst15	1.03141470627718e-46	0.636138355136825	0.575	0.088	2.1932002314278e-42
Ror2	1.04827025397469e-46	0.336375592656955	0.342	0.033	2.22904186805179e-42
Rtn2	1.1828394879046e-46	0.3013443404093	0.315	0.027	2.51518988708034e-42
Col5a2	1.28515457862865e-46	1.89115539157741	0.918	0.249	2.73275269599596e-42
Pde1a	1.4637858943068e-46	0.561106311775843	0.63	0.101	3.11259432565398e-42
Slit2	2.05388524029546e-46	0.593159076657614	0.521	0.074	4.36738157496427e-42
Ryk	3.48037336215984e-46	1.01608543699823	0.932	0.243	7.40066591729669e-42
Gfra4	3.72843138937531e-46	0.283567999551452	0.342	0.033	7.92813650636766e-42
Vcl	3.838271786549e-46	1.5183483928995	0.945	0.321	8.16170112691778e-42
Fxyd1	1.14083642803962e-45	0.408892829081595	0.863	0.179	2.42587458058345e-41
Kcnk3	1.76834844107833e-45	0.648736472912504	0.397	0.044	3.76021612510897e-41
Prelp	1.87554800234493e-45	0.552113326410354	0.616	0.097	3.98816527218627e-41
Cxcl5	1.97826088520027e-45	1.76227466058643	0.397	0.046	4.20657394628986e-41
Lpp	2.03965676015472e-45	2.57448596199662	0.986	0.566	4.33712613479299e-41
Col1a1	2.38890815211202e-45	1.92937466715522	0.918	0.257	5.079774294651e-41
Cfl2	5.41302035139414e-45	1.76096236554865	0.959	0.408	1.15102464752045e-40
Jmy	6.03188537700799e-45	0.773241272584866	0.822	0.186	1.28262010656698e-40
Prickle1	8.50628120696115e-45	0.334161618028232	0.438	0.054	1.80877563584822e-40
Map1b	1.00249665327929e-44	1.14153422089549	0.808	0.19	2.13170888353308e-40
Tnc	1.13128021895338e-44	0.462657263473497	0.548	0.079	2.40555425758246e-40
Smtn	1.16533424290761e-44	1.97300092608963	0.685	0.142	2.47796673411873e-40
Rbpms	1.76699606075873e-44	2.10057862360046	1	0.446	3.75734042359737e-40
Hspb1	1.80595674859955e-44	1.8609757569045	0.959	0.283	3.84018643022209e-40
Prickle2	2.11744471876197e-44	0.430554022980448	0.411	0.048	4.50253444997544e-40
Csrp1	2.90012320577279e-44	2.88497765681009	0.973	0.436	6.16682198475526e-40
Svil	3.50752369180169e-44	2.01030701419192	0.973	0.467	7.45839837824712e-40
Clu	3.8339372272892e-44	2.48385219102661	0.822	0.19	8.15248412010775e-40
Col6a3	4.6961875693289e-44	0.625063697361957	0.89	0.202	9.98597324742098e-40
Hoxa4	6.78765833090979e-44	0.531675337010366	0.342	0.035	1.44332766748466e-39
Epn2	1.27386025681281e-43	0.731709654081698	0.753	0.16	2.70873645008675e-39
Fbxo32	1.35862970408048e-43	0.909883734984473	0.548	0.089	2.88899020275674e-39
Fstl1	2.26446102824483e-43	1.51829962331483	0.932	0.275	4.81514993045981e-39
Tmem38b	2.46240740209645e-43	0.715745502072991	0.726	0.154	5.23606309981788e-39
Kcnb1	3.23017522925133e-43	0.645904177970348	0.452	0.06	6.86864460748002e-39
Ltbp1	3.53295043704214e-43	0.624701383708226	0.699	0.127	7.51246580932641e-39
Nedd4	1.19368160909861e-42	1.88515813179447	1	0.409	2.53824457358729e-38
Wwtr1	1.5081202634418e-42	0.789456793667997	0.877	0.207	3.20686692818265e-38
Ehd2	2.2211969182308e-42	1.00448844974956	0.904	0.241	4.72315312692598e-38
Col5a1	4.09832497869843e-42	0.964318375799963	0.795	0.18	8.71467823470434e-38
Lama4	4.44422397128025e-42	0.813788578898839	0.795	0.173	9.45019785253033e-38
Mgst3	4.74725889116048e-42	1.2324518257444	0.836	0.232	1.00945713061636e-37
Foxf1	1.27594584829425e-41	0.804460272376952	0.644	0.12	2.7131712518129e-37
Me1	1.36252448957075e-41	0.415354070767003	0.575	0.095	2.89727207462325e-37
Paqr8	1.50098217898709e-41	0.286626785628373	0.315	0.031	3.19168850539815e-37
Eml1	2.48686535990555e-41	0.608955055812999	0.616	0.112	5.28807050130315e-37
Ctnna3	2.53357203240943e-41	0.26922073667353	0.123	0.005	5.38738756971542e-37
Akap12	3.06590203637577e-41	0.614116222548583	0.781	0.156	6.51933409014944e-37
Slc25a4	3.64305037368418e-41	1.88814772213678	1	0.754	7.74658231460203e-37
Ppm1e	5.08825567771644e-41	0.300714355875413	0.26	0.022	1.08196668730962e-36
Ldhb	1.28157204478943e-40	1.24925503858179	0.918	0.289	2.72513479604024e-36
Inpp5a	2.9197345323752e-40	0.762348148586683	0.74	0.166	6.20852350964263e-36
Kank2	3.01920256292797e-40	0.755323563114009	0.699	0.15	6.42003232981003e-36
Chchd10	4.67491081640568e-40	1.78215061130815	0.932	0.355	9.94073036000503e-36
Ptgfrn	5.36119957148197e-40	0.680277802955923	0.795	0.184	1.14000547687993e-35
Gpr85	8.09735910599577e-40	0.393569235003896	0.466	0.067	1.72182244029894e-35
Loxl2	2.60639793226838e-39	1.14629790272695	0.767	0.193	5.54224456317548e-35
Prss23	3.22840789177044e-39	1.05724971261807	0.795	0.199	6.86488654106066e-35
Aldh1b1	3.23159593692978e-39	0.53606237952262	0.548	0.093	6.87166560028748e-35
Itga1	3.67216361997965e-39	1.3723502191618	0.904	0.291	7.80848872152472e-35
Cacnb3	3.88136772672996e-39	0.474479968486442	0.589	0.106	8.25334033411859e-35
Olfml2b	6.86544489475423e-39	0.368712148389073	0.534	0.083	1.45986820242054e-34
4930402H24Rik	6.96187470955542e-39	0.718622060980688	0.808	0.201	1.48037303823987e-34
Rasl11a	7.32425393575713e-39	1.08540646543552	0.575	0.11	1.5574293568994e-34
Afap1	1.05582722579742e-38	0.70222273671689	0.74	0.167	2.24511101293564e-34
Klhdc8b	1.98834255361347e-38	0.538827181579795	0.479	0.073	4.22801160600368e-34
Lims2	3.03766635371979e-38	0.693341259023988	0.548	0.095	6.45929373454976e-34
Gm10080	4.02628859744394e-38	0.383361233771701	0.438	0.063	8.56150007360479e-34
Dmd	4.74495979593999e-38	0.891337877443087	0.603	0.119	1.00896825100868e-33
Emilin1	4.97237405725213e-38	0.774161844626488	0.849	0.237	1.05732561953409e-33
Asb2	9.20433050204956e-38	0.93895468566096	0.534	0.096	1.95720883795582e-33
Gmpr	1.07676710561967e-37	0.445996723883971	0.479	0.077	2.28963757338968e-33
Crispld2	1.12298872611217e-37	0.844349912758176	0.603	0.112	2.38792322720493e-33
Plod2	1.31191176805575e-37	1.08915470738516	0.822	0.211	2.78964918359375e-33
Map1a	1.59780677959711e-37	0.500882310254745	0.616	0.117	3.3975763361353e-33
Dstn	2.60281057852417e-37	2.9412744171417	1	0.789	5.53461641417379e-33
Ppm1l	2.64475499398479e-37	0.744859821469145	0.616	0.122	5.62380701920925e-33
Rab23	2.76919452559061e-37	0.459933318081225	0.493	0.079	5.88841523921588e-33
Myl6	3.00941098241673e-37	2.32549014846523	1	0.988	6.39921151301093e-33
Parva	4.63341633309177e-37	0.949314867416855	0.849	0.223	9.85249649068633e-33
Scara3	5.16340462739274e-37	0.265555704342358	0.315	0.034	1.09794635996879e-32
Rbms3	6.54791978585341e-37	0.52920260659309	0.658	0.132	1.39234966326387e-32
Sgcd	8.33976687604543e-37	0.450759160183596	0.521	0.085	1.7733680285223e-32
Hspa2	1.02026893815329e-36	0.714282756826506	0.616	0.127	2.16949987008916e-32
Maged1	1.49761683188877e-36	0.947912579411553	0.945	0.286	3.18453243132827e-32
Gpnmb	2.52378596306021e-36	0.285621477750893	0.288	0.029	5.36657847185123e-32
Mast4	3.00307016911297e-36	0.995625694095534	0.849	0.244	6.38572840760183e-32
Dpysl3	3.7569378902414e-36	0.561466588645701	0.74	0.164	7.98875272980931e-32
Colec12	4.3995440430854e-36	1.00032903031147	0.89	0.248	9.3551904532168e-32
Nrbp2	6.67896331560156e-36	0.486257941686066	0.438	0.066	1.42021475942952e-31
Qpct	9.8078768195215e-36	0.655901136267587	0.616	0.122	2.08554692690305e-31
Slc16a2	1.08057252445744e-35	0.578665980064453	0.589	0.114	2.2977294160063e-31
Flna	2.55595698140471e-35	2.87275555510723	1	0.742	5.43498692525898e-31
Itgb1	3.47144470066105e-35	1.53633709382373	1	0.893	7.38168001148565e-31
Agl	3.87276488132064e-35	0.791283791406918	0.74	0.19	8.23504724364021e-31
Trpc1	4.83931961059984e-35	0.482862972087099	0.466	0.073	1.02903292199795e-30
Auts2	5.08365466767378e-35	0.857864946903556	0.795	0.204	1.08098832853415e-30
P4ha2	8.64567653915856e-35	0.682281895239325	0.479	0.083	1.83841665928668e-30
Ppic	1.42968048126221e-34	1.01958900232699	0.753	0.197	3.04007257535596e-30
Snhg18	1.64862197545766e-34	0.925371874172316	0.863	0.232	3.50562976861317e-30
Nbl1	1.6746100444395e-34	0.949833373663214	0.918	0.25	3.56089079849615e-30
Ptges3l	1.70396098893091e-34	0.33923140970715	0.37	0.05	3.62330264686268e-30
Tceal9	1.72496853953085e-34	2.25293802107578	0.959	0.61	3.66797310245841e-30
Dtna	2.47582539552462e-34	0.412917285248125	0.397	0.057	5.26459512104355e-30
Ctps	3.02068558051028e-34	0.826152159997172	0.685	0.17	6.42318581839705e-30
Map1lc3a	3.50558706104285e-34	1.30290921214655	0.973	0.47	7.45428032660151e-30
Col1a2	6.19344665632829e-34	1.1479835763138	0.945	0.283	1.31697449700165e-29
Gstm2	7.16129832918347e-34	0.983214833070348	0.808	0.223	1.52277847671757e-29
Lgi2	8.89636792024025e-34	0.259757764092977	0.575	0.103	1.89172367455989e-29
Atp8b1	9.09876119502212e-34	0.556238185188024	0.438	0.068	1.9347605805095e-29
H2afy2	2.36086568232779e-33	0.361508640280607	0.466	0.077	5.02014478690181e-29
Jag1	2.84486632514528e-33	0.371332581983322	0.37	0.051	6.04932375378891e-29
Fam13c	2.85864597754252e-33	0.295551974402865	0.37	0.05	6.07862480664641e-29
Vegfb	4.27966953715012e-33	0.885375968513577	0.795	0.231	9.10028930379601e-29
Rab4a	4.87054055457541e-33	0.37935017303739	0.575	0.111	1.03567174352491e-28
Pkdcc	6.50693289130008e-33	0.737222966939349	0.753	0.201	1.38363421000605e-28
Cyp7b1	9.04078956949052e-33	0.772894703712578	0.466	0.084	1.92243349405646e-28
Pam	9.53504768298985e-33	0.979920642338684	0.945	0.326	2.02753253931096e-28
Col3a1	1.19670010442212e-32	1.22352266850797	0.959	0.316	2.54466310204319e-28
Smpd2	2.10878051629782e-32	0.810398417648691	0.616	0.139	4.48411088985569e-28
Gtf2ird1	2.2149187598513e-32	0.282062687351967	0.438	0.07	4.70980325094781e-28
Npnt	2.4612040026244e-32	0.974678779894362	0.479	0.087	5.23350419118052e-28
Rras	3.09257106542255e-32	1.4400733440479	0.932	0.428	6.5760431135145e-28
Lox	3.56457065912128e-32	0.64748621975801	0.438	0.072	7.57970304955549e-28
Zeb1	4.41690891951297e-32	0.738942571672185	0.808	0.23	9.39211512645238e-28
Pbx1	4.97238732092032e-32	0.932493845395685	0.959	0.324	1.0573284399205e-27
Sh3d19	4.9764690446435e-32	0.588252829984033	0.685	0.163	1.05819637765299e-27
Kdelr3	5.58821747802438e-32	0.490093802887307	0.466	0.079	1.1882785645271e-27
Yap1	6.81367520565361e-32	0.412817770841054	0.548	0.108	1.44885989573018e-27
Ctxn1	8.76280617786796e-32	0.543973954375644	0.493	0.094	1.86332310566184e-27
Hdgfl3	8.91796045048799e-32	0.694139256838275	0.685	0.167	1.89631511019177e-27
Twist1	1.08192454113643e-31	0.355483332341196	0.342	0.047	2.30060434427251e-27
Lrig3	1.20997942962516e-31	0.372912157687884	0.425	0.069	2.57290025915493e-27
Pawr	1.39701892832067e-31	0.486048081791041	0.521	0.098	2.97062104918108e-27
Trnp1	1.94735888874999e-31	0.401594703541374	0.397	0.062	4.14086394103798e-27
Selenom	3.48441416136204e-31	1.81606702893065	0.945	0.446	7.40925827272024e-27
Cdc42ep3	4.07586111468593e-31	0.928951401383636	0.89	0.301	8.66691107426816e-27
Ppp1r12a	5.01492523746759e-31	2.23969236944253	0.959	0.611	1.06637370249511e-26
St5	5.1281856433538e-31	0.442685553876836	0.548	0.111	1.09045739520275e-26
Fhl1	5.39395159431134e-31	0.92366444798468	0.616	0.14	1.14696986701436e-26
Nfix	1.05532883402593e-30	1.15598874841387	0.959	0.44	2.24405123267274e-26
Tnfrsf11b	2.61153139918031e-30	0.994222679950806	0.507	0.102	5.55316036721701e-26
Akap1	2.8696197937875e-30	0.373078601547643	0.466	0.085	6.10195952950974e-26
Cgnl1	2.99004140633298e-30	0.644155477891063	0.658	0.159	6.35802404642645e-26
Nkx2-3	3.44433721149343e-30	0.657781873624961	0.658	0.154	7.32403864651964e-26
Lamb1	3.49154014670038e-30	0.730123133971992	0.781	0.215	7.42441096794368e-26
Pcdhb20	4.08226963272026e-30	0.254518617600488	0.178	0.014	8.68053814701636e-26
F3	4.83707642417822e-30	0.531727101288134	0.479	0.088	1.02855593083726e-25
Dst	5.76074559159045e-30	1.19005387172207	0.918	0.373	1.22496494259579e-25
Plekha5	6.68949092326695e-30	0.525938946519186	0.699	0.172	1.42245334992349e-25
Bex3	7.06738641195826e-30	1.36432769947848	0.877	0.39	1.5028090466388e-25
Nbea	8.14180048785175e-30	0.431297857483059	0.479	0.088	1.7312724557368e-25
Rhoc	9.28967047175812e-30	1.32700367882115	0.945	0.483	1.97535552911465e-25
Cnn3	9.7032160565036e-30	1.1114779340206	0.89	0.338	2.06329186225493e-25
Tcea3	1.1066491524714e-29	0.620227147037311	0.74	0.191	2.35317875781518e-25
Brinp2	1.47115702107333e-29	0.279027851797329	0.164	0.012	3.12826828961034e-25
Nos2	1.99549127918305e-29	0.568904700096892	0.192	0.017	4.24321265605483e-25
Slit3	2.06880854719874e-29	0.756856232038666	0.712	0.187	4.3991144947634e-25
Serpinh1	2.45767067226079e-29	1.01388999884103	0.973	0.308	5.22599091749535e-25
Cox6c	2.48316393048976e-29	1.13250790946176	1	0.964	5.28019978179343e-25
Filip1	2.57078446480187e-29	0.345242345925267	0.534	0.106	5.4665160859547e-25
Ccdc107	4.03117895804806e-29	1.48939320981813	0.877	0.356	8.57189893639338e-25
Kalrn	4.36178291286857e-29	0.442499504459035	0.562	0.12	9.27489518592373e-25
Egfr	4.36730501193999e-29	0.606140326148898	0.616	0.146	9.28663737738918e-25
Dact1	5.12605465252726e-29	0.282727071292151	0.384	0.059	1.0900042613134e-24
Kif26b	5.44921704246594e-29	0.279243251219031	0.192	0.017	1.15872151190996e-24
Jam3	6.33922409698084e-29	0.332007209386423	0.534	0.103	1.34797261198201e-24
mt-Cytb	8.69564793493978e-29	1.50598626402855	1	0.998	1.84904257688559e-24
Chpt1	1.09298903618143e-28	0.784525034731807	0.822	0.279	2.32413188653619e-24
Lamb2	1.11435352522136e-28	0.631299186483007	0.658	0.167	2.3695613360307e-24
Hist1h2bc	1.2959290071191e-28	1.1722588444535	0.932	0.371	2.75566344073806e-24
Fendrr	1.76179957466493e-28	0.444725895486955	0.315	0.043	3.7462906155675e-24
Mmp11	1.96882615014128e-28	0.418763721274386	0.301	0.04	4.18651192566042e-24
Colec10	3.42873153538623e-28	0.804929491899734	0.219	0.023	7.29085473684529e-24
Rasal2	3.59384916594552e-28	0.487071991212111	0.603	0.141	7.64196086646656e-24
Plpp1	4.04519009544944e-28	0.642841127142424	0.795	0.225	8.60169221896368e-24
Stk38l	4.34108568323643e-28	0.40422537683546	0.493	0.099	9.23088459683395e-24
Chd3	5.64144321911258e-28	0.937932596227974	0.918	0.411	1.1995964861121e-23
Shisa4	5.81027166389943e-28	0.335372896355744	0.438	0.08	1.23549616661158e-23
Nphp1	6.80085655733916e-28	0.335911355661692	0.452	0.085	1.4461341383526e-23
Rhoj	7.51865735050844e-28	0.609982115134851	0.836	0.237	1.59876729901211e-23
Selenow	8.10199592572998e-28	1.24472155179228	1	0.892	1.72280841364722e-23
Atp2a2	8.69158113516344e-28	1.01503761759286	0.986	0.658	1.84817781258115e-23
5033428I22Rik	1.00677180576694e-27	0.332240378574477	0.521	0.107	2.14079956778281e-23
Daam1	1.01364099613161e-27	0.908960271184127	0.74	0.225	2.15540621417426e-23
Zfhx4	1.46543808995257e-27	0.502145377355184	0.699	0.175	3.11610755447514e-23
Pbxip1	1.60872265141809e-27	1.31860919557281	0.959	0.453	3.42078784597542e-23
Gm49708	1.70575280950377e-27	0.277014627288941	0.712	0.166	3.62711277412881e-23
Plekhh2	1.70964101444698e-27	0.400639253278392	0.534	0.113	3.63538065312006e-23
Phlda3	2.52201941124559e-27	0.461426458394713	0.712	0.18	5.36282207607262e-23
Inafm2	2.63734416644993e-27	0.618413601885953	0.452	0.09	5.60804863553913e-23
Emp2	3.25798200170998e-27	0.450875135695926	0.795	0.204	6.9277729284361e-23
Gnb4	3.38617022786943e-27	0.579876141936708	0.726	0.195	7.20035237254157e-23
Tfpi	3.94815361252438e-27	0.466150250195281	0.712	0.188	8.39535384167185e-23
Lmna	4.5350680870479e-27	1.09510684474113	0.973	0.504	9.64336878029866e-23
Ephb4	6.09091303150578e-27	0.274501249423128	0.37	0.059	1.29517174701939e-22
Tcaf1	6.44534102477122e-27	0.44469247786137	0.644	0.158	1.37053731550735e-22
Slc39a14	1.0383711521046e-26	0.850082697706308	0.63	0.177	2.20799241783522e-22
Dsg2	1.03936724515309e-26	1.32579878552551	0.575	0.137	2.21011051009352e-22
Ghr	1.22532255291128e-26	0.738129918011851	0.63	0.156	2.60552587651054e-22
Ncald	1.72162657767816e-26	0.721982315775486	0.589	0.145	3.66086675477484e-22
Serpina3n	2.11091358640299e-26	1.42503503354897	0.589	0.155	4.48864665012732e-22
Meis1	2.22607784108292e-26	0.60831562957827	0.671	0.183	4.73353192127873e-22
Trp53inp2	2.63013360408979e-26	0.692911086025948	0.74	0.227	5.59271609573653e-22
Ndufa11	3.2940824586365e-26	1.26344590636336	0.973	0.764	7.00453694004466e-22
Ctsk	3.81261868661634e-26	0.317868144375676	0.452	0.085	8.10715237522098e-22
Lamc1	4.50760919163147e-26	0.729640630236551	0.753	0.239	9.58498018508516e-22
Tceal3	4.94390014764243e-26	0.293100446526783	0.274	0.037	1.05127092739469e-21
Ak1	9.05797551566736e-26	0.316764128980502	0.425	0.08	1.92608791365151e-21
Atp2b4	1.00673212522258e-25	1.3300604330814	0.808	0.305	2.14071519107329e-21
Dock6	1.0279882155085e-25	0.255081101944665	0.37	0.061	2.18591414145728e-21
Grb10	1.06095955743088e-25	0.523624099111066	0.644	0.165	2.25602440292102e-21
Cavin1	1.19215421324148e-25	0.736806107693265	0.918	0.282	2.53499671903668e-21
Sparc	1.32179848028865e-25	1.18872052797048	0.973	0.362	2.81067228848578e-21
Cd63	1.40215682092911e-25	1.60578780004959	0.973	0.618	2.98154626402367e-21
Rexo2	1.45322905626903e-25	1.47137968476427	0.904	0.666	3.09014626525046e-21
Igfbp5	1.57726484323343e-25	1.45312933421534	0.63	0.165	3.35389596265157e-21
Cavin3	1.64508838605505e-25	0.699836799186326	0.904	0.266	3.49811594410746e-21
Mcam	1.84559892027148e-25	0.498029814495016	0.37	0.063	3.92448154406527e-21
Farp1	2.44563867846198e-25	0.324079089095777	0.466	0.096	5.20040608588154e-21
B3galnt1	2.45187843833288e-25	0.396953384719336	0.575	0.134	5.21367431127103e-21
Runx1t1	2.64422743547824e-25	0.725662758667188	0.562	0.139	5.62268521880094e-21
Tsc22d1	2.82266954002758e-25	1.12581605075897	0.904	0.35	6.00212450991465e-21
Cdc42bpa	2.97727191895172e-25	0.468189025094548	0.753	0.21	6.33087100845893e-21
Marveld1	2.98413845408291e-25	0.69252250830403	0.644	0.179	6.34547200876191e-21
Gstm5	3.12941120657782e-25	0.60858624588665	0.74	0.224	6.65437998966708e-21
Cox4i1	3.34504233099886e-25	0.883455239984581	1	0.981	7.11289801263598e-21
Gm34030	3.607606611925e-25	0.275060514508786	0.425	0.081	7.67121469959732e-21
Slc8a1	4.07704272164896e-25	0.916698374884885	0.836	0.318	8.66942364331435e-21
Pbx3	4.43188218264352e-25	0.608828328625717	0.616	0.158	9.42395427317319e-21
Epha4	4.49941927522184e-25	0.411484941782898	0.411	0.076	9.56756514683172e-21
Pxdn	4.88342484030002e-25	0.381881418814834	0.575	0.136	1.0384114580414e-20
Kitl	4.99094803373236e-25	0.589832731801181	0.849	0.285	1.06127518989285e-20
Tnxb	5.79217085473192e-25	0.305385083523003	0.712	0.196	1.23164721055019e-20
Stbd1	5.91756826316639e-25	0.279108470296252	0.37	0.063	1.2583117154797e-20
Tmem70	6.37648263271925e-25	0.536696139185331	0.767	0.247	1.35589526702142e-20
Bnc2	7.17175471008278e-25	0.348276418453604	0.493	0.104	1.525001921552e-20
Gyg	1.06322233362282e-24	0.745963133276852	0.836	0.319	2.26083597021556e-20
Hoxb4	1.38638148947556e-24	0.373391536118503	0.644	0.169	2.94800159922082e-20
Dab2ip	1.75098220777996e-24	0.497796716376475	0.699	0.192	3.72328856662331e-20
Pamr1	2.12422283130035e-24	0.250449098767075	0.356	0.06	4.51694742847706e-20
Lgals1	2.67610015066485e-24	1.7105554698104	0.986	0.881	5.69045936037373e-20
Zfp532	2.73091607046261e-24	0.255281286747724	0.329	0.052	5.80701993223169e-20
Bmp1	2.88232662303294e-24	0.330648825230166	0.575	0.136	6.12897933121725e-20
Efemp2	3.28881343723278e-24	0.737201595496115	0.712	0.231	6.99333289293179e-20
Ccser2	4.41699864859501e-24	0.645669703677065	0.795	0.283	9.39230592637243e-20
Filip1l	4.66145767755397e-24	1.46260445665998	0.932	0.544	9.91212360555077e-20
Ndufa4	5.01172184853658e-24	1.1180046052781	1	0.918	1.06569253387282e-19
Sema6a	5.18911646832529e-24	0.398279497850504	0.534	0.125	1.10341372582469e-19
Ift43	5.91525580296751e-24	0.525456785849921	0.671	0.199	1.25781999394301e-19
Fuom	6.03026248591239e-24	0.727524884104457	0.767	0.269	1.28227501500441e-19
Spsb1	6.24546542891602e-24	0.473838852484919	0.658	0.179	1.3280357688047e-19
Dnajc18	7.29366888345505e-24	0.287881551944123	0.589	0.144	1.55092575137788e-19
Ppp1cb	7.33359815121013e-24	1.38962391556601	0.945	0.592	1.55941631087332e-19
Fkbp10	7.84391303560814e-24	0.371700523512995	0.562	0.135	1.66792966789172e-19
Dkk2	1.02439291271015e-23	0.345012529242472	0.26	0.035	2.17826908958687e-19
Sox4	1.24977996487432e-23	0.676910486551028	0.753	0.234	2.65753211730876e-19
Ndufb9	1.30418590448965e-23	1.03806105419148	1	0.856	2.77322090730679e-19
Cuedc1	1.37898801631232e-23	0.524782133376589	0.603	0.162	2.93228011788651e-19
Sod3	1.44672191590192e-23	0.961807789353858	0.685	0.204	3.07630948197384e-19
Rasl11b	2.25586395562216e-23	0.414763705716783	0.247	0.033	4.79686911523497e-19
Aebp1	2.85284326540036e-23	1.0665220134517	0.767	0.239	6.06628591954732e-19
Lix1l	3.82089491647978e-23	0.349800980924779	0.699	0.192	8.1247509504026e-19
Pygb	5.06153079043756e-23	0.794966151512776	0.685	0.231	1.07628390727864e-18
Akap2	5.24898470748538e-23	0.365503433634572	0.384	0.075	1.11614410819969e-18
Id3	5.61148377348496e-23	1.98403213271704	0.712	0.278	1.19322590959384e-18
Slc25a23	6.37791575161784e-23	0.521272117084194	0.493	0.12	1.35620000542402e-18
Jcad	7.21864989509506e-23	0.264288284031667	0.356	0.064	1.53497371369301e-18
Tshz1	8.39597435047098e-23	0.67807750800059	0.726	0.233	1.78531998588415e-18
Uqcr11	8.90487253560542e-23	0.936335021908266	0.986	0.892	1.89353209597114e-18
Ahnak2	9.89238765401353e-23	0.617942906450995	0.63	0.176	2.10351731074944e-18
Cox7c	1.21676308002301e-22	0.895920367308952	1	0.977	2.58732501336092e-18
Igf2r	1.31272534628763e-22	0.679592561447161	0.74	0.247	2.79137917634601e-18
Cox8a	1.32572373823981e-22	0.884599550948713	1	0.985	2.81901895699314e-18
Il17d	1.4784146470639e-22	0.287002161447184	0.233	0.03	3.14370090551668e-18
Sdc2	1.90206587446405e-22	0.45929017312864	0.726	0.213	4.04455287546035e-18
Igfbp4	1.95178131508061e-22	1.22667540212111	0.973	0.478	4.15026778838741e-18
Trib2	2.04003185547076e-22	0.294448954779968	0.37	0.068	4.33792373747302e-18
Eif4g2	2.05629518601806e-22	0.87309288775199	1	0.925	4.3725060835488e-18
Creb3l2	2.42159464762945e-22	0.685620482431499	0.753	0.263	5.14927885871927e-18
Mfge8	2.43256576695576e-22	0.3370353242635	0.74	0.226	5.17260784685472e-18
Spint2	3.71638950264902e-22	0.47822990341181	0.808	0.242	7.90253063843288e-18
Steap2	3.74538534696925e-22	0.348591465765596	0.425	0.092	7.96418740179542e-18
Syde1	3.83950035945186e-22	0.289882699180015	0.425	0.089	8.16431356433844e-18
Lcn2	4.01521683245843e-22	3.08709150564706	0.575	0.196	8.5379570725396e-18
Igsf9b	4.0523776075632e-22	0.436393213907587	0.356	0.067	8.61697574472238e-18
Zbtb20	4.66950796673624e-22	1.03152952013469	0.986	0.523	9.92924174046795e-18
Col6a1	5.25124406452395e-22	0.380570524852029	0.877	0.264	1.11662453788037e-17
Itprid2	7.07875716017347e-22	0.974935602336382	0.822	0.34	1.50522692253929e-17
Neo1	7.23749242698085e-22	0.309836053192044	0.521	0.124	1.53898038967321e-17
Casp12	7.4071401142564e-22	0.455589231864026	0.616	0.175	1.57505427389548e-17
Qsox1	8.33653397234621e-22	0.380551393839355	0.644	0.181	1.7726805838797e-17
Mical2	8.37138880297815e-22	0.271888856996238	0.548	0.135	1.78009211506527e-17
Nav2	8.54997019754874e-22	0.489213354094047	0.548	0.141	1.81806566280676e-17
Ank1	9.39442640011182e-22	0.567690343470386	0.247	0.036	1.99763082971978e-17
Ptms	9.5349525334747e-22	1.04324261376076	1	0.807	2.02751230671806e-17
Spon2	9.66376552117195e-22	0.339246855649327	0.493	0.113	2.054903100422e-17
Akt3	1.09962950055577e-21	0.364794227608824	0.507	0.123	2.33825216998179e-17
Rgmb	1.25362695612614e-21	0.603606609922796	0.685	0.215	2.66571235950661e-17
Ccdc80	1.28728056294271e-21	0.813441702918604	0.74	0.231	2.73727338904137e-17
Ube2e2	1.56038200692569e-21	0.283798590668961	0.548	0.137	3.31799629952678e-17
Psmd1	1.89106957971015e-21	1.26010462508182	0.877	0.571	4.02117035429566e-17
Arhgap35	2.02814890819351e-21	0.359295983466617	0.548	0.139	4.31265583838267e-17
Bmpr2	2.05776775843371e-21	1.05320322385615	0.877	0.427	4.37563736153343e-17
Btbd7	2.26508149336244e-21	0.724823681732533	0.945	0.467	4.81646928748589e-17
Tcim	2.38041280291207e-21	0.367745970019734	0.507	0.122	5.06170978411223e-17
Klf9	2.8012819263349e-21	0.638407758005954	0.918	0.381	5.95664588815852e-17
Shisal1	3.0065106904643e-21	0.282011351691259	0.164	0.017	6.39304433220328e-17
Itga5	3.0717105281476e-21	0.597549596518111	0.63	0.196	6.53168526705306e-17
Ndufa5	3.10967167776682e-21	1.12475038859912	0.986	0.732	6.61240585560337e-17
Tspan7	3.29998569796816e-21	0.325001400329252	0.534	0.137	7.0170895881595e-17
Fzd2	3.39182906241336e-21	0.505366726989204	0.548	0.144	7.21238531831576e-17
Fam92a	3.73498761847841e-21	0.490464058779413	0.726	0.239	7.94207767193249e-17
Smarcd3	3.91842750695166e-21	0.274356840368778	0.425	0.092	8.332144250782e-17
3110039I08Rik	4.38188321927997e-21	0.446807655833248	0.493	0.119	9.31763647747694e-17
Pcp4l1	4.50854989895758e-21	0.876523953104073	0.466	0.118	9.58698050514341e-17
Wdr6	4.64366629816422e-21	0.429272070030275	0.575	0.16	9.8742920164164e-17
Irak1bp1	6.16962003648197e-21	0.429930261025955	0.534	0.14	1.31190800455753e-16
Nfib	8.60676740680252e-21	0.443917928596856	0.959	0.304	1.83014302138249e-16
Arhgef17	9.66762739606332e-21	0.362609935461179	0.466	0.111	2.0557242894989e-16
Bmpr1a	1.16003602949657e-20	0.603091884995139	0.712	0.221	2.4667006131215e-16
Tbxa2r	1.25829002601005e-20	0.25563990608521	0.233	0.033	2.67562791130777e-16
Itga9	1.28169547718965e-20	0.575701791276583	0.644	0.192	2.72539726269607e-16
Aldoa	1.35014607682358e-20	0.943585088862759	1	0.877	2.87095061775767e-16
Ndufa13	1.36507977865374e-20	0.824846906377741	0.986	0.902	2.90270564132931e-16
Mast2	1.60875556829351e-20	0.376671011929833	0.575	0.16	3.42085784041933e-16
1700020I14Rik	1.62395482518942e-20	0.749430936875108	0.863	0.418	3.45317754028278e-16
Csrp2	1.71206053494731e-20	0.732917847875375	0.808	0.29	3.64052552151196e-16
Mxra8	2.01130295063623e-20	0.433703937022869	0.753	0.235	4.27683459423288e-16
Maged2	2.04666749516026e-20	0.549292062644301	0.685	0.216	4.35203376170878e-16
Igfbp7	2.0917503007619e-20	0.768558374124496	0.986	0.393	4.44789783954011e-16
Zfp580	2.13433112950306e-20	0.264907897120156	0.425	0.093	4.53844171377531e-16
Calu	2.18494057523703e-20	0.873815242493436	0.904	0.499	4.64605763918403e-16
Arl2	2.57433375958304e-20	0.529646616026203	0.74	0.273	5.47406330637737e-16
Lmo4	2.64420367572114e-20	1.14642026112807	0.904	0.591	5.62263469605342e-16
Gnas	2.74649709312092e-20	0.77703200093963	1	0.94	5.84015141881232e-16
Lrba	2.760484370105e-20	0.884959161032771	0.74	0.246	5.86989396459128e-16
Ano10	3.29394569179162e-20	0.333902873186822	0.575	0.155	7.0042461190257e-16
Pfn2	3.41750728380995e-20	0.298136051779766	0.425	0.096	7.26698748829347e-16
Nedd4l	3.97057626462705e-20	0.346057082350525	0.493	0.125	8.44303336910295e-16
Ktn1	4.06405726513706e-20	0.747418259223491	0.986	0.529	8.64181136858745e-16
Nckap1	5.0904916184872e-20	0.487092945059103	0.767	0.247	1.08244213775512e-15
Lrrc49	5.23201678026846e-20	0.304566613690414	0.411	0.093	1.11253604815629e-15
Uqcrh	6.53578548001789e-20	0.760894626799045	1	0.949	1.389769424471e-15
Loxl1	7.19079667923945e-20	0.540974893382423	0.712	0.22	1.52905100587348e-15
2700081O15Rik	7.26840455113908e-20	0.338098849339421	0.479	0.119	1.54555354375421e-15
Gstt1	7.97847837273452e-20	0.480234323903891	0.63	0.185	1.69654364117827e-15
Sgcb	8.43783187129465e-20	0.386303174153905	0.603	0.179	1.79422056911209e-15
Aes	9.20306495609393e-20	0.956606049537973	0.932	0.602	1.95693973226381e-15
Fgf2	9.25314978679928e-20	0.299276602624103	0.452	0.107	1.967589770665e-15
Ddr1	9.27737085947984e-20	0.422797282229475	0.63	0.184	1.97274013955979e-15
Olfml3	1.10783635962043e-19	0.433961448159597	0.603	0.174	2.35570323509689e-15
Pdk3	1.12234883822393e-19	0.435038095258797	0.658	0.213	2.38656256959937e-15
Hoxa5	1.17038173726875e-19	0.422531741907401	0.452	0.112	2.48869972612827e-15
Ndufc1	1.18428747338517e-19	0.87733227991559	0.986	0.808	2.51826888340622e-15
Ndufa12	1.32128727369581e-19	0.798463195212475	0.973	0.65	2.80958525878676e-15
Zfp771	1.34273723668235e-19	0.470714527400853	0.74	0.266	2.85519646008135e-15
Fam8a1	1.59959294189732e-19	0.492792575508495	0.589	0.181	3.40137443165046e-15
Slc38a1	1.6367497633489e-19	0.526023915371643	0.89	0.353	3.4803846967851e-15
Pls3	1.67227362809257e-19	0.433458855232099	0.685	0.217	3.55592264277604e-15
Rcn2	1.86031189708361e-19	0.477681513524577	0.877	0.337	3.9557672179586e-15
Ccdc85b	1.8707015824076e-19	1.03119386148619	0.89	0.443	3.97785984483151e-15
Serping1	2.12327050424916e-19	0.723594527922348	0.849	0.276	4.51492240023542e-15
Parp3	2.64971093101078e-19	0.469099527918442	0.671	0.221	5.63434532370133e-15
Got2	2.79216163786596e-19	0.634602212954456	0.918	0.411	5.93725250675817e-15
Ccn2	2.7949926190768e-19	0.361040241306756	0.329	0.064	5.94327230520492e-15
Kcnh2	3.39146078981697e-19	0.416392421531783	0.233	0.035	7.2116022234668e-15
Rbms2	3.43051370266901e-19	0.405642997357164	0.63	0.199	7.29464433735538e-15
Osmr	3.60170691764069e-19	0.456412817656944	0.562	0.157	7.65866958967116e-15
Nradd	4.33722903107448e-19	0.256028124904773	0.521	0.134	9.22268381167677e-15
Chrdl1	4.63972512951678e-19	0.68000989493215	0.219	0.032	9.86591151540448e-15
Oxct1	4.74368518506005e-19	0.893401717863904	0.932	0.543	1.00869721775117e-14
Hoxc6	5.03446695429055e-19	0.399871419718779	0.356	0.075	1.07052905316034e-14
Rab34	5.05021193717327e-19	0.458967685581196	0.658	0.204	1.07387706632052e-14
Ilk	5.14462857446906e-19	0.835154635770049	0.918	0.541	1.0939538200751e-14
Thra	5.74124485569722e-19	0.649976917929343	0.808	0.302	1.22081830611546e-14
Zfp651	6.36985635216152e-19	0.30352893233502	0.411	0.095	1.35448625472362e-14
Ptov1	6.39622254453662e-19	0.74107258832955	0.904	0.435	1.36009276187027e-14
Uqcrq	6.53996015581401e-19	0.939178764773223	1	0.898	1.39065712753229e-14
Gpx8	7.56289818944352e-19	0.456129940700954	0.767	0.241	1.60817467100327e-14
Hcfc1r1	8.709426793423e-19	0.802574102429706	0.959	0.595	1.85197251335347e-14
Plat	8.90643919951789e-19	0.305495214070656	0.616	0.178	1.89386523138548e-14
Fam114a1	9.85194234177247e-19	0.463874506662575	0.644	0.208	2.0949170195545e-14
Cox4i2	1.00792786180426e-18	0.74357345002271	0.151	0.016	2.14325780534057e-14
Sacs	1.21734679845311e-18	0.362700497814008	0.425	0.104	2.5885662322307e-14
Nrp2	1.22059385401798e-18	0.667094233362862	0.904	0.404	2.59547077118384e-14
Wipi1	1.35476630703671e-18	0.37796712511457	0.603	0.182	2.88077507528286e-14
Zfp503	1.56027199859683e-18	0.621319013620454	0.575	0.18	3.31776237781631e-14
H1fx	1.60859998103657e-18	0.31601136203913	0.342	0.07	3.42052699967617e-14
Lzts2	1.68566122134492e-18	0.277148567543395	0.534	0.145	3.58439002106783e-14
Bzw2	2.17385205751583e-18	0.670303830623015	0.822	0.344	4.62247901510167e-14
Htra1	2.17698618855663e-18	0.345669201528266	0.603	0.176	4.62914343134682e-14
Ndufs5	2.22333975663858e-18	0.780033498281732	0.973	0.749	4.72770965851628e-14
Col6a2	2.34022017033834e-18	0.298972432347975	0.767	0.245	4.97624417020744e-14
Zbed3	2.68738516815994e-18	0.255260358922143	0.452	0.113	5.7144558215753e-14
Ndufb2	2.74862837066349e-18	0.841087945913185	0.959	0.713	5.84468336737884e-14
Tjp1	3.33398054353646e-18	0.341521580837165	0.671	0.206	7.08937622777592e-14
Calm2	3.72949128959071e-18	1.09428184684618	1	0.944	7.9303902781857e-14
Copz2	4.13022262967921e-18	0.504809378259202	0.685	0.239	8.78250539974988e-14
Lhfp	4.23268804738038e-18	0.344984633840055	0.603	0.182	9.00038786394965e-14
Gstm1	4.45211425270811e-18	0.940191817653101	0.822	0.373	9.46697574695852e-14
Slc16a1	4.52384958930144e-18	0.474072911024583	0.644	0.204	9.61951376669059e-14
Nenf	5.22997169194119e-18	0.795591236543884	0.973	0.542	1.11210118057437e-13
Gnai1	5.80897820967774e-18	0.271214867544569	0.384	0.087	1.23522112650588e-13
Mmp14	6.3574053340644e-18	0.929693702676232	0.74	0.317	1.35183867023545e-13
Hotairm1	6.69314607205999e-18	0.421362359211627	0.603	0.189	1.42323058076284e-13
Src	7.68738301798836e-18	0.311388817071233	0.534	0.151	1.63464512494505e-13
1110065P20Rik	8.3819176065379e-18	0.47739788362607	0.74	0.279	1.78233095985422e-13
Gna11	9.69142912498363e-18	0.44184050013028	0.781	0.302	2.06078548913652e-13
Acyp2	1.03664935116667e-17	0.354530218357705	0.507	0.142	2.20433118032081e-13
Atp9a	1.14975165874493e-17	0.488786132072633	0.534	0.158	2.44483192715522e-13
Aktip	1.15255466461483e-17	0.293324446707208	0.521	0.146	2.45079223883697e-13
Srpx	1.2195584431419e-17	0.264528860378734	0.26	0.045	2.59326907349695e-13
Mthfd2l	1.45747425112623e-17	0.3528552766211	0.534	0.158	3.09917324759482e-13
Angptl4	1.56280967367429e-17	0.602376831811391	0.534	0.157	3.323158490101e-13
Macf1	1.56802535808994e-17	1.02762484798332	0.945	0.707	3.33424912144245e-13
Atf5	1.62829455711304e-17	0.448608329635037	0.534	0.165	3.46240554624516e-13
Tacc2	1.65703092580213e-17	0.423757493685752	0.452	0.125	3.52351056062565e-13
Rab12	1.87544788952078e-17	0.615665315116583	0.808	0.375	3.98795239227698e-13
Ppa2	1.89607529610651e-17	0.577491504497577	0.726	0.279	4.03181450964088e-13
Fkbp7	2.03267270905152e-17	0.434686115507787	0.671	0.227	4.32227524852715e-13
Pdgfa	2.44005860856577e-17	0.348577493004015	0.726	0.271	5.18854062525425e-13
Serpina3f	3.20362722376132e-17	0.719874734298263	0.26	0.048	6.81219292860606e-13
Ppp2r3a	3.23345525862849e-17	0.546733480803164	0.589	0.2	6.87561926194762e-13
Atp5k	3.37394734566869e-17	0.974183050400898	0.986	0.876	7.17436163582989e-13
Ndufs2	3.61962545472776e-17	0.708000060185415	0.959	0.625	7.69677156693312e-13
Cd151	4.17536929978153e-17	0.551089688171922	0.863	0.371	8.87850527905545e-13
Gkap1	4.18075828932196e-17	0.407580343908017	0.781	0.276	8.88996442641421e-13
Fkbp1a	4.4380468420102e-17	0.732368699874766	0.973	0.793	9.43706280485048e-13
Cyc1	4.62037619314333e-17	0.785836121160517	0.945	0.581	9.82476793709998e-13
Mpdz	4.62999333850937e-17	0.278397606397697	0.562	0.162	9.84521783500633e-13
Hmgb3	4.91450317622495e-17	0.329658530026496	0.452	0.121	1.04501995539247e-12
Grsf1	5.33434709341742e-17	0.3875945706447	0.685	0.243	1.13429556594428e-12
Apbb1	5.72387362071015e-17	0.273815216347136	0.466	0.123	1.21712448670781e-12
Glipr1	7.57956179407751e-17	0.431424972766377	0.644	0.218	1.61171801989264e-12
Fam162a	7.72384890083087e-17	0.960848477755954	0.877	0.544	1.64239923027268e-12
Akt1s1	8.05999607544218e-17	0.372001182079831	0.671	0.231	1.71387756548202e-12
Amotl1	8.40036788697088e-17	0.253526325937859	0.603	0.178	1.78625422748549e-12
Rilpl1	9.81825474807111e-17	0.256369536486465	0.384	0.092	2.08775368962984e-12
Pkd1	1.06893232734894e-16	0.404479596685446	0.63	0.205	2.27297770087479e-12
Znrf1	1.34231110849799e-16	0.431125641515922	0.658	0.237	2.85429034111013e-12
Sesn3	1.36037381937625e-16	0.546070547616353	0.685	0.265	2.89269888952165e-12
Gng12	1.38596914059978e-16	0.868078959766261	0.904	0.578	2.94712478057137e-12
Nnmt	1.51295926489315e-16	0.516053197390881	0.616	0.195	3.21715658086879e-12
Tmem263	1.60188022301215e-16	0.436460666465178	0.603	0.2	3.40623810621304e-12
mt-Nd4	1.60267585644599e-16	1.08918705201045	0.986	0.994	3.40792994114676e-12
Ccl27a	1.71681711402878e-16	0.286717710168821	0.425	0.112	3.65063991127079e-12
Prkag2	2.0614185182249e-16	0.40223245772454	0.466	0.136	4.38340033715342e-12
Ipo13	2.17952817711587e-16	0.273468202058376	0.493	0.14	4.63454871581918e-12
Sntb2	2.5295909324115e-16	0.641321601261136	0.808	0.354	5.3789221586798e-12
Oaz2	2.71382436933315e-16	0.452099866221266	0.726	0.276	5.77067613895001e-12
Scg5	2.72663106653735e-16	0.265194943609589	0.301	0.063	5.79790829988502e-12
Atp5j2	3.02277728230184e-16	0.729681378282691	1	0.938	6.42763361308664e-12
Zc2hc1a	3.58600268749383e-16	0.33535452242779	0.562	0.173	7.62527611468688e-12
Casz1	4.46060805784734e-16	0.406164714015313	0.342	0.083	9.48503697420658e-12
mt-Nd1	4.47101352735896e-16	0.971949285379418	1	0.994	9.50716316457609e-12
Minos1	5.27792462137977e-16	0.767377094309101	0.918	0.624	1.12229789149019e-11
Arhgef12	5.35769967801531e-16	0.522538850577158	0.863	0.371	1.13926125953318e-11
Adamtsl3	5.42713446756795e-16	0.517937316695805	0.274	0.054	1.15402587318365e-11
Setd7	5.79348339685847e-16	0.574413885739239	0.726	0.292	1.23192630950798e-11
Dram1	5.84048298359833e-16	0.626509613372613	0.521	0.188	1.24192030163235e-11
Cisd1	6.33648286178383e-16	0.705478660675691	0.836	0.401	1.34738971572971e-11
Vdac1	7.28916035857213e-16	0.663942286070164	0.973	0.654	1.54996705864678e-11
Pkn2	7.96352987082569e-16	0.788629388863136	0.932	0.583	1.69336499173237e-11
Ndufa1	8.18492578820495e-16	0.758821754617163	0.986	0.808	1.7404426196039e-11
Adamts9	8.35217158091395e-16	0.297406404542608	0.274	0.054	1.77600576496554e-11
Tspan5	9.00479126967311e-16	0.349927356881695	0.562	0.185	1.91477881558329e-11
Kpna6	9.95770339504473e-16	0.34814470237259	0.616	0.209	2.11740604992231e-11
Mprip	1.06791414345413e-15	0.579534641689083	0.863	0.412	2.27081263464086e-11
Ssbp2	1.15569225242386e-15	0.443278263376278	0.685	0.253	2.45746400555409e-11
Twsg1	1.16899282728624e-15	0.378524083689167	0.712	0.252	2.48574634794145e-11
Syne1	1.43236020493922e-15	0.412920800362444	0.63	0.215	3.04577073978277e-11
Frmd6	1.4385319193275e-15	0.333049459036501	0.658	0.228	3.058894273258e-11
Trp53i11	1.50402623161904e-15	0.569638400202293	0.384	0.103	3.19816137891473e-11
Acadl	1.56120773451966e-15	0.623545774105595	0.877	0.462	3.31975212668261e-11
Igf1r	1.58340671790508e-15	0.425554455654331	0.726	0.283	3.36695604495336e-11
Heg1	1.88973372300155e-15	0.582617279594561	0.699	0.263	4.0183297885905e-11
Car13	1.98175513067877e-15	0.271879713563183	0.342	0.084	4.21400410987534e-11
Ptbp2	2.04185514951568e-15	0.455250798994338	0.562	0.187	4.34180078993015e-11
Enc1	2.23306291357405e-15	0.496077032941677	0.315	0.073	4.74838497942385e-11
Pebp1	2.26907624061785e-15	0.647632750676262	0.959	0.757	4.82496371804981e-11
Atp5b	2.5575831159791e-15	0.706491185964467	1	0.929	5.43844473781795e-11
S100a16	3.11451073196538e-15	0.398571698323137	0.74	0.262	6.62269562045118e-11
Bod1	3.11951854071626e-15	0.327588035952577	0.616	0.214	6.63334422497906e-11
Map1lc3b	3.15256109570413e-15	0.63365922409506	0.973	0.865	6.70360591390526e-11
Tgfbr3	3.22193709965567e-15	0.268758813479849	0.671	0.218	6.85112704870782e-11
Stxbp6	3.27213815540684e-15	0.343892692866843	0.589	0.197	6.95787457365711e-11
Sec23a	3.53845566297526e-15	0.354404365031686	0.589	0.201	7.52417212175059e-11
Erc1	3.78521667891164e-15	0.296296524429108	0.438	0.125	8.04888474603770e-11
Itgb3	4.25917648544857e-15	0.291096626088587	0.384	0.101	9.05671287865783e-11
Thap12	4.64811266181963e-15	0.356034134663157	0.753	0.289	9.88374676409327e-11
Phpt1	4.66304003566472e-15	0.511845956536774	0.795	0.338	9.91548833183746e-11
Hmgn1	5.46846560663217e-15	0.715092835059961	0.959	0.648	1.16281452659426e-10
Cbx6	5.52890022341562e-15	0.415390573005303	0.644	0.225	1.1756653435071e-10
Fads3	5.67984632930061e-15	0.286253779595481	0.466	0.137	1.20776252346248e-10
Sucla2	6.12215155183421e-15	0.497224496453222	0.822	0.384	1.30181430598203e-10
Nudt4	6.42796314708328e-15	0.665941016851076	0.836	0.416	1.36684208359579e-10
Gpx7	6.5990606839952e-15	0.316065114881029	0.452	0.131	1.40322426384474e-10
Id1	6.95643222717194e-15	0.72325465040307	0.425	0.127	1.47921574878584e-10
Ndufab1	7.17394138139586e-15	0.747561777005232	0.959	0.68	1.52546689534002e-10
Fyco1	8.06363318471279e-15	0.455629578544425	0.616	0.228	1.71465096039733e-10
Mgll	8.31448548200604e-15	0.671028060181378	0.548	0.197	1.76799219289376e-10
Pmm1	8.44466172620379e-15	0.520083905040733	0.603	0.226	1.79567286945997e-10
Romo1	9.17368171547426e-15	0.638640406412873	0.986	0.787	1.95069167997845e-10
Rtl8a	1.06561721684585e-14	0.369696541463746	0.658	0.232	2.26592844990102e-10
Wfdc18	1.11198411015037e-14	0.27948150335015	0.137	0.017	2.36452301182375e-10
C1qtnf6	1.23872060749488e-14	0.277501498726601	0.411	0.113	2.63401549977711e-10
Msantd4	1.33220518629002e-14	0.441834215094781	0.767	0.327	2.8328011081271e-10
Pnkd	1.3544284006857e-14	0.514969084035822	0.849	0.396	2.88005655121807e-10
Cavin2	1.42477936820524e-14	0.495706325501991	0.658	0.222	3.02965084855161e-10
Zcchc24	1.49541768366626e-14	0.494888542774446	0.822	0.367	3.17985616254793e-10
Kctd10	1.8391515612063e-14	0.49400949328842	0.671	0.277	3.91077187974907e-10
Arl4a	1.96981568949055e-14	0.419188042237041	0.671	0.265	4.18861608213271e-10
Adgrl1	2.26274077661127e-14	0.339267965129008	0.397	0.11	4.8114919873862e-10
Usmg5	2.28875651308849e-14	0.831481781426434	0.932	0.649	4.86681184943136e-10
Rab11fip2	2.3365815998919e-14	0.317483234671445	0.671	0.243	4.96850711401014e-10
Bola3	2.52605452899725e-14	0.683298431257023	0.89	0.492	5.37140235045976e-10
Atp5mpl	2.7317225293169e-14	0.606633418390532	1	0.91	5.80873478633946e-10
Arid5b	2.76294305633271e-14	0.679802601252848	0.877	0.493	5.87512211498586e-10
Il11ra1	2.86067342142975e-14	0.752440130418869	0.767	0.359	6.08293596332822e-10
Ndufaf4	2.98273623872029e-14	0.391463651424843	0.685	0.266	6.34249033801481e-10
Nacc2	3.13025821459623e-14	0.443863689635416	0.603	0.227	6.65618106751742e-10
Ndufv2	3.24493155760311e-14	0.752722622838588	0.959	0.68	6.90002246408725e-10
Ndufc2	3.33976257111014e-14	0.608418801026719	0.945	0.79	7.1016711312086e-10
H19	3.49386655039662e-14	0.319985306605537	0.11	0.012	7.42935783276337e-10
Arhgap6	3.76758365110051e-14	0.277810687259781	0.493	0.152	8.01138987570012e-10
Cnst	3.91710446999499e-14	0.432030995711651	0.411	0.123	8.32933094499735e-10
Dcbld2	4.02008984964083e-14	0.386393650538151	0.521	0.168	8.54831905627626e-10
Cox5b	4.25372764095608e-14	0.769890607124584	0.973	0.92	9.04512645572901e-10
Aig1	4.92497057614755e-14	0.456680148324717	0.74	0.315	1.04724574331201e-09
Tmem106b	4.96869997041404e-14	0.468430472149526	0.822	0.375	1.05654436170884e-09
Tspan9	5.27589717039645e-14	0.307004839505562	0.397	0.112	1.1218667743131e-09
Fn1	6.26887963023948e-14	0.278677799361554	0.89	0.458	1.33301456457412e-09
Mlf2	6.36458722898983e-14	0.56153319205592	0.973	0.624	1.3533658283724e-09
Atp5d	6.39259810918674e-14	0.610734932316175	1	0.874	1.35932206193747e-09
Rassf3	7.04020671300928e-14	0.666456817831764	0.603	0.256	1.49702955545429e-09
Atp1b1	7.37528194419267e-14	0.27201738543176	0.671	0.235	1.56827995261313e-09
Anln	7.444301768211e-14	0.326867779574815	0.342	0.088	1.58295632799239e-09
Cox7a2	7.50304952303676e-14	0.83559457894877	0.986	0.92	1.59544845057854e-09
Cenpv	7.59331247680454e-14	0.27282219548504	0.37	0.1	1.61464196506772e-09
Tigar	8.35621016714899e-14	0.318148519968015	0.315	0.078	1.77686452994256e-09
Mettl24	9.68634009643664e-14	0.270501486978233	0.219	0.042	2.05970335810629e-09
Dbn1	9.72454220171783e-14	0.282884285277533	0.438	0.132	2.06782665377328e-09
Aaed1	9.84749567636741e-14	0.563118578408476	0.671	0.274	2.09397148062277e-09
Hoxc8	9.97147737160405e-14	0.380407342901096	0.26	0.056	2.12033494829789e-09
Saa3	1.03856889575697e-13	2.61887749243386	0.603	0.278	2.20841289993762e-09
Prdx1	1.12618555105918e-13	0.524275463203304	1	0.934	2.39472095577224e-09
Edf1	1.13492842154648e-13	0.758555908616586	0.973	0.843	2.41331179557643e-09
Vegfd	1.13870289287871e-13	0.386655546255839	0.342	0.089	2.42133783141728e-09
Fbxw5	1.17476108062555e-13	0.329173976332432	0.521	0.175	2.49801196184216e-09
Npdc1	1.18917272287152e-13	0.332318490830471	0.712	0.249	2.52865687791401e-09
Plec	1.22083418100655e-13	0.612709002904784	0.863	0.461	2.59598180249234e-09
Ndufv3	1.2657766057673e-13	0.657007599451559	0.973	0.813	2.69154737450359e-09
Cttn	1.28992247982732e-13	0.427923688292161	0.521	0.177	2.74289116110482e-09
Cdk8	1.32828819859679e-13	0.509486837810685	0.589	0.233	2.82447202549622e-09
Ndufa2	1.36765646663323e-13	0.675319009984636	0.986	0.906	2.90818471064889e-09
Pkd2	1.54884214587148e-13	0.527668795492564	0.658	0.271	3.29345793898112e-09
Chpf	1.58852296331528e-13	0.257773952120404	0.534	0.174	3.37783522919362e-09
B230219D22Rik	1.60199742422096e-13	0.625910422648207	0.986	0.635	3.40648732286346e-09
Fmn1	1.65815596549886e-13	0.380787156124272	0.37	0.105	3.52590284503677e-09
Bcl9	1.73914926426208e-13	0.272181448693482	0.493	0.157	3.69812699552689e-09
Uqcrb	2.07128612651021e-13	0.708514894972754	0.986	0.893	4.40438281941131e-09
Smim3	2.12359831869479e-13	0.413815988853973	0.575	0.221	4.51561946487259e-09
Nek9	2.13809271742935e-13	0.37801537066007	0.658	0.262	4.54644035434177e-09
Bace1	2.1534778034224e-13	0.259159730052703	0.452	0.138	4.57915520119739e-09
Ckap4	2.31229708328398e-13	0.744064962826897	0.726	0.365	4.91686851789505e-09
Ppm1a	2.37105298003547e-13	0.602565437585018	0.822	0.403	5.04180705674743e-09
Higd1a	2.39035838351307e-13	0.847045233930272	0.932	0.634	5.08285806670219e-09
Mob1b	2.39521750868631e-13	0.404787128017807	0.753	0.318	5.09319051047058e-09
Mfn2	2.46878777707095e-13	0.251965881623325	0.548	0.183	5.24963032916367e-09
Ndufb6	4.01477935138645e-13	0.647229421163647	0.932	0.651	8.53702681278815e-09
Sh3pxd2a	4.28134481583554e-13	0.320534317129711	0.548	0.186	9.10385161639269e-09
Pdpn	4.51920165559156e-13	0.956155104287287	0.603	0.235	9.6096304004499e-09
Zbtb38	4.84682996938133e-13	0.43873682490929	0.781	0.345	1.03062992468925e-08
Ppfibp1	5.49459589017849e-13	0.327859263837505	0.658	0.259	1.16837087008755e-08
Cdk17	5.59713725759038e-13	0.285845638965489	0.521	0.176	1.19017526645402e-08
Hoxb7	6.12014473522964e-13	0.250867403836149	0.356	0.098	1.30138757649923e-08
Ndufb11	6.47297541058412e-13	0.556914864292616	0.986	0.827	1.37641349130661e-08
Ckb	6.50571017382462e-13	2.45922252241609	0.822	0.54	1.38337421136207e-08
Pck2	6.61087479434524e-13	0.388055206136076	0.466	0.158	1.40573641626957e-08
Nfia	6.86801712627297e-13	0.438390268711914	0.904	0.413	1.46041516173068e-08
Rsu1	7.11234019905413e-13	0.602077359089117	0.877	0.579	1.51236801992687e-08
Fundc2	8.26239311531764e-13	0.57291604118711	0.877	0.577	1.75691527204114e-08
2810025M15Rik	9.29261439885902e-13	0.384713563270746	0.562	0.21	1.97598152577338e-08
Stk3	9.55958712553207e-13	0.282768403105581	0.658	0.245	2.03275060637314e-08
Adam33	9.65284681012225e-13	0.350220068928765	0.397	0.116	2.0525813457044e-08
Man1a2	9.7036008926433e-13	0.540133207329043	0.836	0.461	2.06337369381167e-08
Pitpnm2	1.2096050409019e-12	0.480554711650539	0.288	0.072	2.5721041589738e-08
Prdx2	1.25468074377652e-12	0.602191301195933	0.973	0.75	2.6679531335664e-08
Phyh	1.33896567659341e-12	0.49807871084377	0.781	0.415	2.84717661470824e-08
Unc45a	1.48184133388532e-12	0.400633910386971	0.493	0.175	3.15098741237376e-08
Eno3	1.51926735524182e-12	0.384148050895609	0.247	0.056	3.23057010418621e-08
Fkbp9	1.51956286384714e-12	0.362458687831947	0.589	0.222	3.23119847368455e-08
Bicc1	1.65946636745943e-12	0.266062170074436	0.658	0.223	3.52868928376574e-08
Mgp	1.67909513302835e-12	0.423604616169849	0.699	0.264	3.57042789087147e-08
Manbal	1.71220385253738e-12	0.463951550602807	0.726	0.319	3.64083027203548e-08
Hras	1.79435851611524e-12	0.527214380955618	0.836	0.461	3.81552394866746e-08
Ssh1	1.81109723559102e-12	0.311857239152219	0.548	0.195	3.85111716176074e-08
Itpr1	1.99692199014123e-12	0.334311525750025	0.74	0.317	4.24625491983632e-08
Gtf2i	2.01607420715133e-12	0.473453783556682	0.808	0.398	4.28698019408658e-08
Acot13	2.21679366376719e-12	0.441351480707332	0.616	0.258	4.71379004663456e-08
Ctnnb1	2.32941886253422e-12	0.613696438515969	0.945	0.688	4.95327626929276e-08
Myh10	2.43261944916186e-12	0.596631215272118	0.575	0.225	5.17272199669779e-08
Msi2	2.58490167272253e-12	0.666031506478051	0.726	0.324	5.49653491687718e-08
Dlc1	3.18424276252403e-12	0.294111052994304	0.589	0.214	6.7709738102311e-08
Foxp1	3.68983112815309e-12	0.542029331092253	0.959	0.62	7.84605691090473e-08
Spg7	3.68991298764629e-12	0.377667817299966	0.616	0.25	7.84623097693108e-08
Coq7	3.96040822219692e-12	0.406711025180232	0.575	0.238	8.42141204367953e-08
Fer	4.84045874012348e-12	0.291718981242286	0.479	0.165	1.02927514649986e-07
Senp5	5.06246016624205e-12	0.331083069388249	0.699	0.29	1.07648152974971e-07
Sqor	5.09293169120751e-12	0.493804258400698	0.767	0.365	1.08296099481836e-07
Dynll1	5.21989101226755e-12	0.84671303573583	1	0.883	1.10995762484857e-07
Yaf2	5.22392542930164e-12	0.349526104671876	0.671	0.285	1.1108155032867e-07
Ppp1r12c	5.53773054270112e-12	0.881100928288869	0.74	0.409	1.17754302259997e-07
Osbpl5	5.77092627348159e-12	0.330515787263136	0.356	0.103	1.22712976279312e-07
Cox6a1	5.94550773487948e-12	0.653776773163027	1	0.87	1.26425276474477e-07
Armh4	5.99577886807858e-12	0.262901276997624	0.247	0.057	1.27494241850823e-07
Flnb	7.50234872395014e-12	0.351280396575126	0.548	0.21	1.59529943266076e-07
Atp5g1	7.84421995877931e-12	0.611843310698802	1	0.871	1.66799493203483e-07
Mpc2	7.95752707968112e-12	0.526071413759072	0.959	0.686	1.69208855822339e-07
Csnk1a1	8.10976526008807e-12	0.586229404314758	0.986	0.847	1.72446048490513e-07
Rell1	8.2592371522506e-12	0.297664304368446	0.63	0.251	1.75624418805457e-07
Ppargc1a	8.38278001972774e-12	0.27296280066826	0.192	0.037	1.78251434339491e-07
9530068E07Rik	8.44210401069932e-12	0.580861688409943	0.849	0.448	1.7951289968351e-07
Timm17a	8.52837443217944e-12	0.472630436680998	0.822	0.471	1.81347353925864e-07
Elob	8.65244566033683e-12	0.589601135560833	0.986	0.944	1.83985604521402e-07
Pola2	9.52844337630116e-12	0.261039443335213	0.384	0.119	2.02612819953668e-07
Deptor	9.5584243695063e-12	0.403943551407794	0.507	0.191	2.03250335793182e-07
Dhx32	1.06301455280847e-11	0.252390421210016	0.493	0.173	2.26039414509193e-07
Uqcr10	1.06441695314964e-11	0.743423752254221	1	0.877	2.2633762091774e-07
Tom1l2	1.09677425889876e-11	0.27861273226527	0.356	0.107	2.33218078412232e-07
S100a1	1.15306755744041e-11	0.621273262301168	0.877	0.515	2.45188285414129e-07
Acaa2	1.15925327751475e-11	0.433762574617807	0.89	0.436	2.46503616930735e-07
Ttc28	1.25523068681932e-11	0.265915058517372	0.644	0.246	2.6691225324526e-07
Zadh2	1.31611570899036e-11	0.295365353251143	0.521	0.191	2.79858844359711e-07
Btg3	1.45970307228123e-11	0.402781492754819	0.658	0.29	3.10391261289881e-07
Atp5j	1.54101010873561e-11	0.479136557138303	1	0.927	3.2768038952154e-07
mt-Nd2	1.60292933840244e-11	1.08739927042174	1	0.994	3.40846894517895e-07
Ech1	1.62023666866624e-11	0.597730945737618	0.918	0.595	3.4452712522519e-07
Dlat	1.65439066817011e-11	0.330804214406522	0.63	0.258	3.51789631679692e-07
Pkp2	1.66071806086749e-11	0.258746590771057	0.288	0.076	3.53135088462864e-07
Sod2	1.70151624632055e-11	1.4486733136977	0.904	0.673	3.61810414617603e-07
Mrpl23-ps1	1.7696040910491e-11	0.351661823441474	0.548	0.204	3.7628861392068e-07
Paip2	1.82507247665805e-11	0.51754779694419	0.945	0.669	3.88083411436568e-07
Hint2	1.88390079783215e-11	0.603450532606747	0.808	0.425	4.00592665651028e-07
Pde4dip	1.99522122487058e-11	0.291957415208609	0.534	0.199	4.2426384125648e-07
Larp1b	2.0042093019021e-11	0.277310063047135	0.562	0.218	4.26175065956462e-07
Commd3	2.02007834253328e-11	0.432791042218521	0.89	0.526	4.29549458756276e-07
Lrp1	2.04610012425168e-11	0.673780378334511	0.877	0.548	4.35082730420878e-07
Gpr20	2.16501159612314e-11	0.370683599395483	0.192	0.038	4.60368065799624e-07
Ddx1	2.49291361650139e-11	0.428461239866054	0.822	0.433	5.30093151412856e-07
Tmem250-ps	2.52262170818144e-11	0.304039349564479	0.575	0.225	5.36410280027702e-07
Elovl6	2.5273857061477e-11	0.398852411093603	0.425	0.146	5.37423296555247e-07
Trap1	2.62091919787665e-11	0.331508454504667	0.63	0.256	5.57312258236492e-07
Smad1	2.66492625993307e-11	0.277901189154055	0.658	0.272	5.66669919912168e-07
Atp5c1	2.82494107056543e-11	0.589735194775003	0.973	0.872	6.00695469245034e-07
Ptprk	2.8706396598898e-11	0.262639092837979	0.342	0.102	6.10412817278966e-07
Pgm1	2.87994617738202e-11	0.33510435588408	0.658	0.281	6.12391755158513e-07
Ifi27	2.8980787867185e-11	0.564299738943532	0.89	0.566	6.16247473207822e-07
Dnajb4	3.01916867602793e-11	0.279435891144849	0.589	0.23	6.41996027270579e-07
Ppp1r2	3.0652505850029e-11	0.446582382446489	0.877	0.519	6.51794884395017e-07
Uqcc2	3.19688402349782e-11	0.631276167250416	0.932	0.699	6.79785418756576e-07
Rheb	3.23190894593933e-11	0.571797978049332	0.932	0.651	6.87233118264538e-07
Timp2	3.4090552895939e-11	0.440297461141477	0.973	0.647	7.24901516779247e-07
Kif5b	3.70386193854589e-11	0.598175262796782	0.959	0.784	7.87589202612398e-07
Socs5	3.73021072872319e-11	0.290849129318073	0.479	0.17	7.93192009355698e-07
Bnip3	3.82299825143153e-11	0.346547689014204	0.699	0.317	8.12922348184401e-07
Golim4	3.95019446101144e-11	0.383248762703054	0.712	0.32	8.39969350189472e-07
Anapc7	4.00640485126526e-11	0.25268232104173	0.548	0.212	8.51921927573046e-07
Pja2	4.05451680656796e-11	0.463460595066657	0.781	0.423	8.62152453748611e-07
Dynlrb1	4.09522351719855e-11	0.547599692739675	0.945	0.699	8.70808328697099e-07
Ttc3	4.23179480383868e-11	0.39353477988103	0.836	0.396	8.99848847088257e-07
Cyb5r3	4.44118386695139e-11	0.551873304309616	0.863	0.464	9.44373337468544e-07
Cdon	4.5976293553937e-11	0.299240108311646	0.493	0.172	9.77639906130916e-07
Rcn3	4.61956301757799e-11	0.506071611363407	0.767	0.358	9.82303880057784e-07
Pdcl3	5.16428553625656e-11	0.632739744921437	0.767	0.471	1.0981336764296e-06
Cdc42bpb	5.38162462847708e-11	0.359244389496602	0.644	0.271	1.14434866099937e-06
Ndufb7	6.49170885566836e-11	0.621171008042662	1	0.852	1.38039697106932e-06
Sema3a	9.08980888026555e-11	0.263796589508513	0.151	0.027	1.93285696029967e-06
Zfp68	9.58672048150017e-11	0.25219103520707	0.534	0.203	2.0385202431862e-06
Dgcr6	9.92379862457882e-11	0.35491147244402	0.616	0.263	2.11019653953044e-06
Ube2m	1.04692795580759e-10	0.499328707615694	0.932	0.666	2.22618760522925e-06
Adk	1.08886143757099e-10	0.325478690864274	0.712	0.32	2.31535496085095e-06
Sec31a	1.16169124827391e-10	0.441083341537409	0.849	0.487	2.47022027032964e-06
Thbs1	1.16287018423996e-10	0.806014045519821	0.74	0.395	2.47272715976786e-06
Eif4ebp1	1.18407931431522e-10	0.511139817783678	0.849	0.546	2.51782625395989e-06
Zfp637	1.18922439000034e-10	0.300576929458919	0.466	0.173	2.52876674289672e-06
Lpgat1	1.20695821692557e-10	0.904701341587045	0.712	0.397	2.56647595247052e-06
Sfr1	1.24036799859726e-10	0.562732536542962	0.945	0.719	2.63751851221721e-06
Mmd	1.24489583141448e-10	0.287335774774958	0.534	0.204	2.64714649591975e-06
Casc4	1.24746461977199e-10	0.281782605192352	0.521	0.19	2.65260876748316e-06
Dynlt3	1.26122970562965e-10	0.401622801300215	0.877	0.465	2.68187884605089e-06
Tulp4	1.28517726824114e-10	0.512478411435175	0.767	0.428	2.73280094318796e-06
Churc1	1.32221123329775e-10	0.518818170593041	0.918	0.559	2.81154996648434e-06
Bcl9l	1.37934562176584e-10	0.317564343911662	0.521	0.206	2.93304053012287e-06
Eln	1.38064851265077e-10	0.451249862547273	0.342	0.107	2.93581099730061e-06
Homer1	1.4059737261264e-10	0.291217445296757	0.452	0.163	2.98966253123518e-06
Idh3a	1.43871295671663e-10	0.366026819234682	0.74	0.353	3.05927923116225e-06
Hk1	1.47122995196615e-10	0.278968490198408	0.671	0.285	3.12842336986081e-06
Dcaf8	1.55142161903224e-10	0.490885407832917	0.795	0.399	3.29894293071016e-06
Ndufb5	1.56342485237514e-10	0.51764310382845	0.918	0.771	3.3244666060905e-06
Scmh1	1.71226214145194e-10	0.277705629500591	0.493	0.179	3.6409542175834e-06
Ethe1	1.72966014870779e-10	0.538679273258013	0.726	0.359	3.67794934021225e-06
Luzp1	1.77916753225908e-10	0.410266983247673	0.74	0.342	3.78322184059571e-06
Rcn1	1.81594194250343e-10	0.348307882205832	0.589	0.248	3.8614189465393e-06
Wfdc1	1.92876519589313e-10	0.479763474694367	0.342	0.11	4.10132631254714e-06
Thoc7	2.01336538076652e-10	0.488743452137427	0.932	0.635	4.28122014566192e-06
Agtpbp1	2.07039029521947e-10	0.311906586720789	0.562	0.231	4.40247792375467e-06
Ltbp3	2.07889010685521e-10	0.257414311915966	0.644	0.257	4.42055192321691e-06
Abhd8	2.13390134257022e-10	0.264532277403708	0.397	0.131	4.53752781484132e-06
Atp5g3	2.28125531992437e-10	0.520666134737197	0.986	0.803	4.85086131228719e-06
Bgn	2.39388586687065e-10	0.384349400709418	0.493	0.186	5.09035890731375e-06
Rnf11	2.44374647793589e-10	0.419532939568477	0.808	0.419	5.19638251068287e-06
Map4k5	2.59982023756961e-10	0.254061425025959	0.425	0.145	5.52825775316802e-06
Tnfrsf12a	2.70254153586438e-10	0.423045142113302	0.425	0.157	5.74668432186201e-06
Cyhr1	2.93749835459557e-10	0.339370277753688	0.712	0.351	6.24629650121202e-06
Zfp260	2.98357052399988e-10	0.34341111260149	0.644	0.286	6.34426436223334e-06
Traf3	3.02607990538656e-10	0.253005160385053	0.507	0.196	6.43465631081399e-06
Ndufa7	3.08385836742901e-10	0.573439311785159	0.945	0.835	6.55751643250105e-06
Skp1a	3.31262017769906e-10	0.471953463485064	0.959	0.618	7.04395554585927e-06
Cab39l	3.75959773384892e-10	0.35199220939183	0.74	0.345	7.99440862125634e-06
Gm17018	3.7600839895055e-10	0.293640611235006	0.685	0.291	7.9954425952845e-06
Trim47	4.02527714833105e-10	0.270489170685425	0.616	0.249	8.55934932821115e-06
Actr1b	4.08321275553603e-10	0.257738243896718	0.575	0.239	8.68254360337182e-06
Pdzrn4	4.15701767011472e-10	0.283473260793168	0.219	0.054	8.83948237373194e-06
Cxcl11	4.20505445748004e-10	0.401940650354124	0.164	0.033	8.94162779838555e-06
Cdkn1c	4.28276522310055e-10	0.689683012610456	0.425	0.154	9.10687197040101e-06
Arhgap5	4.48371547645174e-10	0.326968745267929	0.877	0.434	9.53417258912698e-06
Pgam1	4.67285817496033e-10	0.654360106483287	0.959	0.74	9.93636562323565e-06
Trove2	4.74123029587286e-10	0.262899761217785	0.548	0.213	1.00817521011441e-05
Prdx4	4.77390853978287e-10	0.423946012494961	0.781	0.417	1.01512391189943e-05
Gde1	5.09379156055546e-10	0.364959988300199	0.699	0.33	1.08314383743651e-05
Esyt2	5.12592088974344e-10	0.451347450733846	0.753	0.387	1.08997581799504e-05
Decr1	5.30714094197893e-10	0.284953522344099	0.603	0.252	1.1285104499024e-05
Dld	5.95016439427329e-10	0.313590334721213	0.781	0.386	1.26524295679827e-05
Socs2	6.32387353331555e-10	0.367280358643798	0.753	0.357	1.34470846812422e-05
Selenof	6.36280526336509e-10	0.478801388813107	0.986	0.858	1.35298691120195e-05
Ggps1	6.88845181414871e-10	0.311587005089944	0.63	0.269	1.46476039376058e-05
Mtfr1l	7.27089163541179e-10	0.41706986797773	0.74	0.375	1.54608239735396e-05
Atp5o.1	7.33440204375963e-10	0.579908676008398	0.918	0.623	1.55958725058505e-05
Ndufb4c	7.52960193618624e-10	0.268675438641705	0.493	0.194	1.60109455571064e-05
Cxcl14	7.63526486646978e-10	2.35224878238272	0.192	0.044	1.62356272120613e-05
Wsb2	7.95175520510849e-10	0.284823739700317	0.671	0.314	1.69086122681427e-05
Spry2	7.95199736869596e-10	0.371334091864221	0.507	0.203	1.69091272047951e-05
Pofut2	7.95617185581682e-10	0.314156191373909	0.753	0.367	1.69180038342089e-05
Fdx1	8.09149196096929e-10	0.32931462242634	0.644	0.301	1.72057485058051e-05
Ugp2	8.47312720759638e-10	0.556093387151937	0.877	0.55	1.8017257694233e-05
Tubb6	8.77789328784042e-10	0.548997659404056	0.767	0.431	1.86653122872639e-05
Pdcd5	9.05935592525585e-10	0.475402354550546	0.932	0.738	1.9263814439464e-05
Slco3a1	9.3855820020714e-10	0.291152630883713	0.671	0.305	1.99575015692046e-05
Pgrmc2	9.7781382242097e-10	0.308894766339279	0.726	0.345	2.07922331199595e-05
Gas6	9.83677462544292e-10	0.336695846634262	0.89	0.44	2.09169175635418e-05
Smim8	9.98404958107583e-10	0.269670370291598	0.589	0.257	2.12300830291996e-05
Tceal8	1.1074064186735e-09	0.456173781154165	0.699	0.35	2.35478900866734e-05
Desi2	1.16931470696003e-09	0.381142008965757	0.726	0.384	2.48643079287981e-05
Smim10l1	1.4745672714153e-09	0.350103239446257	0.808	0.422	3.13551984593749e-05
Agpat3	1.52493471897246e-09	0.306981558041638	0.767	0.372	3.24262118642304e-05
Anxa6	1.54803659786342e-09	0.503785432959441	0.918	0.574	3.29174502169678e-05
Lrrc8a	1.58083600905708e-09	0.266987499091541	0.521	0.217	3.36148968965898e-05
Grem2	1.61732453057746e-09	0.321424814947561	0.274	0.08	3.4390788818199e-05
Exoc7	1.63356990374557e-09	0.346301328986727	0.562	0.243	3.47362304332457e-05
Pard3b	1.6986496228859e-09	0.321645199462895	0.329	0.107	3.61200855810458e-05
Scoc	1.81010409253125e-09	0.413280501263667	0.63	0.312	3.84900534235844e-05
Arl4d	1.81421079857992e-09	0.338560460780294	0.288	0.089	3.85773784210034e-05
Med29	1.82555036778119e-09	0.369538542598998	0.699	0.341	3.88185030204992e-05
Prpsap1	1.85042972940913e-09	0.278273313847794	0.63	0.277	3.93475377661556e-05
Prorsd1	2.13590131870299e-09	0.356959049850832	0.753	0.387	4.54178056409003e-05
Atxn1	2.18108028111652e-09	0.272125606356377	0.603	0.261	4.63784910976617e-05
Clip1	2.26364526002393e-09	0.253051625810863	0.767	0.358	4.81341528091488e-05
Hipk3	2.35740305005683e-09	0.389356890618763	0.644	0.318	5.01278184564084e-05
Kdm5b	2.3981828156312e-09	0.303638870050815	0.616	0.278	5.09949593915818e-05
Eea1	2.47952370884424e-09	0.605202022009273	0.836	0.552	5.2724592144864e-05
Wasl	2.51376031829584e-09	0.253466309743731	0.74	0.334	5.34525994082427e-05
Camk2d	2.55073583334451e-09	0.498046499317036	0.877	0.54	5.42388467602376e-05
Myef2	2.56053364906994e-09	0.287648729090766	0.548	0.23	5.44471875138233e-05
Nek6	2.57358726770138e-09	0.395889364815577	0.466	0.202	5.47247596604021e-05
Ivd	2.73805364255172e-09	0.262149221172168	0.37	0.125	5.82219726552198e-05
Pdha1	2.82287374258427e-09	0.452594526428191	0.808	0.466	6.00255872623119e-05
Sec13	2.95024906625575e-09	0.4071401965703	0.808	0.472	6.27340961448624e-05
Ndufb10	3.48956864376329e-09	0.604434171564299	0.932	0.778	7.42021876409827e-05
Mlxip	3.69669366885044e-09	0.254609448201155	0.507	0.201	7.86064941744357e-05
Nek7	3.82268676949297e-09	0.392569013099623	0.849	0.488	8.12856114664985e-05
Ndufs7	3.83353400619818e-09	0.608470940820556	0.932	0.732	8.1516267107798e-05
Hes1	4.17619230985965e-09	0.347742977605284	0.507	0.219	8.88025532768556e-05
Iscu	4.22713677173926e-09	0.369950338173997	0.973	0.625	8.98858363142635e-05
Hdlbp	4.28868666875102e-09	0.509739363584521	0.973	0.727	9.11946333243216e-05
Swi5	4.48088254908628e-09	0.487923397354113	0.959	0.769	9.52814865237706e-05
Sdhc	4.51882004444609e-09	0.472280762984814	0.877	0.501	9.60881894251017e-05
Mrpl34	4.68130864853024e-09	0.423666440714611	0.849	0.511	9.95433471023469e-05
Hspa4l	5.03122360656651e-09	0.353843392755211	0.562	0.253	0.00010698393877003
Cbr1	5.18237978364839e-09	0.283617073592099	0.534	0.24	0.000110198123719499
Cuedc2	5.33865720679294e-09	0.461799202627802	0.836	0.55	0.000113521206845245
Ndufs6	5.80289740022516e-09	0.526241587796104	0.959	0.719	0.000123392810318388
Dynll2	5.97009009953456e-09	0.392649774142383	0.808	0.466	0.000126947995876503
4833439L19Rik	6.36082946464131e-09	0.281471465839548	0.63	0.294	0.000135256677736133
Ndufs1	6.37184650687643e-09	0.330548404660505	0.671	0.338	0.00013549094412222
Mif	6.41399537514273e-09	0.831242165467503	0.945	0.783	0.000136387197657035
Rps15a-ps8	6.67691936217638e-09	0.533541888851617	0.589	0.296	0.000141978013317318
Hs2st1	6.74571181079215e-09	0.297575367194392	0.603	0.288	0.000143440815944684
Mrps34	6.87888917669848e-09	0.380326087490106	0.726	0.395	0.000146272699453317
Psmd7	7.13819876565399e-09	0.46739551712272	0.863	0.622	0.000151786658552866
Ankrd40	7.3386307323747e-09	0.340497564708822	0.699	0.362	0.000156048643893216
Pcm1	7.35256673419302e-09	0.392596045439684	0.849	0.494	0.00015634497903588
Atp5h	7.67535720038848e-09	0.454243748176655	1	0.952	0.000163208795509061
Acadvl	7.74175459693834e-09	0.357127033743566	0.63	0.311	0.000164620669749297
Ndufaf2	7.920874544793e-09	0.313018304536085	0.589	0.277	0.000168429476320478
Hist1h4h	8.97871893369375e-09	0.350995606245393	0.425	0.165	0.000190923479406064
Pfkp	8.9964331542756e-09	0.354329971159801	0.877	0.483	0.000191300154592516
Snrpd2	9.15090006425543e-09	0.618253162480308	0.945	0.749	0.000194584738966328
Hibadh	9.33431302006592e-09	0.455846428420439	0.822	0.425	0.000198484832058682
Chst12	9.76124973664196e-09	0.319520060122837	0.603	0.28	0.000207563214399955
Mrfap1	9.76407102091143e-09	0.418883185504141	0.973	0.835	0.000207623206188661
Dhx30	9.77376094495254e-09	0.300639873714728	0.562	0.248	0.000207829252733471
Timm8b	1.09113707250657e-08	0.463959433408044	0.863	0.581	0.000232019387097798
Suclg2	1.09147892255737e-08	0.272783243142206	0.699	0.329	0.000232092078092599
Fas	1.15582274330655e-08	0.344542030175085	0.521	0.236	0.000245774148136705
Hspb11	1.18537245498673e-08	0.270088708253391	0.562	0.254	0.000252057598828379
Iars2	1.1863057652368e-08	0.322605439461727	0.63	0.291	0.000252256057919954
Mob4	1.26670210855484e-08	0.367188884976851	0.836	0.477	0.000269351536363102
Ifitm1	1.29134648017326e-08	0.877538762021482	0.616	0.332	0.000274591915544042
Twf1	1.3812811077927e-08	0.386641775192822	0.863	0.49	0.000293715614761039
Mfhas1	1.4422043215979e-08	0.303231734121125	0.479	0.201	0.000306670326944577
Tbc1d1	1.48336396906694e-08	0.275546416365649	0.644	0.291	0.000315422514382394
Aff4	1.48505320817342e-08	0.434623581017214	0.836	0.526	0.000315781714185996
Pgls	1.51617530454411e-08	0.436398525684866	0.959	0.714	0.00032239951675826
Mtch2	1.56034686355481e-08	0.336321866975332	0.849	0.521	0.000331792157066294
Wtip	1.59422208936714e-08	0.258673280215629	0.521	0.215	0.000338995385083029
Mtor	1.72122557718697e-08	0.27180342158468	0.438	0.172	0.000366001406733038
Vapb	1.79720209834658e-08	0.335407287351123	0.89	0.514	0.000382157054192418
Prkar2a	1.80660004443585e-08	0.302903317006396	0.712	0.346	0.000384155433448839
Slc25a39	1.85068265258774e-08	0.438559327439702	0.767	0.475	0.000393529159246257
Mrps36	1.90061171008985e-08	0.416428669463449	0.836	0.499	0.000404146074033506
Hsd17b10	2.08627845460208e-08	0.404638678588976	0.808	0.477	0.000443626250586586
Eno1	2.12257733043363e-08	0.402038542674969	0.986	0.728	0.000451344843543407
Dtx3	2.12969564941471e-08	0.267989624895586	0.521	0.225	0.000452858482891545
Ctnna1	2.30753058651065e-08	0.385957757112496	0.904	0.614	0.000490673303915624
Mlec	2.32255096846498e-08	0.471927936263818	0.822	0.539	0.000493867237934394
Polr2m	2.38337274573609e-08	0.397731557371097	0.836	0.508	0.000506800380653321
Tubb4b	2.58238161184637e-08	0.432706278330241	0.849	0.51	0.000549117625943012
Ctsl	2.63419712358583e-08	1.0133934760517	0.973	0.801	0.000560135676359291
Fam102b	2.72785359608327e-08	0.371732003275729	0.685	0.355	0.000580050788671148
Tspyl1	2.83460092841718e-08	0.288595597629453	0.699	0.355	0.000602749541418628
Sh3pxd2b	2.94740348467986e-08	0.480019979946767	0.589	0.303	0.000626735876982325
Aamdc	3.06942788030846e-08	0.272200482699687	0.493	0.212	0.000652683144468791
Snhg6	3.19909136449472e-08	0.314649511964101	0.603	0.305	0.000680254787746156
Tmem256	3.59347222176864e-08	0.48831371575102	0.973	0.831	0.000764115933236883
Eid1	3.61673857052062e-08	0.456199191522636	0.959	0.685	0.000769063289635504
Gm1673	3.65943765754807e-08	0.252330499989188	0.301	0.103	0.000778142823501022
Actn4	3.75152643886944e-08	0.427193306609515	0.932	0.625	0.000797724581961197
Ywhaq	4.02127039165972e-08	0.440056450066975	0.959	0.742	0.000855082936082523
Ndufb8	4.05323912277556e-08	0.716942625822003	0.945	0.827	0.000861880767066995
Dip2c	4.06192967574518e-08	0.347718962505289	0.603	0.289	0.000863728726250455
Psmd8	4.07997941414798e-08	0.551523149803444	0.89	0.721	0.000867566822624427
Eloc	4.1397990524154e-08	0.463668420352314	0.89	0.709	0.00088028687050561
Hadh	4.19368926943869e-08	0.272523771494855	0.699	0.351	0.000891746086253444
Srpk2	4.31456791388615e-08	0.42249662727817	0.767	0.43	0.000917449721208751
Gadd45gip1	4.37147954661549e-08	0.32958373789909	0.712	0.373	0.000929551410792317
Mt2	4.47792414332858e-08	1.01702255354697	0.589	0.316	0.000952185789837389
Spin1	4.5163240958162e-08	0.27202706336922	0.671	0.321	0.000960351155734356
1110008P14Rik	4.78418367249838e-08	0.334657475845743	0.699	0.373	0.00101730881612006
Galk1	5.14523092975659e-08	0.335707028482808	0.63	0.322	0.00109408190490344
Map4	5.35986914399222e-08	0.316791679178755	0.781	0.45	0.00113972257477851
Mark3	5.98464671945808e-08	0.256972246867207	0.767	0.393	0.00127257527842557
Park7	6.14086452070617e-08	0.448267474273454	0.945	0.809	0.00130579343168296
Net1	7.23078809514018e-08	0.526542759636327	0.37	0.146	0.00153755478055061
Itpkb	7.30993123276772e-08	0.270030639581729	0.767	0.393	0.00155438377733573
Prkacb	7.44327766293148e-08	0.416144458286204	0.74	0.435	0.00158273856224575
Glo1	7.82039347019988e-08	0.319550823195097	0.767	0.431	0.0016629284675033
Suclg1	8.39454078169667e-08	0.4047557001019	0.822	0.513	0.00178501515181998
Vat1	8.56929394611002e-08	0.456640238631269	0.63	0.369	0.00182217466470083
Kif1c	8.887779062341e-08	0.373376549385383	0.589	0.293	0.00188989733981619
Mbnl2	8.96228289372057e-08	0.303127605137117	0.973	0.679	0.00190573983452074
Rere	9.86529230321129e-08	0.280393845415387	0.726	0.351	0.00209775575535485
Pink1	1.00074515452584e-07	0.348181564500293	0.521	0.226	0.00212798449658374
Ccdc186	1.03306243477044e-07	0.257547572439231	0.63	0.301	0.00219670396129587
Eef1g	1.05845466099076e-07	0.42156189687473	0.986	0.845	0.00225069799113074
Tmem87b	1.06868658259731e-07	0.265619684268395	0.589	0.279	0.00227245514923491
Mdh2	1.11121968145513e-07	0.379984950695707	0.945	0.735	0.0023628975306462
Dnajb2	1.12630891368029e-07	0.25425288603158	0.397	0.159	0.00239498327404977
Aco2	1.28770550417676e-07	0.360205235757597	0.877	0.545	0.00273817698408146
mt-Nd6	1.30096149055184e-07	0.359902494459967	0.493	0.225	0.00276636451350944
Kmt5a	1.31350850190037e-07	0.360521475589291	0.836	0.503	0.00279304447844094
Naca	1.32134118044423e-07	0.358596108050193	0.986	0.974	0.00280969988609661
Atp5e	1.38830470536001e-07	0.41696909871994	1	0.973	0.00295209112547752
Senp6	1.47007416842538e-07	0.334330390495509	0.932	0.567	0.00312596571173974
Dync1li2	1.5088218680779e-07	0.273306059788556	0.63	0.314	0.00320835882028085
Pfkfb3	1.5631893378825e-07	0.414554979448821	0.493	0.234	0.00332396580807335
Isca2	1.82091702932886e-07	0.315119128342047	0.644	0.322	0.00387199797116488
Ext1	1.85167769624057e-07	0.458492339199745	0.603	0.334	0.00393740745328594
Ecm1	2.36281646937026e-07	0.349010775758129	0.685	0.38	0.00502429294046892
Oat	2.39286649602707e-07	0.326394539551508	0.863	0.538	0.00508819131715196
Sept6	2.4143258534218e-07	0.270219630334096	0.438	0.192	0.00513382249471611
B230118H07Rik	2.54377954685268e-07	0.285582154309621	0.397	0.171	0.00540909282842753
Dtnbp1	2.57036843339873e-07	0.374871680600125	0.712	0.417	0.00546563143677906
Zranb2	2.60340133865063e-07	0.355448269625498	0.904	0.597	0.0055358726065067
Psmb5	2.63875050402257e-07	0.371137121236392	0.932	0.74	0.0056110390717536
Mrpl17	2.71229843851668e-07	0.45540103242394	0.808	0.571	0.00576743139966186
Ranbp9	2.99069874371901e-07	0.25914376254233	0.575	0.278	0.00635942180864411
Mpc1	3.15168154208991e-07	0.4582194265076	0.904	0.66	0.00670173563109998
Dnlz	3.20306913288641e-07	0.288744729641648	0.603	0.306	0.00681100620416967
Ndufs3	3.23152367413807e-07	0.446973716107444	0.808	0.534	0.0068715119406872
Hist1h1c	3.29793043656248e-07	0.606342544309277	0.712	0.438	0.00701271928030647
Pbrm1	3.40794476330695e-07	0.396925600124468	0.89	0.68	0.0072466537446959
Vezf1	3.40824031257005e-07	0.341256610548937	0.753	0.405	0.00724728220064895
Rex1bd	3.46880392113063e-07	0.357928278498626	0.932	0.64	0.00737606465789216
Wls	3.59996099653777e-07	0.320113359432691	0.877	0.509	0.00765495706303791
Map7d1	3.65220874488959e-07	0.459714204359597	0.822	0.547	0.00776605667513322
Ndufa8	3.68949365615441e-07	0.44620076872206	0.918	0.689	0.00784533931044674
Zbtb4	3.7016819341749e-07	0.327474295678111	0.534	0.262	0.0078712564648295
Uap1l1	4.25529219171156e-07	0.342964604461517	0.575	0.309	0.00904845331645545
Tspan4	4.37538959726988e-07	0.289176631944221	0.685	0.336	0.00930382843963466
Clic4	4.47789660061088e-07	0.318300018670211	0.932	0.656	0.00952179933153898
Impad1	4.5248170303454e-07	0.253299174496546	0.712	0.362	0.00962157093332647
Smarca2	4.5282078542066e-07	0.262126371163686	0.781	0.403	0.00962878118118492
Tuba1a	4.68715752640535e-07	0.51095051531472	0.808	0.552	0.00996677176414834
Adrm1	4.76811760675643e-07	0.310052006309148	0.74	0.42	0.0101389252790069
Laptm4a	5.04794334211216e-07	0.276422030385324	0.973	0.834	0.0107339467226673
Atl3	5.0807486821564e-07	0.264603800409479	0.74	0.407	0.0108037039977374
Kidins220	5.21800323889204e-07	0.366942768620448	0.63	0.339	0.01109556208718
Gm12254	5.37489225490101e-07	0.271820491696319	0.74	0.401	0.0114291708908215
Crybg3	5.79825287246925e-07	0.280020373586747	0.644	0.338	0.0123294049080186
Glrx5	6.08999370272165e-07	0.31335013581728	0.753	0.462	0.0129497626094673
Pde4d	6.23126495359841e-07	0.712623135158795	0.26	0.09	0.0132501617973317
Atp5a1	6.27229398655833e-07	0.38720472272335	0.986	0.905	0.0133374059330176
Ndufa3	6.6353123615851e-07	0.463974202141949	0.973	0.859	0.0141093282056746
Ago2	7.10069734364994e-07	0.297627049982447	0.795	0.441	0.0150989228315372
Cpxm1	7.47094345899511e-07	0.416019261504597	0.26	0.092	0.0158862141712072
Ehbp1l1	8.24877246707505e-07	0.296349154477857	0.753	0.414	0.0175401897739884
Timp1	8.37616379728608e-07	2.72059816402994	0.562	0.378	0.0178110746985491
Pkm	8.65810684038946e-07	0.415307546277281	0.986	0.857	0.0184105983854041
Tbrg1	8.74956680922888e-07	0.255523040293135	0.849	0.521	0.0186050788631443
Cebpd	9.58749865590395e-07	0.455486320297669	0.726	0.563	0.0203868571419142
Etfa	9.66969818257566e-07	0.322645674671849	0.836	0.516	0.0205616462154289
Stub1	9.97872883973683e-07	0.366553162930058	0.918	0.608	0.0212187690048164
Huwe1	1.02089152216399e-06	0.310600036619185	0.877	0.587	0.0217082373272951
Purb	1.03639487873035e-06	0.388265323859023	0.959	0.765	0.0220379007013222
Mrpl42	1.06967095108024e-06	0.369339585094724	0.89	0.583	0.0227454831037702
Vps13c	1.09403818177276e-06	0.361555005432948	0.712	0.414	0.023263627897216
Anapc13	1.12990939057715e-06	0.343741702889821	0.918	0.646	0.0240263932812325
Arl1	1.16918605449075e-06	0.360896651235035	0.89	0.64	0.0248615722626913
Cdk2ap1	1.21146282549607e-06	0.253517348885321	0.726	0.418	0.0257605455213483
March2	1.21855292086712e-06	0.302691158084082	0.753	0.426	0.0259113093093185
Zcrb1	1.31467062017215e-06	0.313022544762763	0.877	0.616	0.0279551560673406
Tsc22d2	1.42673665578494e-06	0.296011266687152	0.589	0.293	0.030338128248611
Pptc7	1.45766634475632e-06	0.271331194216391	0.466	0.22	0.0309958171548983
Smim11	1.54439702075567e-06	0.289537618004357	0.808	0.51	0.0328400582493487
Rhoq	1.69364787132655e-06	0.358625024310043	0.644	0.386	0.0360137283358877
Serpine1	1.70669941130021e-06	0.615630320784182	0.233	0.084	0.0362912562818876
Ube2b	1.70765489367346e-06	0.329699020483281	0.945	0.738	0.0363115736590724
Lbp	1.72873667235562e-06	0.434034187779303	0.384	0.169	0.0367598566009699
Gpx4	1.7530814894585e-06	0.406309675852397	0.986	0.854	0.0372775247918455
Gapdh	1.90576847701642e-06	0.464399401354779	1	0.974	0.0405242608952771
Svbp	2.31963055802988e-06	0.280407391445226	0.808	0.486	0.0493246241859474
Zmynd11	2.32584662739236e-06	0.307163521628874	0.781	0.441	0.049456802684871
