id	p_val	avg_log2FC	pct.1	pct.2	p_val_adj
Tcf15	0	1.59195920732505	0.816	0.028	0
Mecom	0	1.14803986324258	0.718	0.024	0
Emcn	0	1.82441465564269	0.854	0.039	0
Adgrl4	0	1.40896214108413	0.806	0.036	0
Tie1	0	1.05894882519213	0.738	0.03	0
Ptprb	0	2.38832587971368	0.981	0.05	0
Cdh5	0	2.41902600056735	0.961	0.048	0
Mmrn2	0	1.83450701229988	0.864	0.037	0
C1qtnf9	0	1.34815601860902	0.748	0.029	0
Gpihbp1	0	1.77145331374643	0.796	0.034	0
Cyyr1	1.64295383271669e-296	1.28885773953631	0.738	0.032	3.49357702988876e-292
Sox17	5.96519410549415e-288	1.37336047968009	0.641	0.025	1.26843887459228e-283
Meox2	2.26069345153926e-286	0.93485493461022	0.602	0.021	4.80713855535309e-282
Myct1	2.94646388786499e-280	1.26135157804672	0.718	0.032	6.26536081115611e-276
Aqp7	1.65338077235111e-277	0.858971366963845	0.515	0.016	3.51574887432739e-273
Sox18	6.9257785870959e-269	1.15432982111611	0.709	0.033	1.47269755876007e-264
Robo4	1.67727550793582e-258	0.896826332827547	0.612	0.025	3.56655864007472e-254
Srarp	1.39311836086203e-239	0.571658372869726	0.32	0.006	2.96232688253703e-235
Cdh13	6.42121145819362e-236	0.980442889988654	0.602	0.027	1.36540640447029e-231
Ushbp1	3.12790046119755e-233	0.801784488881212	0.534	0.021	6.65116754069046e-229
Ly6c1	5.64551721791905e-228	2.63704820120167	0.951	0.078	1.20046278121831e-223
Egfl7	8.07946381349556e-220	2.1489596369308	0.942	0.08	1.7180171853017e-215
Rasip1	1.90728417785597e-217	1.00768115312558	0.709	0.042	4.05564907579293e-213
Kdr	8.7113639245484e-217	1.67995933912463	0.883	0.07	1.85238442491597e-212
Grrp1	4.39407276132322e-211	0.817219430037994	0.544	0.025	9.34355631967769e-207
Arhgef15	5.81002551325184e-201	0.717143757186977	0.534	0.025	1.23544382513787e-196
Fabp4	1.38511960815131e-197	3.24781981146537	0.99	0.106	2.94531833477294e-193
Tinagl1	1.01962578991324e-196	1.18286486455164	0.738	0.051	2.16813227967151e-192
Dach1	3.9924192612185e-196	0.864173868765891	0.485	0.021	8.48948031705503e-192
Dll4	1.98990969687338e-195	0.701564494275029	0.417	0.015	4.23134397943157e-191
Flt1	1.72390061884896e-194	2.32496574408943	0.971	0.102	3.66570227592043e-190
Slc26a10	1.42497274765958e-190	0.536714071879007	0.369	0.012	3.03006205062332e-186
Adgrf5	2.47513571301199e-184	1.97436707472807	0.932	0.098	5.2631285801487e-180
Cd300lg	4.12028885588012e-179	1.32812350475016	0.68	0.049	8.76138222314349e-175
Aplnr	4.12377684743307e-179	1.04184009611495	0.476	0.022	8.76879908838168e-175
Podxl	8.51115027035587e-179	1.8285302199082	0.922	0.099	1.80981099348847e-174
Clic5	4.52536462993567e-174	0.915236915800552	0.67	0.047	9.62273534909521e-170
Sox7	2.3689926221789e-173	0.694969309486528	0.398	0.016	5.03742591180122e-169
Aqp1	1.03708741613599e-170	2.96655803974466	0.845	0.086	2.20526268167158e-166
Kif26a	4.13367235939604e-170	0.474221482728835	0.33	0.011	8.78984090501975e-166
Scgb3a1	1.35637152300145e-167	0.605334576688678	0.35	0.012	2.88418840651029e-163
Edn1	2.73195814323593e-166	1.33679631755123	0.553	0.033	5.80923579577689e-162
Adcy4	6.65363071742628e-161	0.745348198988928	0.476	0.025	1.41482803575353e-156
Cldn5	1.90605885630056e-157	0.91733827241744	0.447	0.022	4.05304355203752e-153
Thrsp	4.41747690195719e-155	0.503873262909976	0.359	0.014	9.39332288432176e-151
Gm42633	4.59245108864652e-155	0.306402804892821	0.252	0.007	9.76538799489796e-151
Gm12002	9.27597645054737e-150	0.391536365948068	0.272	0.008	1.97244363244439e-145
Ramp2	6.58385586974918e-140	1.53004611409703	0.845	0.099	1.39999111214347e-135
Clec14a	4.00988702916989e-139	0.822797766290019	0.612	0.049	8.52662377882685e-135
Tek	1.40430001081118e-137	0.846897673879694	0.573	0.043	2.98610354298888e-133
Cxcl12	3.42894991345342e-136	2.81017336559839	0.951	0.141	7.29131909596734e-132
Nova2	4.37773347692967e-136	0.480609550668133	0.369	0.018	9.30881246534325e-132
Jam2	5.19946044157835e-135	1.42025143017637	0.903	0.111	1.10561326829722e-130
Ebf1	6.0089898815339e-135	1.18909483046645	0.825	0.088	1.27775160840937e-130
Gm38197	3.12922675787616e-134	0.262903019456409	0.175	0.003	6.65398777794788e-130
Kcna5	1.49305688035394e-130	0.355716289588288	0.282	0.01	3.17483615038463e-126
Prex2	3.59020233024801e-130	1.399581469866	0.796	0.089	7.63420623503936e-126
Cyp26b1	1.9862010352543e-128	1.47765195394815	0.583	0.049	4.22345788136475e-124
Epas1	5.58936370493061e-128	2.02265552793591	0.961	0.157	1.18852229821644e-123
Rapgef4	7.53243641178718e-127	0.466322651499839	0.35	0.017	1.60169727860243e-122
Abcb1a	2.45179857217235e-124	1.53942366136815	0.796	0.104	5.21350448386728e-120
S1pr1	3.48007952247609e-124	1.5088013951788	0.883	0.124	7.40004109659315e-120
Fgd5	5.05507453577654e-122	0.719189839326391	0.553	0.045	1.07491104928752e-117
Plxna2	9.45869502331148e-121	0.790296183542787	0.573	0.05	2.01129690975695e-116
Apold1	6.3962413905194e-119	1.67825361245892	0.573	0.051	1.36009676928004e-114
Hspa12b	1.98807096311326e-118	0.523535530810425	0.408	0.025	4.22743409596404e-114
Icam2	1.51101232433752e-115	0.940199276822611	0.67	0.073	3.2130166064713e-111
Lims2	1.96125587410586e-115	1.07171633988863	0.757	0.092	4.1704144906987e-111
Ifi203-ps	1.36820008985796e-114	0.694888798341188	0.563	0.051	2.90934067107397e-110
Myo10	3.04949161931431e-114	1.43470190975422	0.806	0.112	6.48443897930995e-110
Nrarp	5.52529184018311e-112	0.599223496517699	0.437	0.031	1.17489805689654e-107
Ecscr	2.82439097725094e-111	1.13982561120929	0.757	0.097	6.00578497402641e-107
Esam	1.17133858629004e-107	1.53341487371207	0.913	0.153	2.49073436988714e-103
Ccm2l	4.13110146249456e-107	0.343849693750903	0.282	0.013	8.78437414984844e-103
Slc1a1	1.33764929640962e-105	0.307841216411908	0.214	0.007	2.84437746388542e-101
Pcdh1	4.29970002340579e-100	0.712615032028811	0.524	0.049	9.14288212977006e-96
Alpl	6.6217335674155e-100	0.639466477514388	0.35	0.022	1.40804542577523e-95
Shroom4	2.7724381740424e-99	0.472611415897497	0.32	0.019	5.89531253328377e-95
Ptprr	1.01074236547094e-98	0.393924190538952	0.272	0.013	2.1492425659374e-94
Mgll	1.8260855706829e-98	1.8311071526459	0.932	0.192	3.88298835750012e-94
Shank3	2.42622974993315e-98	0.392943376957509	0.33	0.02	5.15913494025786e-94
Pecam1	4.66310292486128e-98	2.0905826647974	0.961	0.219	9.91562205942503e-94
Mcf2l	1.40278909092928e-97	0.841150993736004	0.621	0.073	2.98289072295202e-93
Rflnb	1.26393461369586e-93	1.4976321892872	0.786	0.131	2.68763056256288e-89
She	1.63977543109172e-93	0.451917315541138	0.311	0.018	3.48681847667344e-89
Myo1b	2.80653583114269e-92	0.814960967439374	0.534	0.055	5.96781779134181e-88
Sorbs2	2.41151851892544e-91	0.842202585255241	0.641	0.077	5.12785297864305e-87
Tspan7	1.27288763316398e-90	1.35946514325882	0.777	0.133	2.70666826315989e-86
Gata2	2.32809806056e-90	0.319693610983742	0.243	0.011	4.95046771597478e-86
Sema3g	4.29441837572506e-90	0.425559114429599	0.184	0.006	9.13165123414177e-86
Tmem204	1.80005906381387e-88	0.773346233344184	0.563	0.064	3.82764559329382e-84
Cd36	2.07194994897091e-88	2.39683131211587	0.99	0.263	4.40579437149174e-84
Cav2	2.90696450933228e-86	1.27975065649888	0.806	0.147	6.18136933264415e-82
Tmem88	1.66355804139272e-85	1.03863791917101	0.709	0.113	3.53738981921747e-81
Cav1	1.5849847774657e-84	1.88255965872491	0.99	0.233	3.37031163080307e-80
Ptprm	1.41490289585486e-83	0.717284317977262	0.476	0.05	3.00864951774578e-79
Scarb1	1.93171084863688e-83	1.91176076343015	0.854	0.191	4.10758994854146e-79
Gng11	2.55882624755153e-83	1.81076815370987	0.932	0.219	5.44108813279357e-79
Ccdc85a	1.11531490488569e-82	0.542764059832781	0.388	0.034	2.37160561374894e-78
Notch4	2.62553317557896e-82	0.421831512224094	0.311	0.021	5.58293374455109e-78
Syt7	8.99520560906124e-82	0.273337684099385	0.194	0.008	1.91274052071078e-77
Sparcl1	1.67811651754024e-81	1.9956345266965	0.971	0.222	3.56834696289756e-77
Galnt15	1.88344627115387e-81	0.741546907776819	0.476	0.05	4.00496015098159e-77
Lnx1	1.05530035055614e-80	0.641330361147807	0.35	0.028	2.24399066542257e-76
Slc9a3r2	1.68420024619663e-80	1.40715331318318	0.777	0.143	3.58128340351252e-76
Fmo1	3.43991996017067e-80	0.706655086580194	0.485	0.052	7.31464580330692e-76
C130074G19Rik	1.64831721701886e-79	0.635225479112116	0.408	0.038	3.5049817302689e-75
Eng	1.72611912696484e-79	1.6057180219049	0.932	0.242	3.67041971157804e-75
Cavin2	3.69510424885677e-79	1.59818187566679	0.951	0.218	7.85726967476903e-75
Erg	5.77592879289132e-79	0.483941841350445	0.301	0.021	1.22819349852041e-74
Sept4	2.27348564225771e-78	0.866560339510443	0.621	0.087	4.8343398696968e-74
Itga1	2.28304285499753e-78	1.86560077300174	0.981	0.289	4.85466232686675e-74
Vwf	1.08128317878074e-77	1.05032282380489	0.573	0.078	2.29924055135936e-73
Plcb4	1.2430702451185e-77	0.861764963543183	0.583	0.079	2.64326456921998e-73
Tmem255b	1.50114345141736e-77	0.385737503719401	0.311	0.022	3.19203143509387e-73
Ssu2	3.62322110857701e-77	0.306030352995675	0.175	0.007	7.70441736527816e-73
Hey1	4.99303795901818e-77	0.481873408681918	0.272	0.017	1.06171959160563e-72
Col4a2	6.78656379073028e-76	1.65134001746192	0.942	0.234	1.44309492446089e-71
Pdzd2	1.66682321658698e-73	1.31618555605041	0.709	0.122	3.54433288775055e-69
Lmcd1	2.44914688075325e-73	0.54553877389516	0.379	0.035	5.20786592723372e-69
Stmn2	3.88329473615937e-73	0.869525015886082	0.437	0.046	8.25743792696928e-69
Nxpe4	6.42676012799483e-73	0.473899465692477	0.359	0.032	1.36658627361682e-68
Plpp3	2.4753911270928e-72	1.29197363670854	0.893	0.194	5.26367169265013e-68
Ablim3	2.94672639350258e-72	0.608388084995648	0.427	0.046	6.26591900314389e-68
Afap1l1	3.54253141381457e-72	0.658559117154377	0.485	0.057	7.53283879833531e-68
Ptprg	1.34314798768575e-70	0.918102574010963	0.68	0.121	2.85606988101498e-66
Jag2	6.00656613097132e-70	0.358914213539141	0.282	0.02	1.27723622208974e-65
Ehd2	1.02172499494317e-69	1.40150994453712	0.903	0.239	2.17259602924715e-65
Tcim	5.75949654719644e-68	1.10599137022091	0.67	0.119	1.22469934579585e-63
Cd200	4.61482103185829e-67	1.40576931313576	0.951	0.233	9.81295544214346e-63
Car8	1.63776204530101e-66	0.707124318173164	0.417	0.046	3.48253721312807e-62
Kank3	2.43403888801807e-66	0.699764487863147	0.612	0.1	5.17574029148163e-62
Apbb2	1.88594180313446e-65	0.834339824356546	0.631	0.11	4.01026665018512e-61
Cd93	5.50946001138924e-65	1.80901123050267	0.922	0.287	1.17153157682181e-60
Ctla2a	6.61603479229727e-65	1.46285384915234	0.835	0.189	1.40683363823409e-60
Tm4sf1	9.04667531165789e-65	1.29425002790714	0.932	0.206	1.92368503827093e-60
Rassf9	2.04743230696223e-64	0.689175974076776	0.466	0.062	4.35366005752449e-60
Depp1	2.22758923521207e-64	0.345967744095248	0.175	0.008	4.73674574975495e-60
AU021092	2.52355962874928e-64	0.383545185180993	0.32	0.029	5.36609719457247e-60
Adgrg1	9.16247580565629e-63	0.68841743538835	0.515	0.077	1.94830885531475e-58
Col4a1	1.6392394137578e-62	1.73227772504814	0.951	0.281	3.48567868941458e-58
Tspan12	4.18688998517871e-62	0.405841914373592	0.35	0.035	8.90300286448402e-58
Plvap	1.75204672032696e-61	1.27648741529242	0.505	0.075	3.72555214610324e-57
Afdn	2.07520534366065e-60	1.2850033273961	0.874	0.257	4.41271664276001e-56
Dock9	3.71733770368552e-60	0.752614666909077	0.65	0.123	7.90454689311689e-56
Ltbp4	1.96480887127898e-59	1.3518638693875	0.903	0.231	4.17796958388761e-55
Itga6	3.93298947329371e-59	1.36636458851192	0.806	0.222	8.36310881601174e-55
Ripply3	7.30145080754549e-58	0.288602471131781	0.262	0.021	1.55258049971647e-53
Cyp4b1	9.95913837952681e-58	0.319441028791512	0.262	0.021	2.11771118502258e-53
Rgcc	1.44871393152553e-57	1.3254103542388	0.748	0.17	3.08054530399589e-53
Lrrc32	1.09866783740037e-54	0.509490607665289	0.34	0.038	2.33620728944814e-50
Efr3b	3.46471958724027e-54	0.294225120006569	0.214	0.015	7.36737973030771e-50
Kitl	1.4781801936913e-53	1.32931156833457	0.903	0.283	3.14320236386518e-49
Zfp979	9.51973943137873e-53	0.277473500164416	0.252	0.021	2.02427739268837e-48
Gm44005	1.37983938381125e-52	0.256526382355721	0.165	0.009	2.93409046573625e-48
Cd34	1.82319282435719e-52	0.923544504689998	0.854	0.211	3.87683722171314e-48
Palmd	2.39954221593074e-52	0.898544963615905	0.65	0.136	5.10238656795513e-48
Nes	3.33038640179591e-52	0.697827831619472	0.388	0.051	7.08173364477882e-48
Dock6	4.32013422186444e-52	0.450621168568539	0.427	0.06	9.18633340937254e-48
Meox1	4.45095020442298e-52	0.312330741948646	0.252	0.022	9.46450051468503e-48
Gm32688	1.53030805056301e-51	0.283399355821162	0.184	0.012	3.25404703871717e-47
Tspan2	1.80895683461869e-51	0.582992783174764	0.466	0.074	3.84656581313318e-47
Ly6a	4.13925591860839e-51	1.46700804558506	0.99	0.373	8.80171378532887e-47
2900026A02Rik	1.62348231537597e-50	0.738038897170598	0.573	0.114	3.45217279541547e-46
Fam13c	4.02548104112678e-49	0.484813405777398	0.369	0.049	8.55978288585199e-45
Bvht	4.33293057564061e-49	0.480952400798069	0.369	0.049	9.21354357604219e-45
Kctd12b	5.22286823646744e-49	0.880946945600289	0.553	0.108	1.11059070180244e-44
Tspan13	6.61173724366065e-49	1.59656254316794	0.942	0.424	1.405919807492e-44
Id1	1.25431841132682e-48	0.772849319956791	0.592	0.124	2.66718266984534e-44
Crip2	1.79077631806835e-48	1.09749987357795	0.922	0.272	3.80790676274054e-44
Ephb4	5.78086862680072e-48	0.530720339801399	0.398	0.058	1.22924390480291e-43
Mcam	9.3759020917413e-48	0.584929896606126	0.417	0.062	1.99369182078787e-43
Ebf3	1.06490199219148e-47	0.274742767628801	0.214	0.017	2.26440759619597e-43
Hspg2	2.51677081283255e-47	0.937417081841614	0.767	0.205	5.35166145640713e-43
Cavin1	4.24447214334835e-47	1.07932923361887	0.942	0.28	9.02544556561593e-43
Vwa1	5.58241717834091e-47	0.495275351135555	0.544	0.097	1.18704518880241e-42
Tcf4	8.16411520663247e-47	1.49249854759975	1	0.617	1.73601745753833e-42
Arhgap31	1.94164997091508e-46	1.33314821442382	0.913	0.416	4.12872449815382e-42
Ldb2	5.24013853580147e-46	0.472840175019332	0.369	0.05	1.11426305825282e-41
Bcl6b	1.10450870149658e-45	0.301357442155613	0.184	0.013	2.34862730286234e-41
Nrp1	1.37320252223491e-45	1.42210279192055	0.961	0.421	2.91997784328032e-41
Pkn3	2.55164255225089e-45	0.258164394629411	0.214	0.018	5.42581272310629e-41
Thbd	3.91721453844701e-45	1.13871763680376	0.718	0.192	8.32956499455373e-41
Pdgfd	7.0881319997288e-45	0.307490531824184	0.262	0.027	1.50722038842233e-40
Nos3	7.11791613223552e-45	0.306446014649285	0.252	0.025	1.51355368635856e-40
Adgrl2	7.46354752265832e-45	0.608123693528422	0.563	0.112	1.58704874521806e-40
Dysf	1.20338995285656e-44	0.337358727668887	0.291	0.033	2.55888839575419e-40
Pcdh17	1.33301108261334e-44	0.454820526774964	0.495	0.089	2.834514766069e-40
Ablim1	1.92782613403198e-44	1.07176056547701	0.845	0.291	4.09932949140561e-40
Dcbld1	2.58227893116719e-44	0.37051313903567	0.214	0.019	5.49095791923391e-40
Gimap6	2.66796612233728e-44	0.846504871619702	0.757	0.198	5.67316316253799e-40
Nfib	3.09309983818632e-44	1.14741904414797	0.951	0.302	6.57716749591939e-40
Limch1	3.09396306071346e-44	0.613012023655601	0.563	0.114	6.57900305230111e-40
Rasgrf2	3.97055438398575e-44	0.445099289263876	0.33	0.044	8.44298684210731e-40
Jcad	8.86184369002599e-44	0.523000407848278	0.398	0.062	1.88438244224713e-39
Gpr4	1.10376327743322e-43	0.251731524223882	0.214	0.019	2.347042233134e-39
Arap3	1.41470201133474e-43	0.613259939063871	0.534	0.107	3.00822235690219e-39
Fam198b	1.74902712363538e-43	0.673806322151526	0.505	0.095	3.71913127569828e-39
Tshz2	5.48888458267824e-43	1.14324311398528	0.835	0.254	1.1671564176607e-38
Pxdn	8.50915382269785e-43	0.688289526217013	0.592	0.135	1.80938646885847e-38
Pcdh19	1.01833141609726e-42	0.507636353247415	0.408	0.066	2.16537992318921e-38
Pcp4l1	1.03099336405464e-42	0.433251259001489	0.573	0.116	2.19230428932578e-38
Sult1a1	5.70163820313987e-42	0.686180406596493	0.65	0.153	1.21239634751566e-37
Fmo2	3.2158917851478e-41	0.62770178985017	0.748	0.186	6.83827229193828e-37
Ace	3.66099929852161e-41	0.628537751112094	0.417	0.071	7.78474890837634e-37
Card10	6.04894321039394e-41	0.39119004950545	0.369	0.057	1.28624728425817e-36
Pdgfb	6.50324118442733e-41	0.831515856888062	0.777	0.225	1.38284920545663e-36
Dab2ip	6.70449700297842e-41	0.803319100586198	0.689	0.191	1.42564424271333e-36
Dennd5b	7.68839099792144e-40	0.489759850081463	0.485	0.097	1.63485946179801e-35
Sncg	2.13724239852034e-39	0.369847835421698	0.311	0.042	4.54463223621366e-35
Dlc1	6.15345393501759e-39	0.834390796861995	0.718	0.212	1.30847044474214e-34
Timp3	7.63875926452969e-39	1.32638320484432	0.816	0.254	1.62430577000959e-34
Dnm3	3.01278403470869e-38	0.580177289235515	0.379	0.061	6.40638397140455e-34
Mast4	3.583477283959e-38	0.998096391906228	0.757	0.243	7.61990609661041e-34
Tjp1	6.69251973357169e-38	0.941939262170943	0.689	0.205	1.42309739614669e-33
Rapgef3	6.75465183434594e-38	0.350775522828194	0.33	0.05	1.43630916605532e-33
Hspb1	7.21069786773926e-38	0.897756899623158	0.883	0.282	1.53328279459608e-33
Epha4	7.97719699620794e-38	0.493590671478183	0.417	0.075	1.69627116927366e-33
Ets1	2.62137148653603e-37	0.918613928755152	0.893	0.31	5.57408432897021e-33
Abcg2	3.25227484190772e-37	0.823325834283858	0.621	0.177	6.91563722383258e-33
Samd5	3.73685095937972e-37	0.346344335118004	0.243	0.028	7.94603988002504e-33
Spry1	5.62582254489109e-37	0.583524753446576	0.495	0.101	1.19627490594564e-32
Igfbp7	5.97347519017331e-37	1.30124324950148	1	0.391	1.27019976443845e-32
St6galnac3	7.80979923547551e-37	0.355617590690392	0.33	0.049	1.66067570943151e-32
Efnb2	8.86874787769111e-37	0.458020925012728	0.32	0.048	1.88585054871224e-32
Caskin2	1.8563153521795e-36	0.375504090415869	0.33	0.051	3.94726896487449e-32
Clec1a	6.79191029322061e-36	0.414576666544312	0.311	0.046	1.44423180475043e-31
Zfp366	1.27830431851938e-35	0.286213255125083	0.301	0.043	2.71818630289961e-31
Plxnd1	2.6843150293369e-35	0.904353351394175	0.718	0.245	5.70792747838198e-31
Atp8b1	4.8670830401771e-35	0.411348541999459	0.388	0.068	1.03493653766326e-30
Tns1	4.8964914467145e-35	0.814010451814504	0.68	0.211	1.04118994122937e-30
Tmem252	7.04866742542376e-35	0.514237526498543	0.175	0.016	1.49882864134211e-30
Tmcc3	1.51399757536711e-34	0.946232084524565	0.66	0.215	3.21936444426062e-30
Ece1	1.70972531077275e-34	0.926147128101751	0.854	0.367	3.63555990082718e-30
Pls3	1.97968691602269e-34	0.888743595997726	0.68	0.216	4.20960625823064e-30
Sema7a	3.16002939699768e-34	0.407978175270533	0.272	0.037	6.71948650977586e-30
4931406P16Rik	4.97038249522691e-34	0.984112303551238	0.816	0.337	1.05690213378505e-29
Syne1	1.06125456692292e-33	0.860321203516261	0.67	0.214	2.2566517111049e-29
Mcc	3.16383787641842e-33	0.507015001273707	0.427	0.09	6.72758486041614e-29
Cracr2b	3.23423409710667e-33	0.611405326219693	0.583	0.163	6.87727538408762e-29
Bcam	3.74105470016486e-33	0.693123809077714	0.689	0.188	7.95497871443056e-29
Id3	6.04424692365169e-33	1.10467301576526	0.757	0.277	1.2852486658453e-28
Fscn1	1.18028554340077e-32	0.475116949950458	0.505	0.116	2.50975917948741e-28
Tnfsf10	2.32437004033286e-32	0.482606731871722	0.427	0.088	4.94254045376379e-28
Calcrl	2.49060875535926e-32	0.624238481387478	0.524	0.129	5.29603045739594e-28
Ttc28	2.63991986035598e-32	0.876024438607801	0.699	0.244	5.61352559106095e-28
Gja4	6.63498840551687e-32	0.474621535749524	0.155	0.014	1.41086393454911e-27
Fbln2	1.23631309528184e-31	0.761413568961159	0.65	0.195	2.6288961658073e-27
Hes1	1.54428775884096e-31	1.20990581161974	0.689	0.217	3.28377349039942e-27
Wwtr1	2.41308919206032e-31	0.740562047357758	0.65	0.208	5.13119285799706e-27
Gdpd3	4.27244960875779e-31	1.36069301759369	0.796	0.358	9.08493684806256e-27
Pltp	4.8877166368099e-31	1.23760491399121	0.913	0.492	1.03932406565126e-26
Prdm16	1.08269884578845e-30	0.385036478837797	0.291	0.047	2.30225082568455e-26
Crim1	1.16514032786654e-30	0.884969360428271	0.786	0.305	2.47755439317542e-26
Lrrc8c	1.25425020554024e-30	0.863375380657568	0.825	0.346	2.66703763706077e-26
Snrk	2.68475105944501e-30	0.796332164918872	0.709	0.266	5.70885465280386e-26
Rnd1	8.81235950440634e-30	0.768802535830602	0.35	0.069	1.87386012501696e-25
Yes1	9.65202284207813e-30	0.486785378560191	0.437	0.103	2.05240613713949e-25
Uaca	1.07717326308368e-29	0.578874182548523	0.456	0.111	2.29050122662114e-25
Fam171a1	1.16139600552453e-29	0.306703096339085	0.243	0.034	2.46959246614736e-25
Rasal2	3.06387488254192e-29	0.57657515189251	0.515	0.141	6.51502355023714e-25
Itpkb	3.37358290118161e-29	0.930491468786946	0.825	0.392	7.17358668107257e-25
Tanc1	5.13444947068234e-29	0.551338703961244	0.466	0.119	1.09178933544589e-24
Gm37033	5.44440527636448e-29	0.733225854117512	0.573	0.172	1.15769833796614e-24
Fam43a	5.51384524670721e-29	0.701881240916332	0.544	0.152	1.17246405325982e-24
St3gal6	9.39007245943856e-29	0.823400635453673	0.796	0.34	1.99670500777502e-24
Sptbn1	1.03779324478265e-28	1.07899005944316	0.971	0.677	2.20676355570583e-24
Dst	1.31649292004232e-28	0.846476430815872	0.854	0.372	2.79939054517799e-24
Heg1	1.44416128460274e-28	0.665794207378494	0.748	0.261	3.07086455557927e-24
Cdc42ep1	1.4865764411095e-28	0.468864157900633	0.476	0.12	3.16105614437524e-24
Phldb2	6.38824408691483e-28	0.458219022208211	0.427	0.1	1.35839622264157e-23
Plekhg1	1.07528392287658e-27	0.314027693737246	0.272	0.044	2.28648373360476e-23
Igfbp3	1.08262186366939e-27	0.606307876830191	0.417	0.097	2.30208713090658e-23
Flnb	1.91755906588363e-27	0.662153911705764	0.621	0.209	4.07749759769495e-23
Fzd4	1.98098825117408e-27	0.467484001467236	0.495	0.132	4.21237341729656e-23
Fryl	2.72517183677792e-27	0.87912137429405	0.689	0.285	5.79480539372457e-23
Lifr	3.78925721291065e-27	0.735225451309731	0.786	0.323	8.0574765375332e-23
Slco2b1	7.71019365674404e-27	0.702125070028431	0.631	0.195	1.63949557917005e-22
Hdac7	7.90281264100481e-27	0.55927726429988	0.583	0.182	1.68045407998326e-22
Utrn	9.3681478490381e-27	0.994809327938553	0.757	0.372	1.99204295861946e-22
Acvrl1	1.02047685273248e-26	0.830963796458691	0.699	0.285	2.16994197965034e-22
Cmtm8	1.44075219464128e-26	0.313699984514214	0.272	0.046	3.06361546668522e-22
Ceacam1	2.73950747509273e-26	0.427645325972682	0.427	0.102	5.82528869503719e-22
Dgkh	6.50508355557718e-26	0.472108256493572	0.495	0.138	1.38324096725793e-21
Pkp4	6.83096535203161e-26	0.510272232422638	0.466	0.125	1.452536472456e-21
Jup	7.36022952542233e-26	0.762028875304638	0.67	0.259	1.5650792062858e-21
Gm37474	8.14264733233827e-26	0.476262902245005	0.417	0.101	1.73145252874841e-21
Egr1	1.03005648954067e-25	1.39377492890366	0.932	0.631	2.19031211935928e-21
Trib2	1.18745849698536e-25	0.367141973800134	0.33	0.067	2.52501174798967e-21
Nr1d1	1.51710525735382e-25	0.638905116450863	0.66	0.226	3.22597261923715e-21
BC028528	1.95850912878077e-25	0.72982360666491	0.689	0.264	4.16457381143943e-21
Fry	2.11188078174107e-25	0.638051051313208	0.573	0.197	4.4907032942942e-21
Rnf125	2.54283712917152e-25	0.315773156012967	0.33	0.067	5.40708887147031e-21
Nuak1	3.67848697474577e-25	0.540055862895347	0.359	0.084	7.82193470309941e-21
Sparc	4.88267627752468e-25	0.387058070102121	0.981	0.36	1.03825228365285e-20
Lpar6	5.25310900312061e-25	0.737472150999731	0.816	0.356	1.11702109842357e-20
Csgalnact1	7.86705031579281e-25	0.357022144338251	0.233	0.037	1.67284957915018e-20
Snai2	8.51079972783992e-25	0.271940657832729	0.204	0.029	1.80973645412788e-20
Galnt18	1.1222367739219e-24	0.261827968033198	0.243	0.04	2.38632427606752e-20
Slc28a2	1.24824819114611e-24	0.444102843943807	0.456	0.121	2.65427495365308e-20
Grasp	1.3544861876062e-24	0.332164076983742	0.34	0.072	2.88017942932583e-20
Akap2	1.53434852878486e-24	0.3907957943321	0.34	0.075	3.26263871160813e-20
Cpd	2.0829947928899e-24	0.709763124692255	0.777	0.349	4.42928012760109e-20
Efna1	2.09898254308432e-24	0.452330099179863	0.359	0.085	4.46327647961451e-20
Fzd6	2.30906381177198e-24	0.285590964242666	0.262	0.047	4.90999328935194e-20
Ccdc85b	2.64354192583794e-24	0.831484827108202	0.825	0.442	5.6212275511018e-20
Lrrc8a	3.12131810045893e-24	0.695059757211481	0.592	0.215	6.63717080881586e-20
Sema6a	4.50718312689863e-24	0.467734828016182	0.456	0.125	9.58407420103725e-20
Dchs1	5.00420746517456e-24	0.267762510624741	0.262	0.046	1.06409467539472e-19
Ier5l	7.54192092978301e-24	0.730086663353438	0.544	0.181	1.60371406650906e-19
Osmr	8.36801336907223e-24	0.545704758814251	0.515	0.157	1.77937436279952e-19
Mef2c	9.12278778523729e-24	1.07068000799391	0.883	0.546	1.93986959465286e-19
Klf9	1.21817117696921e-23	0.800720154058655	0.796	0.381	2.59031919070734e-19
Ier2	2.60970776215341e-23	1.15926947013636	0.961	0.745	5.549282585443e-19
Spns2	3.20544123963284e-23	0.386259809602625	0.398	0.102	6.81605025195527e-19
Dgke	5.80903817051464e-23	0.307700506388393	0.282	0.056	1.23523387657823e-18
Jund	5.84182993246059e-23	0.899941313517457	1	0.962	1.24220671683842e-18
Rnf144a	5.97656561509981e-23	0.386453972971557	0.33	0.073	1.27085691239482e-18
Gnai2	6.62301037225007e-23	0.605146631935818	1	0.981	1.40831692555526e-18
Klf7	6.89919987919658e-23	0.789276100924838	0.835	0.453	1.46704586231236e-18
Ppp1r16b	8.04977913254013e-23	0.393236102826304	0.437	0.117	1.71170503474333e-18
Ccnd1	8.1718821278676e-23	0.746468711739323	0.709	0.279	1.73766901566977e-18
Fermt2	9.37194977576983e-23	0.519942838516449	0.738	0.266	1.9928514003197e-18
Cd81	9.63591626023195e-23	0.958559245329615	0.981	0.63	2.04898123357572e-18
Ccn1	1.20468364204196e-22	0.868413376224195	0.437	0.122	2.56163929643801e-18
Tspan9	1.24345674581626e-22	0.463091872766095	0.408	0.111	2.64408642430369e-18
Lilra5	1.51260171695537e-22	0.501503377727051	0.515	0.149	3.2163962909339e-18
Actn4	1.5330878111225e-22	0.821984560407992	0.961	0.624	3.25995792157087e-18
Trp53i11	1.63008131227145e-22	0.409311489843932	0.398	0.102	3.46620490241402e-18
S100a16	3.31034624305934e-22	0.611982574582654	0.718	0.261	7.03912025124139e-18
Btg3	3.42309095938033e-22	0.648803197728504	0.67	0.288	7.27886061602633e-18
Adam15	3.43957780817278e-22	0.762753666678922	0.835	0.461	7.3139182512986e-18
Slc43a3	3.56335089064552e-22	0.561092805257806	0.631	0.229	7.57710933386864e-18
Aplp2	4.24609545102017e-22	0.877510362438828	0.951	0.733	9.0288973670493e-18
Clec2d	6.68682508902903e-22	0.900541063927457	0.922	0.686	1.42188648693113e-17
Smco4	7.01019779387208e-22	0.653525980790846	0.505	0.176	1.49064845888896e-17
Gstt2	7.32561462039266e-22	0.585197548035536	0.515	0.172	1.5577186928803e-17
Jun	7.5198980729562e-22	1.00790483539715	1	0.834	1.59903112623341e-17
Filip1	9.58295845561386e-22	0.497383026494263	0.388	0.106	2.03772028600173e-17
Neurl1b	9.66804836656674e-22	0.269756761373096	0.243	0.044	2.05581380466675e-17
Bmp6	1.59766583810981e-21	0.464425957148052	0.311	0.073	3.39727663815671e-17
Bmpr2	2.12220681111964e-21	0.829865936194364	0.806	0.427	4.51266056316481e-17
Cbfa2t3	2.31133042333048e-21	0.614035769882519	0.728	0.304	4.91481301216993e-17
Arhgef3	2.45135734135084e-21	0.523316271074745	0.592	0.212	5.21256625064843e-17
Cdc42bpa	5.19588504275007e-21	0.603261127579993	0.573	0.21	1.10485299549037e-16
Eepd1	5.38118712361456e-21	0.30285732583411	0.33	0.078	1.1442556299654e-16
Smagp	5.47634828265559e-21	0.50040270231339	0.563	0.187	1.16449069882389e-16
Txnip	6.44704656609433e-21	0.839648807493238	0.981	0.763	1.3708999818143e-16
Plk2	6.54870589502252e-21	0.784683597631428	0.67	0.271	1.39251682151759e-16
Mfge8	7.52921584516228e-21	0.900524940571782	0.602	0.225	1.60101245731531e-16
St6galnac2	8.67093700901143e-21	0.354438686646162	0.252	0.049	1.84378804559619e-16
Fli1	1.54282327791274e-20	0.702837770338831	0.825	0.42	3.28065941815365e-16
Wwc2	1.83380977482788e-20	0.680550168075865	0.65	0.284	3.89941310519401e-16
Mylk	2.32410049751132e-20	0.291712859734697	0.66	0.25	4.94196729790807e-16
Sh3bp5	2.52473170324498e-20	0.718463549971568	0.67	0.29	5.36858949378012e-16
Cep85l	2.69979005274522e-20	0.457167275232145	0.447	0.138	5.74083356815743e-16
Fmnl3	3.94097319563291e-20	0.39196950791362	0.427	0.124	8.38008540319381e-16
Klf2	4.10437620486538e-20	1.171705682944	0.913	0.631	8.72754556202575e-16
Ets2	6.60564132055054e-20	0.775425810229088	0.854	0.511	1.40462357040187e-15
Plekhg2	7.66172114640812e-20	0.424654824333077	0.398	0.115	1.62918838457222e-15
Plcb1	8.43625351328151e-20	0.499244933188846	0.534	0.185	1.79388494706418e-15
Rgs5	1.62142717430449e-19	1.72152214424526	0.466	0.154	3.44780274344106e-15
Elk3	1.85846318472303e-19	0.732685091188721	0.767	0.417	3.95183611599505e-15
Rasgrp3	2.00028713788813e-19	0.502922384275992	0.476	0.155	4.25341057000531e-15
Zbtb20	2.34625392117812e-19	0.637591770324845	0.903	0.523	4.98907433799316e-15
2810025M15Rik	2.44165581767835e-19	0.659748564448704	0.534	0.209	5.19193693071123e-15
Mpzl1	3.06638968660222e-19	0.446207146395517	0.35	0.094	6.52037102959096e-15
Myadm	3.17486949538218e-19	0.832500549132869	0.835	0.489	6.75104249498066e-15
Mrtfb	4.13504723552483e-19	0.509574969019149	0.515	0.193	8.79276444162001e-15
Ephx1	6.46550320437072e-19	0.52304617503685	0.583	0.213	1.37482460137739e-14
Bmp2	7.31403458350847e-19	1.007209001023	0.456	0.147	1.55525631383724e-14
Pdlim1	8.39871196390359e-19	0.714578382308355	0.728	0.348	1.78590211200446e-14
Adamts9	8.83865062307476e-19	0.3047910678256	0.252	0.054	1.87945066849062e-14
Btg2	8.92847294830319e-19	1.09736932274537	0.981	0.876	1.89855048772719e-14
Akap12	1.16535153483676e-18	0.467756854549633	0.495	0.157	2.47800350367688e-14
Adarb1	1.19012761693742e-18	0.293753169347312	0.272	0.062	2.53068736465573e-14
Ptp4a3	1.24583939937695e-18	0.607748862174096	0.631	0.279	2.64915289883515e-14
Peg13	1.45942386948005e-18	0.372450052673584	0.408	0.122	3.10331891606237e-14
Lamb2	1.87621414265143e-18	0.44689172129604	0.495	0.167	3.98958175293401e-14
Stox2	2.24655069862076e-18	0.380931042182743	0.301	0.074	4.77706540554718e-14
Cd151	2.35298270373437e-18	0.575990618056059	0.806	0.37	5.00338242122076e-14
Pitpnc1	2.59787224660407e-18	0.589523028441683	0.68	0.305	5.52411554517888e-14
Slamf9	2.81564754966036e-18	0.612046718761986	0.592	0.224	5.98719294959779e-14
Pea15a	2.95500907371872e-18	0.617861840718647	0.835	0.474	6.28353129435549e-14
Slfn5	3.44057543851851e-18	0.828466230605198	0.845	0.495	7.31603961246576e-14
Notch1	3.55946339725598e-18	0.556407422052159	0.67	0.294	7.56884296792511e-14
Rtl8a	3.76295662308368e-18	0.469379481990868	0.573	0.232	8.00155096332514e-14
Zfp36	4.37645726229816e-18	1.06551390711253	0.942	0.804	9.30609872255082e-14
Klhl24	5.21457807541885e-18	0.605724101908198	0.767	0.398	1.10882788195706e-13
Car4	5.26287727491632e-18	0.299314950133272	0.252	0.054	1.11909822373821e-13
Unc45b	5.5504617663468e-18	0.328450952862096	0.32	0.084	1.18025018999598e-13
Lrp5	6.16461241952992e-18	0.316346202894834	0.379	0.109	1.31084318488884e-13
C430049B03Rik	6.31802933787436e-18	0.29230781244532	0.262	0.059	1.3434657584056e-13
Epn2	6.77068397995592e-18	0.572030509648444	0.466	0.161	1.43971824149783e-13
Cdkn1c	1.01407210855028e-17	0.432205187774607	0.456	0.153	2.15632293162132e-13
Sh2b3	1.05803844495306e-17	0.552081843890753	0.621	0.265	2.2498129493482e-13
Wasf2	1.12830577295842e-17	0.617466488068361	0.981	0.756	2.39922939561879e-13
Fos	1.41613432778373e-17	0.924399373731821	0.942	0.837	3.01126803459933e-13
Cds2	2.18743629545641e-17	0.496667491912767	0.573	0.243	4.65136453865852e-13
Foxp1	2.34174504789905e-17	0.713011238976515	0.932	0.619	4.97948666985254e-13
N4bp3	2.45953892692026e-17	0.308561502950777	0.262	0.062	5.22996357420325e-13
Swap70	2.52551712056433e-17	0.656201676947762	0.68	0.334	5.37025960516799e-13
Col15a1	2.69835328626429e-17	0.471790595632615	0.35	0.094	5.73777842791239e-13
Tspan6	2.96593326469702e-17	0.282250637108391	0.311	0.081	6.30676049405174e-13
Auts2	3.43924596012926e-17	0.609102616046815	0.534	0.204	7.31321260961885e-13
Kcnb1	4.71579030767884e-17	0.309438678115445	0.262	0.06	1.00276565102483e-12
Zfhx3	5.63392229915731e-17	0.641705036097056	0.835	0.509	1.19799723769281e-12
F11r	5.6580955421182e-17	0.478663299199906	0.602	0.225	1.20313743607601e-12
Ppp1r2	6.4809211056509e-17	0.751735569510913	0.806	0.519	1.37810306390561e-12
Pim3	7.46223658646914e-17	0.851009775785693	0.767	0.414	1.5867699877468e-12
Stard9	7.67285074987317e-17	0.440244000178774	0.515	0.193	1.63155498345303e-12
Sptan1	8.90551265386945e-17	0.678000525326441	0.864	0.513	1.8936682107188e-12
Oaz2	9.32635007083816e-17	0.528165223432773	0.602	0.276	1.98315507906303e-12
Gm26532	9.51045338585315e-17	0.763596042958928	0.767	0.405	2.02230280796781e-12
Dpysl3	1.02357668227399e-16	0.483357210692589	0.466	0.165	2.1765334571874e-12
Ifi203	1.29075750995577e-16	0.709829913175669	0.883	0.633	2.74466676916995e-12
Slc12a2	1.36363288433181e-16	0.623006441431616	0.495	0.186	2.89962896524316e-12
Mustn1	1.49426852962021e-16	0.451931654306443	0.311	0.083	3.17741260138441e-12
Adamts1	1.75451250697512e-16	0.552506081543559	0.32	0.089	3.7307953948319e-12
Dbp	1.75692500994637e-16	0.59250536708525	0.573	0.227	3.73592534114996e-12
Pitpnm2	1.80453444202829e-16	0.258383798695672	0.282	0.071	3.83716203752896e-12
Ubc	2.05356561772451e-16	0.80198180108363	1	0.952	4.36670192952939e-12
1700020I14Rik	3.2817480849932e-16	0.562323164884253	0.777	0.418	6.97830912792955e-12
Tsc22d1	3.32009036746802e-16	0.588628765688819	0.757	0.35	7.059840157384e-12
Hip1r	3.38800066199381e-16	0.291512247463763	0.282	0.072	7.20424460766364e-12
Arhgef12	4.65571852474863e-16	0.605745498338585	0.757	0.371	9.89991987102548e-12
Sigirr	5.35677871186714e-16	0.274587215911855	0.272	0.069	1.13906542529143e-11
Nr3c1	5.49058572709333e-16	0.612081441038335	0.864	0.592	1.16751814900913e-11
Tnfaip1	5.7170341039065e-16	0.601964247949638	0.602	0.289	1.21567013185468e-11
Nfkbiz	6.93231065548043e-16	1.13405558423979	0.825	0.559	1.47408653778136e-11
Cst3	1.3604482207547e-15	0.401625118808513	1	0.973	2.8928570966128e-11
Ccdc88c	1.43040771354099e-15	0.357432894688282	0.427	0.146	3.04161896207355e-11
Lysmd2	1.54366512953119e-15	0.363850896226738	0.408	0.137	3.28244953143513e-11
Trim47	1.61117175311125e-15	0.474457347099505	0.573	0.248	3.42599561581577e-11
Bcr	1.78328887610463e-15	1.12067617597285	0.437	0.174	3.79198546614888e-11
Eln	2.28700750941853e-15	0.409802116382652	0.35	0.106	4.86309276802757e-11
Gm38042	2.3662954715411e-15	0.342765190203124	0.272	0.071	5.03169069068499e-11
Cx3cr1	2.54909887254133e-15	0.944280572025564	0.65	0.308	5.42040384257188e-11
Entpd1	2.84450666649381e-15	0.607382286253716	0.689	0.352	6.04855897563243e-11
Ctnnb1	3.10918990294444e-15	0.532604969040547	0.942	0.687	6.61138140962107e-11
Tspan18	3.85324406400885e-15	0.258098797527846	0.272	0.068	8.19353817770842e-11
Marcksl1	4.49316775896821e-15	0.881931378058129	0.777	0.479	9.55427192267001e-11
Lama4	5.56102631699236e-15	0.450494513794211	0.476	0.175	1.18249663604525e-10
Cacna1a	6.20338129354734e-15	0.387344852081926	0.437	0.157	1.31908699825991e-10
Dusp3	6.69176963698689e-15	0.620228026271552	0.835	0.542	1.42293789560889e-10
Lyl1	8.7620593186266e-15	0.398889142592747	0.505	0.191	1.86316429351276e-10
Plcg1	8.97602828319005e-15	0.324315746206203	0.34	0.107	1.90866265413753e-10
Glce	9.53457977884303e-15	0.32712323631993	0.311	0.092	2.02743304417318e-10
App	9.785173084513e-15	0.613844768833436	0.99	0.869	2.08071920469085e-10
Nid1	1.13944969326124e-14	0.294117619356919	0.534	0.205	2.4229258277507e-10
Gm45223	1.1415427889324e-14	0.68252715442437	0.592	0.275	2.42737658638586e-10
Phxr4	1.192330193739e-14	0.253111329069734	0.252	0.063	2.53537092396661e-10
Plscr2	1.51825858954958e-14	0.43449524114005	0.417	0.147	3.22842506481823e-10
Adrb2	1.74023661289824e-14	0.523914504499035	0.456	0.171	3.70043913366682e-10
Etl4	1.74726289962306e-14	0.373803039737336	0.359	0.118	3.71537982975848e-10
Jam3	1.79144113975418e-14	0.438958253752074	0.34	0.104	3.80932043957329e-10
Ecm2	1.9082557914731e-14	0.389833865514851	0.282	0.076	4.05771511498839e-10
Ppp1r15a	2.04028617732197e-14	0.851623444677201	0.816	0.545	4.33846452745744e-10
Macf1	2.04962934678376e-14	0.685285335674642	0.903	0.707	4.35833184300099e-10
Siglech	2.13944342606792e-14	0.325841828293425	0.291	0.079	4.54931250119083e-10
Tns2	2.24037591120145e-14	0.284937137572035	0.34	0.106	4.76393533757876e-10
3222401L13Rik	2.36898562131387e-14	0.267398457599253	0.262	0.069	5.03741102516182e-10
Bank1	3.00927612055386e-14	0.4784855696595	0.466	0.18	6.39892474274572e-10
Mylip	3.14284587455494e-14	0.452600521615953	0.621	0.286	6.68294746765362e-10
Msrb3	3.15656310115815e-14	0.30623769250799	0.388	0.134	6.71211577830269e-10
Amotl1	3.44527324475235e-14	0.45910243498494	0.456	0.178	7.3260290276414e-10
Prickle3	5.23095783374987e-14	0.27314787777684	0.272	0.076	1.11231087376857e-09
Hpgds	5.42600808213093e-14	0.608576014853168	0.505	0.207	1.15378635858432e-09
Rapgef5	5.71958271212318e-14	0.362560535012502	0.417	0.151	1.21621206790587e-09
Foxn3	5.87885438515243e-14	0.579935046873336	0.806	0.52	1.25007959645881e-09
Tmem140	6.46913219866555e-14	0.401549688800712	0.534	0.228	1.37559627072424e-09
Magi1	8.5394278677776e-14	0.271549951162289	0.243	0.063	1.81582394180423e-09
Fez2	8.8572808774376e-14	0.462005448517356	0.68	0.361	1.88341220577833e-09
Zbtb4	1.0466717011329e-13	0.407480835311114	0.583	0.261	2.225642705289e-09
Clstn1	1.14710164561351e-13	0.415305716035057	0.515	0.222	2.43919693923257e-09
Abcc4	1.25686233905078e-13	0.375606834404334	0.311	0.099	2.67259207775757e-09
Tmcc1	1.26608926660326e-13	0.562681876159577	0.728	0.414	2.69221221650517e-09
Vtn	1.36927457809726e-13	0.61820681317566	0.107	0.015	2.91162546286601e-09
Irf2bpl	1.74094770179526e-13	0.657151343632264	0.66	0.377	3.70195119309743e-09
Scn1b	1.77919529115615e-13	0.427726632740908	0.524	0.218	3.78328086711443e-09
Tnfsf12	1.78955463212589e-13	0.525827729646422	0.67	0.367	3.80530896975248e-09
Klf6	2.00724141801236e-13	0.821174176394996	0.951	0.804	4.26819815126148e-09
Ctnna1	2.02427515194969e-13	0.491732203003689	0.893	0.613	4.30441868310581e-09
Stab1	2.06426401057327e-13	0.609358256115108	0.68	0.337	4.389450992083e-09
Gm26825	2.14524343596156e-13	0.489586343354917	0.369	0.131	4.56164564222866e-09
Rhoj	2.33034085664657e-13	0.307622958372747	0.583	0.237	4.95523679757326e-09
Abca9	2.37563909071947e-13	0.472206774185595	0.573	0.258	5.05155896250588e-09
Mfng	2.4247373284173e-13	0.318850077147774	0.32	0.101	5.15596145514654e-09
Btbd3	3.09060366829692e-13	0.502666624662902	0.427	0.171	6.57185964026657e-09
Prkch	3.20831469705706e-13	0.352915228275801	0.437	0.165	6.82216037182212e-09
Socs3	3.27502604028172e-13	0.784816181969531	0.864	0.718	6.96401537205506e-09
Cers4	3.29181981306607e-13	0.38075558642729	0.534	0.23	6.99972565050368e-09
Git2	4.144434652761e-13	0.546976831425106	0.748	0.467	8.81272584563098e-09
Rbpms	4.25733709206795e-13	0.508205196173035	0.786	0.446	9.0528015925733e-09
Gm37084	4.43375426518339e-13	0.321513921747944	0.408	0.149	9.42793506948596e-09
5330406M23Rik	4.57251795690296e-13	0.365729054435015	0.35	0.121	9.72300218355846e-09
Rhob	5.76985357915831e-13	0.900138814161474	0.874	0.642	1.22690166507222e-08
Itm2b	5.85975402193612e-13	0.510133076458353	1	0.986	1.2460180952245e-08
Pbx3	6.10332147779839e-13	0.322976750764252	0.427	0.158	1.29781027903905e-08
Stard8	7.50660676689025e-13	0.453653543763421	0.515	0.217	1.59620486291154e-08
Lmo7	7.70023085443085e-13	0.317535739970401	0.359	0.123	1.63737708888618e-08
Myo1c	7.94719655518659e-13	0.463041295439078	0.748	0.419	1.68989187549488e-08
Iigp1	9.43407408418654e-13	0.692389431165932	0.612	0.325	2.00606151326143e-08
Cebpd	9.87103100483488e-13	0.74389690286659	0.835	0.562	2.09897603286809e-08
Serinc3	1.1035753803221e-12	0.537670225948907	0.951	0.773	2.34664268871692e-08
Cox4i2	1.18283026528437e-12	0.320450677695939	0.107	0.016	2.51517027610068e-08
Pid1	1.21177285632909e-12	0.528964487505996	0.767	0.44	2.57671380169818e-08
Ier5	1.32521324891678e-12	0.692650841305531	0.883	0.672	2.81793345249663e-08
Gadd45g	1.359963248173e-12	0.678217687284863	0.631	0.326	2.89182585091506e-08
Rgs3	1.42912816876531e-12	0.432736374906205	0.456	0.193	3.03889813806256e-08
Itpr1	1.56729312803166e-12	0.530505070613736	0.612	0.318	3.33269210744653e-08
Pde8a	1.69681678693898e-12	0.344734392168759	0.427	0.173	3.60811121574706e-08
Dock1	1.76498385654197e-12	0.407995758002644	0.563	0.264	3.75306167255085e-08
Grb10	1.80137275825747e-12	0.277684661434978	0.437	0.166	3.83043903315868e-08
Klf4	1.88865987834971e-12	0.69193629504942	0.845	0.55	4.01604636532283e-08
Rassf3	1.93637618614694e-12	0.427666526782507	0.544	0.256	4.11751032222286e-08
Grap	2.18600689038611e-12	0.351373262064199	0.388	0.141	4.64832505171702e-08
Luzp1	3.14647724336174e-12	0.636856324944703	0.602	0.343	6.6906692102844e-08
Tspan15	3.75837112704004e-12	0.257714457695781	0.301	0.096	7.99180036453795e-08
Mapk12	4.06914127787544e-12	0.30534511937698	0.282	0.089	8.65262201327433e-08
Tef	4.20185443214132e-12	0.41155010648087	0.437	0.181	8.93482326450531e-08
Itga9	4.32773274460955e-12	0.319614957923511	0.476	0.193	9.20249090813775e-08
Gjc1	4.88745414030422e-12	0.395524410183059	0.33	0.113	1.03926824839429e-07
Rora	5.32639384339285e-12	0.422542706837746	0.456	0.194	1.13260438685906e-07
Mctp1	5.65256815387144e-12	0.283105128630363	0.35	0.122	1.20196209223922e-07
Mum1	5.70490302218103e-12	0.339085146792664	0.408	0.162	1.21309057863658e-07
Tacc1	5.70936241091386e-12	0.593449138785944	0.864	0.675	1.21403882305672e-07
Gm8995	6.87809497997987e-12	0.658184563440078	0.709	0.376	1.46255811654292e-07
Znrf1	7.17716739147497e-12	0.452568008245828	0.505	0.237	1.52615287412324e-07
Lpl	8.12510599569153e-12	0.428614494657683	0.408	0.156	1.72772253892385e-07
Smad1	8.64702239348974e-12	0.515277707843417	0.544	0.272	1.83870284175166e-07
Plekhg5	8.73636888542331e-12	0.340014746140323	0.32	0.113	1.85770147979641e-07
Myl9	9.10097717710816e-12	0.652498168546285	0.476	0.204	1.93523178694028e-07
Selenop	1.06225323675966e-11	0.740246528953201	0.951	0.795	2.25877528264574e-07
Arl15	1.08956843134539e-11	0.290519030169406	0.291	0.095	2.31685831241284e-07
Fcrls	1.13589591107876e-11	0.434833739810441	0.563	0.247	2.41536906531786e-07
Parvb	1.18389300394185e-11	0.365641665127826	0.427	0.183	2.51743008358196e-07
Ctnnbip1	1.2321416358487e-11	0.544472898688803	0.592	0.338	2.62002597446868e-07
Nedd4	1.27765964173536e-11	0.298321817669847	0.845	0.409	2.71681546218608e-07
Pcnx	1.33879216418329e-11	0.277836597570126	0.388	0.148	2.84680765791935e-07
Lamb1	1.50432433584967e-11	0.400167974936799	0.495	0.216	3.19879526775074e-07
Ndel1	1.59159952980219e-11	0.431094023809346	0.777	0.483	3.38437724017138e-07
Anxa3	1.88981674289602e-11	0.386617662165514	0.845	0.507	4.0185063220941e-07
Herc1	2.07539183842035e-11	0.494505260819381	0.738	0.451	4.41311320521704e-07
Elovl5	2.25918402113931e-11	0.404891791041854	0.534	0.268	4.80392890255063e-07
Mapk3	2.40005725220485e-11	0.520069032548683	0.786	0.505	5.1034817410884e-07
Nr1d2	2.53277805695412e-11	0.426916231146605	0.505	0.235	5.38569926030725e-07
Per3	2.65879234280624e-11	0.302723486081725	0.379	0.144	5.65365603774318e-07
Atf3	2.71829190029474e-11	0.630157529789097	0.816	0.611	5.78017589678673e-07
Ints6l	2.735684316789e-11	0.256423405849825	0.427	0.168	5.81715913122013e-07
Cxcl1	2.77220666789984e-11	0.409011071269862	0.301	0.099	5.89482025862223e-07
Nck1	3.10674596987709e-11	0.42426055323861	0.718	0.423	6.60618463034665e-07
Raph1	3.22781562904988e-11	0.524238110069429	0.67	0.393	6.86362715361165e-07
Rftn1	3.26680167683687e-11	0.345556364684467	0.515	0.246	6.94652708562592e-07
Slc12a6	3.31631216344952e-11	0.373175637890607	0.602	0.312	7.05180618435906e-07
Myh11	4.18130709039752e-11	0.567696283618209	0.369	0.14	8.89113139702128e-07
Dennd5a	4.2323911380366e-11	0.508371543221235	0.689	0.429	8.99975651592102e-07
Mxd4	4.73144925407262e-11	0.540422491796287	0.816	0.546	1.006095369386e-06
Ptpra	5.14256868766054e-11	0.473248807913864	0.816	0.561	1.09351580574414e-06
Crybg3	5.29280906928581e-11	0.437766915639555	0.621	0.337	1.12546292049293e-06
Rasa4	5.62774766610445e-11	0.515888776698418	0.447	0.2	1.19668426372045e-06
Gm37420	5.78294816894601e-11	0.255508453404899	0.301	0.102	1.22968609864468e-06
Phactr2	5.96789820059779e-11	0.445608696192135	0.573	0.297	1.26901387337511e-06
Cuedc1	6.01853070085882e-11	0.367867521544484	0.398	0.163	1.27978036823062e-06
Plscr4	6.32540646138628e-11	0.329817738819508	0.417	0.172	1.34503442994918e-06
Ybx1	7.03004715868195e-11	0.375550495521847	1	0.974	1.49486922782213e-06
Aldh2	7.06997385827511e-11	0.57564660951251	0.845	0.642	1.50335924122362e-06
Sec14l1	7.69257642738647e-11	0.393333603318135	0.748	0.462	1.63574945151946e-06
Vcl	8.21060647497168e-11	0.49397096969951	0.612	0.323	1.74590336083798e-06
Tanc2	8.25285947683526e-11	0.345814124702288	0.466	0.203	1.75488803915425e-06
Sgk1	8.49446739959283e-11	0.493191574644432	0.553	0.276	1.80626354784942e-06
Eva1b	9.71388207757424e-11	0.436202065468018	0.621	0.353	2.06555988497539e-06
1190002N15Rik	1.00109244823882e-10	0.32352703529947	0.388	0.159	2.12872298193504e-06
Vgll4	1.04733717276463e-10	0.378599586403418	0.68	0.391	2.22705776416671e-06
Kmt2e	1.05679592162059e-10	0.548365372520091	0.854	0.694	2.24717084773402e-06
Ppp1r12c	1.1222995243279e-10	0.456880716541375	0.66	0.409	2.38645770853085e-06
H2-Q4	1.18409925148253e-10	0.448903950166923	0.767	0.491	2.51786864835244e-06
Ighm	1.2041514658415e-10	0.354838540963632	0.621	0.354	2.56050767696538e-06
Ppic	1.23646007836362e-10	0.352933400197837	0.466	0.198	2.62920871063241e-06
Spry4	1.26732064595737e-10	0.303506181616044	0.223	0.065	2.69483062156375e-06
Npr1	1.33358026192565e-10	0.260927939087714	0.388	0.156	2.8357250689587e-06
Tspan4	1.37708385742941e-10	0.473655140727141	0.631	0.335	2.9282311144379e-06
Rras	1.37872040671684e-10	0.460118728731941	0.728	0.429	2.93171107284268e-06
B4galt4	1.39956644826726e-10	0.293473340861817	0.34	0.133	2.97603809559551e-06
Prrc2b	1.42508915712517e-10	0.383900795711836	0.689	0.396	3.03030958371097e-06
Wdfy3	1.42619642034832e-10	0.365012701942105	0.631	0.34	3.03266406822866e-06
Pnisr	1.62646993769198e-10	0.503960218614938	0.786	0.549	3.45852567550822e-06
Ezh1	1.87467862339639e-10	0.375089665156584	0.563	0.286	3.98631662479008e-06
Gm43362	1.89337663754369e-10	0.301318884255273	0.417	0.18	4.0260760820729e-06
Tlr7	2.05425804163411e-10	0.324649298373659	0.388	0.155	4.36817429973077e-06
Arhgap18	2.28862154374928e-10	0.421136299540227	0.738	0.448	4.86652485062847e-06
Nxn	2.34858663150842e-10	0.34519613138293	0.408	0.18	4.99403461323951e-06
Ccnd2	2.36592270522419e-10	0.570404579188538	0.874	0.612	5.03089804038872e-06
Sh2d3c	2.39730521741673e-10	0.261209273813552	0.301	0.108	5.09762981431493e-06
Gna11	2.48060969415388e-10	0.410998123677142	0.573	0.302	5.27476845364881e-06
Ctdsp2	2.49351442411938e-10	0.481174048919744	0.796	0.521	5.30220907144744e-06
Nfkbia	2.72796660016759e-10	0.484648051893144	0.942	0.769	5.80074817859636e-06
Ikzf5	2.87163005993858e-10	0.344028323793692	0.466	0.217	6.10623415945339e-06
Slc30a1	2.94105376146465e-10	0.340770868645149	0.485	0.228	6.25385671837842e-06
Thra	3.33340447773675e-10	0.48090976253021	0.583	0.302	7.08815128145942e-06
Epb41	3.36372709714187e-10	0.294719895809663	0.583	0.289	7.15262929936248e-06
Ddx3x	3.61918172895563e-10	0.48417492263216	0.893	0.728	7.69582802845126e-06
Trim24	3.69068421273485e-10	0.362531499167347	0.427	0.195	7.84787090995939e-06
Marcks	3.77636764062442e-10	0.498967818828794	0.981	0.784	8.03006815102377e-06
Kctd17	4.134285541747e-10	0.347834392946807	0.388	0.168	8.79114477597083e-06
Tmtc1	4.35771494351528e-10	0.264771407958317	0.282	0.1	9.26624505589089e-06
Hoxb5	4.51530748761493e-10	0.305066498537734	0.214	0.064	9.60134984166438e-06
Dusp1	4.51907503851345e-10	0.658322602125839	0.932	0.77	9.60936116189499e-06
Mbnl2	4.86143434736491e-10	0.496143967760571	0.913	0.679	1.03373539962368e-05
Trim3	4.87426974807962e-10	0.253512490460329	0.32	0.122	1.03646471923165e-05
Ctnnd1	4.98585389165492e-10	0.425231171278625	0.573	0.323	1.0601919715215e-05
Abca1	5.08625494804192e-10	0.507788435218925	0.748	0.487	1.08154125215163e-05
Gucy1b1	5.08853632520409e-10	0.566872938299783	0.252	0.083	1.0820263641914e-05
Pkd2	5.2376620444979e-10	0.354568534863384	0.544	0.271	1.11373645714203e-05
Ggta1	5.48923403506363e-10	0.284206400894426	0.534	0.263	1.16723072521593e-05
Kmt2a	5.92627048764211e-10	0.45447491770528	0.738	0.503	1.26016215649222e-05
Impdh1	6.03436906985999e-10	0.301083320707272	0.35	0.141	1.28314823901503e-05
Lzts2	6.12911991875392e-10	0.275510980554579	0.359	0.145	1.30329605952383e-05
Adipor1	6.80063235721896e-10	0.41416202244835	0.777	0.522	1.44608646443904e-05
Apoe	7.67920665211499e-10	0.724688549487595	0.922	0.78	1.63290650250573e-05
Fus	7.73120765247102e-10	0.417946424458058	0.942	0.852	1.64396399522144e-05
Ndufa4l2	7.85320749690813e-10	0.40079982985447	0.136	0.03	1.66990604214254e-05
Pink1	8.51006651077903e-10	0.320483361618511	0.476	0.226	1.80958054285205e-05
Cd83	8.72039576890279e-10	0.837584771120324	0.631	0.393	1.85430495629949e-05
Itpripl1	8.79127994824981e-10	0.325513234434632	0.417	0.188	1.86937776819584e-05
Junb	9.12683022230728e-10	0.54201611846199	0.981	0.925	1.94072917847142e-05
Spred2	9.23187132819232e-10	0.327688952435155	0.408	0.181	1.96306511922681e-05
Fam208a	9.25131098784952e-10	0.433852693588913	0.553	0.302	1.96719876845632e-05
Aoah	9.49981889009623e-10	0.3940394016783	0.456	0.214	2.02004148879006e-05
Inf2	9.60968883543667e-10	0.309986063079854	0.35	0.143	2.04340423396725e-05
Mxra7	9.75942255691001e-10	0.261957923779482	0.427	0.184	2.07524361250134e-05
Hook3	9.79442691969944e-10	0.397191058179449	0.806	0.568	2.08268694020489e-05
Vat1	9.86412931636388e-10	0.359780279325706	0.641	0.368	2.09750845783161e-05
B3galnt1	9.96798257715148e-10	0.306162191098	0.34	0.135	2.11959181520549e-05
Fnbp1l	1.00358659009689e-09	0.336109408570935	0.417	0.191	2.13402652518204e-05
Adcyap1r1	1.0469074100534e-09	0.250548138064961	0.223	0.067	2.22614391673756e-05
Foxo1	1.0705776815477e-09	0.322262081833021	0.534	0.265	2.27647638204304e-05
Rapgef1	1.08556047744823e-09	0.339195460152262	0.456	0.22	2.30833579924592e-05
Vezf1	1.09733786914292e-09	0.489051917901232	0.66	0.405	2.33337924494551e-05
Taok2	1.11812387073565e-09	0.319323280805968	0.495	0.242	2.37757859873229e-05
Aaed1	1.14444711291597e-09	0.370915123622866	0.524	0.274	2.43355234090451e-05
Ackr3	1.16357864855122e-09	0.340191858865512	0.301	0.115	2.47423363827932e-05
Icam1	1.19048199740794e-09	0.877567283447659	0.699	0.476	2.53144091928825e-05
Rgl2	1.22304510718294e-09	0.28478268458972	0.456	0.212	2.60068311591381e-05
Dock4	1.28634559129036e-09	0.430167101470837	0.495	0.26	2.73528526531981e-05
Elk4	1.30201427514904e-09	0.36994678736389	0.534	0.289	2.76860315467691e-05
Anks1	1.36058047927817e-09	0.283832685835005	0.563	0.29	2.8931383311371e-05
Ier3	1.39341065696363e-09	0.638512301658165	0.883	0.735	2.96294842096746e-05
Sbf2	1.45509788138167e-09	0.40997100292217	0.553	0.3	3.09412013496999e-05
Gm26522	1.51975879950841e-09	0.353881907218664	0.282	0.1	3.23161511127468e-05
Map4k3	1.5714485547387e-09	0.290626533786665	0.388	0.172	3.34152820679637e-05
Trove2	1.72119136183092e-09	0.380814794649861	0.447	0.213	3.65994131179727e-05
Mat2a	1.77167431901589e-09	0.619087962463232	0.845	0.678	3.76728827195538e-05
Ddx5	1.80333933914928e-09	0.329756634615487	1	0.992	3.83462077076703e-05
Ndrg1	1.83800675916189e-09	0.330003160619686	0.553	0.283	3.90833757268185e-05
H2-Q6	1.84943389987813e-09	0.411591009381381	0.388	0.178	3.93263624470085e-05
Ddx3y	1.88938123773337e-09	0.414516202943122	0.709	0.436	4.01758026391625e-05
Clmp	1.93547808289887e-09	0.342032129910852	0.544	0.263	4.11560059547616e-05
Pfkfb3	2.24856231032384e-09	0.251029248843929	0.495	0.233	4.78134289667261e-05
Ly6e	2.25652860385182e-09	0.406950242914633	1	0.901	4.79828242323052e-05
Ddah2	2.43506878401127e-09	0.253587747990578	0.505	0.235	5.17793026232157e-05
Exoc6	2.48213192176672e-09	0.299852177962287	0.515	0.261	5.27800531844476e-05
Tm6sf1	2.52498210833374e-09	0.434343402590789	0.738	0.468	5.36912195516087e-05
Chek2	2.5954416618684e-09	0.255673123391385	0.301	0.118	5.51894714979696e-05
Gm47087	2.61306053633526e-09	0.251252550480952	0.272	0.098	5.55641192446329e-05
Rtl8b	2.64701351273693e-09	0.297176075840323	0.379	0.167	5.62860953348381e-05
Sntb2	2.71215519024501e-09	0.382663005653522	0.631	0.355	5.76712679653698e-05
Irf1	2.84826478223997e-09	0.53471853334319	0.854	0.636	6.05655023295508e-05
Slc6a6	2.99060252893805e-09	0.735473388079854	0.796	0.623	6.35921721753387e-05
Plpp1	3.03118634434723e-09	0.282827112447261	0.495	0.226	6.44551464261995e-05
Pf4	3.03752180639145e-09	0.315329833071719	0.709	0.402	6.45898636911078e-05
Kif1b	3.102678246757e-09	0.410144481783219	0.718	0.455	6.59753502390408e-05
Nav1	3.13940462367192e-09	0.520507265244057	0.621	0.379	6.67562999177597e-05
Zfp36l1	3.29047332054356e-09	0.60454618563006	0.971	0.89	6.99686246880382e-05
Arhgap17	3.51012052475694e-09	0.442011101811504	0.68	0.442	7.46392028384315e-05
Ehd4	3.86745854627349e-09	0.48464046109226	0.874	0.663	8.22376385279595e-05
Pros1	4.02346893044708e-09	0.289208562329212	0.553	0.278	8.55550433370267e-05
Cd300ld	4.20128951450728e-09	0.465895158939071	0.485	0.247	8.93362202364827e-05
Lmo1	4.35835824995038e-09	0.272262106890243	0.252	0.091	9.26761298269448e-05
Pou2f2	4.37861028040511e-09	0.599566674448979	0.602	0.355	9.31067690025342e-05
Srsf5	4.53859180569646e-09	0.440802012973109	0.951	0.862	9.65086161563296e-05
Ophn1	4.7214704707155e-09	0.303164567780973	0.456	0.218	0.000100397348089294
Nr4a1	4.74607346734825e-09	0.613115777408895	0.699	0.456	0.000100920506209693
Ptk2	4.89026162071566e-09	0.251486169239523	0.35	0.148	0.000103986523102898
Rgs4	5.03189721914358e-09	0.618377038979228	0.126	0.029	0.000106998262467869
Cp	5.32485804362124e-09	0.566947063361214	0.583	0.322	0.000113227781439562
Rhoc	5.42853432687792e-09	0.399764209207765	0.748	0.484	0.000115432353926732
Cyp2d22	5.46273761195363e-09	0.299099007759666	0.34	0.141	0.000116159652580582
Pde12	5.46344425239605e-09	0.260620022074381	0.359	0.155	0.00011617467858295
Rps4l	5.78654981602699e-09	0.258611351791944	0.311	0.119	0.000123045195287998
Ktn1	7.72035306971718e-09	0.459565330988409	0.796	0.53	0.000164165587674466
Tprgl	9.12900854135444e-09	0.359700053180976	0.767	0.521	0.000194119237623361
Spag9	9.25096823127945e-09	0.358776558619574	0.874	0.685	0.000196712588469926
Nbeal1	9.78964490276834e-09	0.490713770460603	0.65	0.423	0.000208167009212466
Ccl3	9.96761132432657e-09	0.807274034465184	0.447	0.229	0.00021195128720048
Dnajb1	9.98961714118594e-09	0.594419680281801	0.631	0.397	0.000212419218890178
Lmo2	1.01263589491223e-08	0.398199148346183	0.621	0.374	0.000215326896694136
Pik3c2a	1.0330601626825e-08	0.41704428963262	0.621	0.376	0.000219669912992807
Cdc42bpb	1.11980049703378e-08	0.3570787474665	0.505	0.271	0.000238114377689263
Qk	1.12649192313025e-08	0.393264293293238	0.922	0.776	0.000239537242534417
Tob2	1.21334943298603e-08	0.409900238878144	0.699	0.443	0.000258006623430149
Gnaq	1.2306945087757e-08	0.424405729162396	0.699	0.488	0.000261694880346065
Mfsd6	1.251258286055e-08	0.309311117589034	0.388	0.183	0.000266067561946735
Rassf1	1.26216853538523e-08	0.433287498053072	0.689	0.421	0.000268387517364316
Hspa1a	1.28461041374656e-08	0.96055324052356	0.641	0.432	0.000273159558379069
Kctd12	1.31133354706428e-08	0.764822874815431	0.864	0.707	0.000278841965447748
Apc	1.44544839945809e-08	0.481547893116834	0.602	0.365	0.000307360147660767
Mmp9	1.44677933705988e-08	0.650952567396459	0.359	0.158	0.000307643158232413
Ripor1	1.48444399512485e-08	0.335632511697039	0.35	0.159	0.000315652171123348
Rab12	1.53859854760807e-08	0.368866780258272	0.631	0.376	0.000327167595163379
Cd33	1.62105481096967e-08	0.329942510776341	0.524	0.265	0.000344701095004591
Jmjd1c	1.65971312991975e-08	0.410168919214878	0.835	0.598	0.000352921399946136
Clk1	1.66230738511049e-08	0.419410908183031	0.864	0.716	0.000353473042369896
Arhgef2	1.67653171020258e-08	0.402722474824762	0.68	0.449	0.000356497702857476
Map4	1.68316290353727e-08	0.46155404871456	0.689	0.45	0.000357907759808166
Wwp1	1.70210837712172e-08	0.434471884916174	0.689	0.467	0.000361936325311164
AC122252.2	1.75348250341303e-08	0.305137001672654	0.233	0.081	0.000372860519525746
Nrp2	2.06304191848389e-08	0.470087425859839	0.641	0.405	0.000438685233546414
Herpud1	2.07379221501087e-08	0.544137079805564	0.728	0.508	0.000440971176599912
Dhrs3	2.07459537342777e-08	0.316957021509543	0.816	0.555	0.000441141960205681
Mtmr10	2.14996605923322e-08	0.281700559993947	0.311	0.13	0.000457168782835352
Vamp5	2.25175295973322e-08	0.328979801079638	0.466	0.241	0.000478812749357672
Itgb5	2.28349671111198e-08	0.334959798145466	0.66	0.386	0.000485562740650852
4632427E13Rik	2.34295436415989e-08	0.307449029429086	0.515	0.276	0.00049820581599496
Tjp2	2.35963263412861e-08	0.479889930266934	0.369	0.178	0.000501752283321108
Dpysl2	2.52834492711478e-08	0.412911232112011	0.835	0.609	0.000537627265301686
Fkbp1a	2.57672142860007e-08	0.418688480843144	0.932	0.793	0.00054791404457752
Fcho2	2.72347743179271e-08	0.433007767240138	0.806	0.609	0.000579120241096403
Arid5b	3.14435227038747e-08	0.508407669461039	0.709	0.494	0.000668615066775192
Peak1	3.30780242031873e-08	0.378828496861116	0.553	0.323	0.000703371106656575
Tmod3	3.34698048146703e-08	0.432322935318587	0.816	0.607	0.000711701929579149
Dusp6	3.93596223952001e-08	0.440195738679117	0.621	0.375	0.000836943010611534
Tgfbr3	4.03045686078101e-08	0.270794494867717	0.456	0.219	0.000857036346876475
Syne2	4.12972894492349e-08	0.39712244458961	0.544	0.294	0.00087814556284853
Tnrc6b	4.34547354172935e-08	0.370445107947748	0.786	0.556	0.000924021493913328
Lrch3	4.70920801699772e-08	0.305437852489492	0.456	0.245	0.0010013659927344
Sypl	4.91878798900025e-08	0.366246863997572	0.757	0.54	0.00104593107798101
Ssh2	5.00918567823869e-08	0.43136254716033	0.67	0.442	0.00106515324262068
Man1c1	5.37103533761627e-08	0.350355793070594	0.456	0.242	0.00114209695419072
Serpinf1	5.43630297288386e-08	0.363545783712006	0.369	0.159	0.00115597546415402
Smim10l1	5.59133661564423e-08	0.437778239572328	0.67	0.423	0.00118894181795059
Mtus1	6.0031274062351e-08	0.250267092906726	0.495	0.263	0.00127650501166183
Rgs10	6.44235211636128e-08	0.296593687896756	0.835	0.615	0.00136990175402306
Ppp3ca	6.60564469922521e-08	0.429945277883664	0.825	0.678	0.00140462428884325
mt-Rnr1	6.74624550323119e-08	0.401805709955423	0.922	0.736	0.00143452164380708
Ccser2	7.00202798840336e-08	0.379674161563488	0.505	0.284	0.00148891123145409
Fam217b	7.11098796351051e-08	0.267719570521593	0.301	0.129	0.00151208048056088
Cpne8	8.06422573171924e-08	0.326332310725131	0.369	0.173	0.00171477695959278
Zfp644	8.31726721565491e-08	0.432181670020115	0.689	0.467	0.00176858370073686
Psd3	8.56920022773084e-08	0.331161018987288	0.476	0.251	0.00182215473642469
Leng8	8.90150350988612e-08	0.317263591856936	0.583	0.351	0.00189281570634218
Ash1l	8.98302517260303e-08	0.375398951732357	0.767	0.552	0.00191015047270231
Malat1	9.05105464944449e-08	0.309473082046908	1	0.998	0.00192461626065788
Gnas	9.08358001479739e-08	0.338472495439577	1	0.939	0.00193153245434652
Zcchc14	9.24281371110961e-08	0.310554013403618	0.359	0.169	0.00196539190753035
Bicd2	9.67721106893785e-08	0.287346601669657	0.456	0.242	0.00205776216169894
Nedd9	1.00314280334102e-07	0.438541133292271	0.427	0.224	0.00213308285702434
G530011O06Rik	1.04397650720758e-07	0.260895963366156	0.233	0.084	0.0022199116449262
Helz	1.05760453782934e-07	0.319645192427967	0.544	0.319	0.00224889028924031
Ypel3	1.15931311778929e-07	0.356356357340043	0.806	0.557	0.00246516341366714
Sbno2	1.21135507350826e-07	0.52460499757457	0.748	0.552	0.00257582542830797
Pcmtd1	1.25579671199361e-07	0.495008372416182	0.65	0.458	0.00267032612838322
Rgs16	1.25736683524938e-07	0.300398877967458	0.184	0.059	0.00267366483847428
Rbm39	1.39677158683785e-07	0.346191388014502	1	0.946	0.002970095102252
Tmem184b	1.46493410457066e-07	0.252058060494597	0.388	0.193	0.00311503587995905
Ski	1.492093702925e-07	0.392506748254856	0.806	0.561	0.00317278804989971
Gigyf1	1.49293262630888e-07	0.36777870258234	0.505	0.288	0.0031745719365832
Btbd7	1.50333589704755e-07	0.387177216687208	0.709	0.468	0.00319669345148192
Lima1	1.53485316813812e-07	0.410613239385791	0.699	0.444	0.0032637117767289
F13a1	1.5450946760731e-07	0.456816265943993	0.534	0.31	0.00328548931920184
Ccdc152	1.56833878881158e-07	0.299771128754763	0.388	0.184	0.00333491560052895
Rb1cc1	1.5925601716515e-07	0.39205628460158	0.718	0.494	0.00338641994899974
Cd38	1.59853524632667e-07	0.32374164018305	0.718	0.422	0.00339912534778902
Lrrc58	1.64074324402959e-07	0.37001358282565	0.767	0.531	0.00348887643410453
Tgoln1	1.66352830995213e-07	0.332513152599214	0.825	0.617	0.00353732659828222
Sipa1l2	1.68670458740192e-07	0.305948829205097	0.301	0.131	0.00358660863465144
Actn1	1.87686128663847e-07	0.414565363711281	0.563	0.331	0.00399095783990803
Sertad1	1.96706388929146e-07	0.328194813095143	0.573	0.35	0.00418276465418935
Zeb1	2.01832134608072e-07	0.29943061233972	0.437	0.232	0.00429175851030605
Etv3	2.10966897362742e-07	0.594693742852235	0.621	0.429	0.00448600010552134
Tnfsf9	2.20218788562703e-07	0.369777640169151	0.301	0.129	0.00468273231999731
Chd6	2.21411953651552e-07	0.276104165197171	0.563	0.324	0.00470810378244659
Zfp652	2.24050139823023e-07	0.272483419678544	0.583	0.351	0.00476420217319676
Srgap2	2.47196214941968e-07	0.369574625418505	0.66	0.439	0.005256380314526
Eif4a2	2.52210717101534e-07	0.403280949906877	0.806	0.643	0.00536300868844701
Tra2a	2.82161244046604e-07	0.397431365513249	0.854	0.667	0.00599987669340698
Smarca2	2.83152228617412e-07	0.367958060369615	0.65	0.404	0.00602094898932065
Adam33	2.89403041498046e-07	0.36106112983037	0.272	0.117	0.00615386627441445
Gm8818	2.92637025229877e-07	0.266891415811674	0.136	0.037	0.0062226337044881
Ptpro	2.96263244294633e-07	0.295488690946241	0.379	0.184	0.00629974162668108
Hspa2	3.08714468811289e-07	0.259068601346781	0.291	0.129	0.00656450446480325
Aspn	3.29530343552367e-07	0.353590592171984	0.233	0.086	0.00700713322529753
Spop	3.36701481446579e-07	0.368715785779172	0.796	0.643	0.00715962030148006
6820431F20Rik	3.44884216299777e-07	0.37220560929259	0.583	0.37	0.00733361797539846
Smad7	3.73860462541038e-07	0.322730440653956	0.456	0.25	0.00794976887547264
Wnk1	3.86118639611985e-07	0.456379708975945	0.874	0.806	0.00821042675270925
Fam117b	3.89779185219163e-07	0.291684780475131	0.466	0.258	0.00828826459450029
Adgre1	4.58178313240846e-07	0.448038097071442	0.631	0.402	0.00974270365275336
Wasl	4.59323885839396e-07	0.329769905320079	0.544	0.334	0.00976706310848893
Peli2	4.63087372645225e-07	0.250076488784415	0.32	0.147	0.00984708989192806
C5ar1	4.75846196368079e-07	0.561786701779107	0.68	0.439	0.0101183935195708
mt-Nd1	4.78114676068656e-07	0.386807102175601	1	0.993	0.0101666304719239
Numb	4.79347423424174e-07	0.284605453131157	0.408	0.209	0.0101928436116916
Myh9	4.90799314927874e-07	0.462249681894705	0.932	0.834	0.0104363566326263
Ubr1	5.03011849279285e-07	0.275213533230425	0.466	0.255	0.0106960439630747
Eif4ebp2	5.35713667808261e-07	0.31220256053451	0.728	0.517	0.0113914154322749
Atf4	5.36274280551863e-07	0.4377171713528	0.816	0.618	0.0114033363016548
Bsg	5.47569706238403e-07	0.268875649424289	0.961	0.866	0.0116435222334534
Pde3a	5.50988435529934e-07	0.343028227681711	0.32	0.146	0.0117162180931085
Myo18a	5.51723369241835e-07	0.259373737374304	0.534	0.312	0.0117318457235584
Lcorl	5.54707173866296e-07	0.298008396372456	0.408	0.212	0.0117952933450929
Ppp1r13b	5.90281966216404e-07	0.259760407969347	0.379	0.186	0.0125517557296256
Vsir	6.05344604409195e-07	0.331637254265097	0.777	0.562	0.0128720476681571
Efcab14	6.32507072007654e-07	0.316898705631503	0.612	0.39	0.0134496303791708
Lipe	6.37984740579494e-07	0.302941870728513	0.359	0.179	0.0135661075236824
Fosb	6.51781329781071e-07	0.577534075686459	0.689	0.477	0.0138594781964647
Cttnbp2nl	6.54834894039581e-07	0.410012217312366	0.563	0.347	0.0139244091868576
Coq10b	6.84733098644317e-07	0.361008535312407	0.65	0.456	0.0145601646095727
Csnk1e	7.20240365624926e-07	0.31913050761621	0.553	0.337	0.0153151911346484
Tmem245	7.42415202324215e-07	0.283203707822468	0.447	0.245	0.0157867168622221
Rsrc2	8.17263764938515e-07	0.362379624605031	0.864	0.718	0.0173782966976526
Ralb	8.34096497550448e-07	0.33627004028457	0.728	0.504	0.0177362279239127
Sdc3	8.48239263114346e-07	0.298226416523536	0.748	0.486	0.0180369596908635
Arhgef7	8.52858156438086e-07	0.318706721765451	0.417	0.232	0.0181351758384995
Tet3	8.65063620356097e-07	0.279091043283286	0.65	0.418	0.0183947128232521
Taok1	8.67096770608069e-07	0.294686097649034	0.786	0.572	0.01843794573021
Ralgapa1	8.73190275209581e-07	0.335198967319776	0.466	0.27	0.0185675180120565
Klf13	8.80620597981967e-07	0.321219145105196	0.806	0.64	0.0187255163954886
Slc3a2	8.95417787869142e-07	0.484770093736157	0.845	0.724	0.0190401638412494
Rabac1	9.0091246226698e-07	0.304562489656742	0.942	0.765	0.0191570025976451
Ankrd50	9.4168704317242e-07	0.257481553632341	0.33	0.156	0.0200240332860183
Csrp1	9.46492744034802e-07	0.305978102921472	0.67	0.438	0.020126221709156
Gatad2b	9.59233775249167e-07	0.334151531038708	0.68	0.474	0.0203971469968983
Rif1	9.84385799138622e-07	0.304707996207542	0.495	0.291	0.0209319796328837
Zfp36l2	9.89426455697322e-07	0.519321909984199	0.922	0.815	0.0210391641539479
Gstm1	1.02519719490404e-06	0.26095887599461	0.631	0.374	0.0217997931524396
Spire1	1.07192584165962e-06	0.263497655036694	0.291	0.134	0.0227934310970501
Rasgrp2	1.0941597634342e-06	0.252711335826152	0.379	0.187	0.0232662132096647
Piezo1	1.14137044410146e-06	0.271655375838048	0.456	0.265	0.0242701011233734
Pde5a	1.17301071710722e-06	0.314215766184734	0.262	0.11	0.024942899888568
Pura	1.19692933681533e-06	0.376111993062613	0.806	0.644	0.0254515054180412
Arid5a	1.2111591372267e-06	0.25579187089155	0.65	0.395	0.0257540878939885
Mob3c	1.21412417881599e-06	0.261900917602215	0.388	0.198	0.0258171365383432
Rgmb	1.28649728402966e-06	0.250900556267866	0.408	0.216	0.0273560782476066
Gm11478	1.36550184041034e-06	0.369077046425707	0.699	0.488	0.0290360311344854
Nhsl2	1.39981514838917e-06	0.305435597736134	0.291	0.135	0.0297656693153474
Map7d1	1.47534106548148e-06	0.352184172331709	0.709	0.547	0.0313716524163981
Cd86	1.48929290080166e-06	0.435646404215976	0.563	0.356	0.0316683242426465
Dleu2	1.57890266319125e-06	0.450456269764961	0.757	0.552	0.0335737862300987
Wars	1.59875147690838e-06	0.314462205386256	0.495	0.301	0.0339958514049799
Errfi1	1.67224395280979e-06	0.453386001456784	0.524	0.313	0.0355585954125475
C3ar1	1.67940123794421e-06	0.426617818088572	0.689	0.467	0.0357107879236457
Rbm18	1.67981336265157e-06	0.261909984041047	0.408	0.22	0.035719551343423
Zbtb7a	1.6961980024601e-06	0.380393627901078	0.738	0.603	0.0360679543243116
Ubn1	1.84895735429615e-06	0.316077780871434	0.689	0.491	0.0393162291817533
Pvr	1.86151190550562e-06	0.356988299861698	0.369	0.197	0.0395831891586716
Ccny	1.8656031818671e-06	0.327453525966485	0.553	0.367	0.039670186059222
Anp32a	1.91499197864554e-06	0.329582585897368	0.883	0.763	0.0407203894339188
2610507B11Rik	1.96117549837856e-06	0.363749527814204	0.757	0.578	0.0417024357975218
Taf7	1.99277012645033e-06	0.269800144532842	0.485	0.281	0.0423742639688399
Gadd45b	2.12435190169595e-06	0.410472773579735	0.728	0.534	0.0451722188376626
Map1lc3a	2.224478217558e-06	0.264907706180916	0.738	0.471	0.0473013048181534
Tnf	2.28788222567413e-06	0.429014211194459	0.32	0.155	0.0486495276467348
Gm47283	2.31857807951102e-06	0.268218993590456	0.282	0.125	0.0493022442827224
