id	p_val	avg_log2FC	pct.1	pct.2	p_val_adj
Pdgfra	7.44098106344966e-253	3.42099864858433	1	0.384	1.48819621268993e-249
Ptn	1.34510612956227e-251	4.29961602304466	1	0.537	2.69021225912454e-248
Lum	1.00749885284146e-247	3.84938627970176	0.998	0.483	2.01499770568292e-244
Gucy1a1	7.66447295184873e-239	2.95065480456111	0.985	0.437	1.53289459036975e-235
Tshz2	7.81380306185739e-238	2.57921755634858	1	0.556	1.56276061237148e-234
Kcnn3	9.97252373950173e-237	2.38129084575685	0.98	0.359	1.99450474790035e-233
Col6a3	3.18882452414337e-236	2.99697616767931	0.993	0.48	6.37764904828674e-233
Smoc2	1.04649846585736e-233	2.87389946475464	0.988	0.486	2.09299693171472e-230
Angptl2	1.23576078120225e-233	2.2962266812717	0.985	0.466	2.47152156240449e-230
Thbs2	9.24361000709128e-233	2.83813792683841	0.98	0.424	1.84872200141826e-229
Meis2	3.40591248092868e-232	2.46957314003949	0.99	0.507	6.81182496185736e-229
Kitl	3.61168704833209e-232	2.81757188245332	0.988	0.516	7.22337409666418e-229
Col1a1	5.21208755864857e-232	3.38826111808065	1	0.629	1.04241751172971e-228
Col3a1	2.38372234561717e-229	3.3347466103893	1	0.627	4.76744469123434e-226
Fxyd6	1.16214941099462e-228	2.48375571687126	0.988	0.616	2.32429882198924e-225
Gucy1b1	1.39365135127343e-227	2.2100221692059	0.975	0.395	2.78730270254687e-224
Clmp	6.91932335280567e-227	2.11624536912574	0.988	0.525	1.38386467056113e-223
Thbs4	6.1872871352393e-223	2.12890085402106	0.968	0.639	1.23745742704786e-219
Mfap4	8.19945408436757e-221	2.65546723902056	0.978	0.464	1.63989081687351e-217
Fbn1	9.12256717628338e-221	2.29973489001066	0.995	0.541	1.82451343525668e-217
Bgn	2.61107660239776e-220	2.85295561022621	0.995	0.581	5.22215320479552e-217
Il1r1	3.46649086185496e-220	1.50493087210775	0.978	0.551	6.93298172370992e-217
Tnc	2.49331613694625e-218	2.80921443580785	0.97	0.503	4.9866322738925e-215
Col1a2	3.33381454989147e-218	2.79551770197522	1	0.631	6.66762909978294e-215
Serping1	3.91460594346925e-218	2.72599963080208	0.998	0.6	7.82921188693849e-215
Dcn	4.79697933701102e-218	3.19387868643435	1	0.64	9.59395867402205e-215
Col5a1	1.21912097258714e-217	2.17230586237261	0.998	0.571	2.43824194517428e-214
Aspn	4.65512109411066e-217	2.31408508745661	0.968	0.429	9.31024218822132e-214
Col5a2	3.03990298906411e-216	2.45938457001338	1	0.602	6.07980597812822e-213
Mgp	5.49317970412877e-216	3.21650743692918	1	0.707	1.09863594082575e-212
Sparcl1	1.02993923007465e-212	2.78883886908621	0.995	0.421	2.05987846014931e-209
Spon2	5.40451303966519e-212	2.89100300521329	0.963	0.41	1.08090260793304e-208
Lrp1	6.28856135107096e-212	2.07170888037041	0.998	0.778	1.25771227021419e-208
Ccl11	2.07301795575738e-211	2.2551863440954	0.965	0.631	4.14603591151476e-208
Ctsk	9.23489895660657e-211	1.53686173623706	0.97	0.547	1.84697979132131e-207
Fbln1	1.5387334702661e-209	2.2987441036519	0.963	0.438	3.0774669405322e-206
Fstl1	1.24532707079817e-208	2.16924352246608	0.995	0.619	2.49065414159634e-205
Serpinh1	3.26096948821564e-208	2.21044994121409	0.995	0.605	6.52193897643128e-205
Atp2a2	4.19100041852828e-208	1.88678917167377	0.993	0.891	8.38200083705655e-205
Lcn2	4.99266897109328e-208	2.99620658955406	0.978	0.676	9.98533794218656e-205
Cd63	3.02495478253332e-206	2.04437461239006	1	0.853	6.04990956506665e-203
Dpt	5.94219391895273e-205	3.2648200109051	0.953	0.377	1.18843878379055e-201
Pde5a	1.75626054935881e-204	1.95121932271843	0.958	0.445	3.51252109871762e-201
Sfrp1	1.77241525842837e-202	2.80875444415035	0.968	0.438	3.54483051685674e-199
Svep1	8.01858987032296e-201	2.24702566358096	0.945	0.415	1.60371797406459e-197
Lgi2	2.6277133800856e-199	1.84209554054126	0.945	0.413	5.2554267601712e-196
Rgs5	8.19864863775147e-198	2.7608006438633	0.963	0.397	1.63972972755029e-194
Jam2	3.99912894446299e-196	1.89406372278274	0.943	0.361	7.99825788892599e-193
Lox	4.51546367742025e-196	1.17872561726396	0.97	0.695	9.0309273548405e-193
Pde3a	8.96861575812666e-196	2.19125938984812	0.945	0.418	1.79372315162533e-192
Plod2	1.11926407773651e-194	1.89747767559346	0.995	0.607	2.23852815547303e-191
Rgs4	2.29118013311355e-194	0.71975482162547	0.931	0.464	4.5823602662271e-191
Sparc	2.22585404967319e-192	2.45182991678978	1	0.67	4.45170809934639e-189
Igfbp7	2.28235684884871e-191	1.98193533869321	1	0.586	4.56471369769743e-188
Rbp1	3.66407932922312e-191	1.8763285079619	0.995	0.705	7.32815865844624e-188
Col6a2	1.42101063692852e-190	1.93020003213044	0.993	0.594	2.84202127385703e-187
Prkar2b	1.74511431784049e-190	1.87185954420257	0.945	0.553	3.49022863568098e-187
Igfbp4	1.25614207795729e-189	2.34885236441325	1	0.762	2.51228415591458e-186
Col8a1	2.89510490971102e-189	0.911556936605948	0.931	0.37	5.79020981942203e-186
Arsi	3.04583107980695e-189	0.523741266256318	0.94	0.492	6.09166215961391e-186
Lamb1	3.95342220898106e-188	1.96927264881617	0.963	0.522	7.90684441796212e-185
Bicc1	5.26849617160096e-188	1.87700432251475	0.985	0.573	1.05369923432019e-184
Emilin1	1.32431992073816e-187	1.70672057467526	0.958	0.633	2.64863984147633e-184
Colec12	2.37902971465688e-187	1.88575664057736	0.98	0.602	4.75805942931376e-184
Nedd4	9.21358497123661e-187	1.88776045404096	1	0.651	1.84271699424732e-183
Col4a1	1.24615853703911e-185	1.81119348408785	1	0.581	2.49231707407823e-182
Cald1	6.95724532182946e-185	1.92323517399977	0.995	0.636	1.39144906436589e-181
Gm13889	1.185452449073e-184	0.56928491338201	0.94	0.514	2.370904898146e-181
P4ha2	3.22073883676929e-184	0.872881874352424	0.958	0.516	6.44147767353857e-181
Slc16a2	3.09721110935029e-183	1.08100121332686	0.968	0.485	6.19442221870058e-180
Ccn4	3.1875859272187e-182	0.917030721871631	0.948	0.611	6.3751718544374e-179
Plcb4	4.81729534229215e-182	0.650207556870761	0.958	0.492	9.6345906845843e-179
Ecscr	9.91507809453599e-182	0.736213609247795	0.97	0.591	1.9830156189072e-178
Myo10	3.45624537423255e-181	1.27872956983528	0.968	0.508	6.9124907484651e-178
Il11ra1	1.73887437677425e-180	1.64460037102116	0.988	0.697	3.47774875354849e-177
Gpx3	6.00442930039447e-180	2.14156530262664	0.99	0.699	1.20088586007889e-176
Tceal9	7.52207186581449e-177	1.91692049886775	1	0.82	1.5044143731629e-173
Col4a2	2.40334336568152e-176	1.57725129735867	0.993	0.491	4.80668673136305e-173
Lama4	3.48503860985567e-175	1.47803468188884	0.978	0.552	6.97007721971134e-172
Cygb	1.30415033490545e-174	1.69616260652012	0.958	0.664	2.60830066981089e-171
Rarres2	1.80714034470006e-174	1.66351317051648	0.995	0.618	3.61428068940012e-171
Col6a1	9.74927724520062e-173	1.79124766986114	0.98	0.648	1.94985544904012e-169
Aebp1	4.1832290897e-172	1.98265830579677	0.995	0.677	8.36645817939999e-169
Cyp7b1	9.61072586518329e-172	0.525116429512656	0.953	0.536	1.92214517303666e-168
Rbpms	1.00842709837355e-171	1.55308094490489	0.978	0.648	2.0168541967471e-168
Loxl2	3.4524850495039e-171	1.46888287816499	0.973	0.547	6.9049700990078e-168
Grem1	6.81812676644549e-171	1.18779482688144	0.94	0.665	1.3636253532891e-167
Tpm1	7.08993001714666e-170	1.8309181764573	0.985	0.733	1.41798600342933e-166
Fkbp11	2.88736417254799e-168	0.746387491398952	0.963	0.541	5.77472834509598e-165
Ccdc80	2.48274735230497e-167	1.57259485167768	0.99	0.614	4.96549470460993e-164
Tnfrsf23	7.00783443460997e-167	0.305605836612412	0.933	0.653	1.40156688692199e-163
Tgfb1i1	9.02361413095144e-167	1.55549740526408	0.935	0.528	1.80472282619029e-163
Synpo2	9.46823361388703e-167	0.837367311205508	0.94	0.491	1.89364672277741e-163
Rasl11a	2.84845880902194e-166	0.723161125745716	0.95	0.615	5.69691761804387e-163
Pcolce	2.9913827279583e-166	1.80121883103729	0.948	0.593	5.9827654559166e-163
Ppic	4.74566757745197e-165	1.13683371556499	0.975	0.604	9.49133515490394e-162
Tpm2	2.98068877741272e-164	1.60296052019179	0.958	0.623	5.96137755482543e-161
Nfix	3.39598966267244e-164	1.63092875692351	0.965	0.717	6.79197932534489e-161
Cgnl1	6.54580133109593e-164	0.807080540387689	0.963	0.599	1.30916026621919e-160
Itm2a	1.64284571020447e-163	1.53038453549345	0.97	0.546	3.28569142040894e-160
Ctsl	1.62686864749459e-162	1.50873886232957	1	0.927	3.25373729498918e-159
Saa3	1.76196961216324e-162	1.95570199865771	0.97	0.773	3.52393922432648e-159
Parm1	4.34278244749588e-161	0.494860402962663	0.916	0.384	8.68556489499177e-158
Aldh1a3	6.82091552446652e-161	2.16944933889081	0.906	0.477	1.3641831048933e-157
Lhfp	7.98996948222148e-161	1.4612599539402	0.916	0.478	1.5979938964443e-157
Phldb2	1.46490373294522e-160	0.944035441648433	0.943	0.524	2.92980746589044e-157
Fibin	8.9719394297975e-160	2.7230870509981	0.898	0.372	1.7943878859595e-156
F2r	2.35118684414698e-159	1.81954755301481	0.923	0.514	4.70237368829397e-156
Hp	9.51233988769885e-159	1.88862959589862	0.97	0.72	1.90246797753977e-155
Nid1	9.51378977931926e-159	1.59648067601472	0.938	0.482	1.90275795586385e-155
Igf1	2.64604935452244e-157	1.92532291672378	0.988	0.755	5.29209870904488e-154
Slc39a14	3.64557299926439e-157	0.819463210891274	0.973	0.733	7.29114599852877e-154
Steap4	4.83106316181824e-157	1.08953881314845	0.97	0.62	9.66212632363647e-154
Khdrbs3	5.09017333756679e-157	1.36463301359554	0.921	0.617	1.01803466751336e-153
Actn1	3.7437916610336e-156	1.4608740254038	0.975	0.671	7.4875833220672e-153
H1fx	8.18206177936179e-156	0.412958515617851	0.928	0.537	1.63641235587236e-152
Dpysl3	2.30327405058205e-155	0.944442743177976	0.973	0.608	4.60654810116409e-152
Snhg18	4.33299082055303e-155	1.40722090903649	0.965	0.559	8.66598164110606e-152
Fndc1	1.15318915159834e-154	0.878350732500423	0.906	0.384	2.30637830319668e-151
Zbtb20	1.43394757802634e-154	1.45047163510612	0.978	0.664	2.86789515605269e-151
Tagln	2.18566629774338e-154	2.27406144840767	0.933	0.67	4.37133259548676e-151
Myo1b	3.77369589766237e-153	0.624803116478245	0.908	0.469	7.54739179532475e-150
Nfia	2.7631635673285e-152	1.52528339006868	0.95	0.569	5.52632713465701e-149
Nkd2	1.98869892682746e-151	0.361893522096741	0.891	0.385	3.97739785365493e-148
Tead1	2.42310658426276e-151	1.07556099338815	0.97	0.569	4.84621316852552e-148
Parva	2.84858129106635e-149	1.16992778189681	0.973	0.563	5.6971625821327e-146
Vcan	1.36600201280284e-148	0.958891308197554	0.975	0.698	2.73200402560568e-145
C1qtnf6	1.31505482498918e-147	0.657086097080051	0.953	0.626	2.63010964997835e-144
Eln	6.51821937962891e-147	1.37678906198608	0.896	0.413	1.30364387592578e-143
Fermt2	8.32797653159953e-147	1.34996830192743	0.958	0.581	1.66559530631991e-143
Mfge8	1.16754276938508e-146	1.57463377580823	0.908	0.582	2.33508553877016e-143
Ckap4	6.66585402459435e-146	1.3942633990244	0.98	0.727	1.33317080491887e-142
Timp1	2.53223455027574e-145	1.14900656294801	0.988	0.823	5.06446910055148e-142
Pcdh7	3.13921685926569e-145	0.738077133899645	0.963	0.532	6.27843371853138e-142
Hand2os1	4.40110070980232e-145	0.874777250545263	0.938	0.504	8.80220141960464e-142
Pid1	7.23516041846433e-143	1.40154134089407	0.965	0.744	1.44703208369287e-139
Ddr2	7.4786163507127e-143	0.779125789713264	0.95	0.485	1.49572327014254e-139
Prss23	9.26082890535798e-143	1.04502467737053	0.945	0.533	1.8521657810716e-139
Abcc9	1.70965980866193e-142	1.40872293799773	0.859	0.311	3.41931961732385e-139
Auts2	2.30711802084569e-142	1.57152823224841	0.891	0.478	4.61423604169138e-139
Grb10	1.28995079306355e-141	0.774534261026775	0.95	0.439	2.57990158612711e-138
Olfml3	1.56605407419123e-141	1.4436898875172	0.95	0.732	3.13210814838246e-138
Sod3	5.50283809417559e-141	1.42659597898631	0.913	0.522	1.10056761883512e-137
F3	1.73419520971377e-140	0.449266824019169	0.913	0.501	3.46839041942753e-137
Ctps	5.81144356257996e-140	0.673493972828898	0.958	0.708	1.16228871251599e-136
Sema6a	3.44569670344489e-139	0.460917207446316	0.935	0.433	6.89139340688978e-136
C1s1	5.93886384840101e-139	1.31007924983837	0.963	0.563	1.1877727696802e-135
Serpine2	2.56209914033696e-138	1.473963865791	0.906	0.437	5.12419828067392e-135
Fgd5	3.18636741782752e-138	0.406274357202344	0.873	0.399	6.37273483565504e-135
Nrep	3.462673593139e-138	0.448137161407733	0.933	0.627	6.92534718627799e-135
Rflnb	4.42840522143093e-138	0.860374794921306	0.926	0.515	8.85681044286186e-135
Palld	5.52519663493877e-138	0.902819155954398	0.973	0.668	1.10503932698775e-134
Nexn	6.27202049534833e-138	1.08265813075632	0.881	0.436	1.25440409906967e-134
Fgfr1	1.65222469803128e-137	1.25048239526994	0.906	0.593	3.30444939606257e-134
Bmpr2	3.28841998447246e-136	1.37120118723052	0.988	0.694	6.57683996894492e-133
Pdpn	2.12498695842896e-135	1.07744483305569	0.985	0.781	4.24997391685792e-132
Uaca	3.29908920267492e-135	0.32348697961643	0.948	0.48	6.59817840534983e-132
Lamc1	5.63058153555525e-135	1.41674913066876	0.926	0.588	1.12611630711105e-131
Rcn3	2.58066465775628e-133	1.25133432674568	0.965	0.799	5.16132931551257e-130
Pbx1	1.67352457768676e-131	1.24810282226657	0.935	0.57	3.34704915537353e-128
Acta2	1.27825562219961e-130	1.81822756319806	0.901	0.585	2.55651124439922e-127
Wwtr1	3.88741888857799e-130	1.06640012090277	0.935	0.588	7.77483777715598e-127
Ogn	1.03337645212423e-128	1.83155332930479	0.906	0.591	2.06675290424845e-125
Plpp1	1.06019604315126e-128	1.52475304368067	0.891	0.585	2.12039208630253e-125
Myl9	1.14502213480095e-127	1.42116517459406	0.886	0.474	2.2900442696019e-124
Fhl2	2.20560563939822e-127	1.09241163318958	0.878	0.502	4.41121127879645e-124
Osmr	3.53363535089991e-127	0.952286904986084	0.913	0.521	7.06727070179981e-124
Tmem200a	1.72103903548198e-126	1.59525755657527	0.846	0.394	3.44207807096395e-123
Serpina3g	7.24426941139327e-126	0.630277501167684	0.965	0.681	1.44885388227865e-122
C3	7.77946995781953e-126	0.718741567687624	0.985	0.856	1.55589399156391e-122
Cp	6.0628482850113e-125	1.16295654761641	0.97	0.71	1.21256965700226e-121
Slit3	3.10845609950551e-124	1.01169740944841	0.923	0.532	6.21691219901102e-121
Lbp	3.36968379541365e-124	0.548368901796674	0.945	0.643	6.7393675908273e-121
Itga1	3.40071603950075e-124	1.02163667945518	0.963	0.553	6.8014320790015e-121
Ms4a4d	7.88417021983014e-124	1.13796279728578	0.849	0.4	1.57683404396603e-120
Bex3	1.44158166548132e-123	1.20913907986142	0.973	0.689	2.88316333096263e-120
Ahnak2	3.1397857338326e-123	0.940820383349618	0.926	0.66	6.27957146766519e-120
Nrp2	4.32402401453136e-122	1.36272214907194	0.97	0.779	8.64804802906271e-119
Mmp2	1.94573555978888e-121	1.38154411812589	0.866	0.564	3.89147111957775e-118
Gm49708	5.26583702716108e-121	0.412667137290849	0.965	0.716	1.05316740543222e-117
Sdc1	3.36351902320485e-119	0.254713125435431	0.931	0.599	6.7270380464097e-116
Selenom	3.62598329053166e-119	1.21612283097978	0.95	0.72	7.25196658106331e-116
Ptgis	5.69766262752092e-119	0.986622812686012	0.933	0.581	1.13953252550418e-115
Fam114a1	7.06282191413637e-119	0.995464979132467	0.928	0.555	1.41256438282727e-115
Chil1	8.66573298151846e-119	0.521920452765845	0.96	0.597	1.73314659630369e-115
Lima1	9.27957748795154e-119	1.25774298774252	0.978	0.731	1.85591549759031e-115
Exoc3l4	1.95020383072495e-118	0.312182708045019	0.896	0.637	3.90040766144989e-115
Plagl1	2.06935666182718e-118	0.847153516871013	0.841	0.406	4.13871332365437e-115
Prnp	8.00964838525664e-117	0.846457174459245	0.96	0.62	1.60192967705133e-113
Mgst3	6.84365333839153e-115	0.848328048006999	0.943	0.684	1.36873066767831e-111
Slc25a4	1.19761160694923e-113	1.01783674350686	0.988	0.948	2.39522321389846e-110
Nxn	3.00004302004908e-113	0.841210385599025	0.928	0.637	6.00008604009816e-110
Igf2r	3.14644368297934e-112	0.876225936480198	0.95	0.624	6.29288736595868e-109
Rbfox2	1.44270013471891e-111	1.22309495681557	0.861	0.561	2.88540026943783e-108
Ifitm1	5.81085079640183e-111	1.75047463532108	0.928	0.702	1.16217015928037e-107
Sptbn1	1.25083791663202e-110	1.14314682055942	0.993	0.822	2.50167583326404e-107
Mmp14	1.7088710150647e-110	1.16219832671122	0.975	0.795	3.4177420301294e-107
Maged1	3.56377857639616e-110	1.1313371070471	0.933	0.623	7.12755715279233e-107
Map1b	1.23711876556466e-109	0.483790083238184	0.948	0.552	2.47423753112933e-106
Spry2	1.63302354195063e-109	1.43324635411697	0.851	0.492	3.26604708390126e-106
Heg1	1.68556213218613e-109	0.721584185316495	0.953	0.559	3.37112426437227e-106
Mmp23	2.4743985637001e-109	0.766479265785822	0.844	0.387	4.9487971274002e-106
Gstm2	3.88496037027762e-109	1.29122579339298	0.866	0.645	7.76992074055525e-106
Nenf	1.27859773479353e-108	1.11710385376978	0.958	0.84	2.55719546958705e-105
Robo2	1.90471718685649e-108	1.26485600703141	0.819	0.413	3.80943437371299e-105
Gpx7	2.86679445924174e-108	0.468377215693464	0.943	0.642	5.73358891848348e-105
Mxra8	3.3898561462605e-108	1.11987433115235	0.873	0.516	6.779712292521e-105
Lpar1	9.16175304804689e-108	1.03797306562509	0.891	0.591	1.83235060960938e-104
Cxcl12	1.56220248780641e-107	1.60030522466164	0.854	0.413	3.12440497561283e-104
Npdc1	1.55671554549771e-106	0.968073943400448	0.911	0.502	3.11343109099541e-103
Cdh11	1.70878678058754e-106	1.09920597730844	0.888	0.468	3.41757356117508e-103
Maged2	2.31783900255441e-106	0.858031911977742	0.901	0.594	4.63567800510882e-103
Gpx8	3.1461935106649e-106	1.20902011437446	0.886	0.532	6.29238702132979e-103
Chchd10	1.35733173490706e-105	1.36552959253199	0.886	0.643	2.71466346981412e-102
Copz2	7.89151867150427e-105	0.861585607900586	0.916	0.611	1.57830373430085e-101
Nfib	1.2452936214665e-104	1.15629501430246	0.921	0.603	2.49058724293301e-101
Bmp1	1.30116198317126e-104	1.05751707953517	0.851	0.473	2.60232396634252e-101
Loxl1	1.48683345390213e-104	1.03838506527766	0.908	0.587	2.97366690780426e-101
Cyb5a	8.19570241492761e-104	1.14624449181954	0.965	0.868	1.63914048298552e-100
Dysf	1.88233909986819e-103	0.411126291869618	0.811	0.424	3.76467819973637e-100
Mdk	1.9952367325674e-103	1.30404791375848	0.834	0.491	3.9904734651348e-100
Vcl	7.3955745326345e-103	1.13416703313928	0.896	0.592	1.4791149065269e-99
Fkbp10	1.41814201256973e-102	0.823212178195014	0.868	0.462	2.83628402513946e-99
Tnfrsf12a	1.80885434276328e-102	0.354720064487705	0.931	0.496	3.61770868552655e-99
Rhoc	6.57471354930941e-102	1.08378425744764	0.958	0.716	1.31494270986188e-98
Tcf21	8.5237122290871e-102	1.38557356347702	0.801	0.393	1.70474244581742e-98
Camk2n1	1.66050486517798e-101	1.06949833133026	0.871	0.498	3.32100973035597e-98
Serpina3n	2.53027487662705e-101	0.721921144824777	0.903	0.605	5.0605497532541e-98
Chrm2	2.67986747367213e-101	0.632992441480723	0.797	0.391	5.35973494734426e-98
Chodl	7.01445285723835e-101	1.33191455578219	0.787	0.225	1.40289057144767e-97
Mrc2	9.68038749152461e-101	1.12417802251271	0.814	0.448	1.93607749830492e-97
Akap12	5.24248719148219e-99	1.37328470789333	0.846	0.578	1.04849743829644e-95
Fscn1	6.18812502741688e-99	0.374451949515056	0.864	0.4	1.23762500548338e-95
Clu	1.12095536050722e-98	0.583612675420677	0.926	0.574	2.24191072101443e-95
Lgals1	1.29206152213919e-98	0.959877379620886	1	0.99	2.58412304427838e-95
Ptgfrn	2.75115640125763e-98	0.669980874456045	0.906	0.515	5.50231280251526e-95
Gadd45g	4.45539713089852e-97	0.809760664110689	0.958	0.702	8.91079426179704e-94
Rcn1	2.30744795872746e-96	0.967507324442647	0.918	0.663	4.61489591745492e-93
Tmem263	6.1108584112561e-96	0.842401903720906	0.916	0.638	1.22217168225122e-92
C1qtnf2	8.06169959586935e-96	0.987877010693347	0.804	0.341	1.61233991917387e-92
S100a16	1.42605817120962e-95	0.963530023301582	0.898	0.657	2.85211634241923e-92
Plpp3	1.54127203158637e-95	1.11848483342576	0.849	0.488	3.08254406317275e-92
Gng11	2.74498550358906e-95	1.00179990112203	0.866	0.608	5.48997100717812e-92
Cnn3	3.14919925267703e-95	1.02587909868826	0.921	0.668	6.29839850535405e-92
Emp1	4.85994617417037e-95	1.12977601058505	0.878	0.649	9.71989234834073e-92
Arhgef12	6.94391823674295e-95	0.942536131535464	0.943	0.607	1.38878364734859e-91
Plekha6	3.53403211864956e-94	1.30612923228285	0.797	0.558	7.06806423729912e-91
Matn2	8.85331730673917e-94	1.05217577461511	0.834	0.506	1.77066346134783e-90
Ppfibp1	1.37665402584545e-93	0.922011293335502	0.933	0.667	2.75330805169091e-90
Kdelr3	2.69923694341107e-93	0.71883589749715	0.836	0.571	5.39847388682213e-90
Tsc22d1	6.54248450920607e-92	1.02494931285899	0.923	0.637	1.30849690184121e-88
Nnmt	6.98948200037965e-92	0.349897435433303	0.94	0.654	1.39789640007593e-88
Tcf4	1.58711744889186e-90	1.01690823181857	0.928	0.761	3.17423489778371e-87
Cd81	1.89477344421239e-90	0.845298288608626	0.99	0.849	3.78954688842479e-87
Gem	6.25331570670944e-90	0.98404482789713	0.861	0.562	1.25066314134189e-86
Dkk3	1.15624622621753e-89	1.09577704177604	0.804	0.444	2.31249245243505e-86
Sod2	8.54575358294711e-88	1.0045713883851	0.995	0.925	1.70915071658942e-84
Calcrl	1.88806387848857e-87	0.906176328925299	0.841	0.549	3.77612775697713e-84
Bpgm	3.57314320865593e-87	0.412304197375466	0.844	0.502	7.14628641731187e-84
Cfl2	4.26219584992519e-87	0.884152292928794	0.938	0.655	8.52439169985039e-84
C1ra	4.39325058771656e-87	0.90938918570174	0.916	0.613	8.78650117543312e-84
Dstn	2.91708073478898e-86	0.914861538655014	0.968	0.864	5.83416146957796e-83
Serpinb9	6.36342396022942e-86	0.854193158904857	0.896	0.578	1.27268479204588e-82
Mylk	6.88707192977627e-86	1.04923609110827	0.871	0.545	1.37741438595525e-82
Sox4	1.39175344566715e-85	0.385158631024027	0.958	0.679	2.78350689133431e-82
Hmcn2	1.13446722474963e-84	1.82119541839564	0.784	0.443	2.26893444949926e-81
Pxdn	2.18106554302832e-84	0.842694671576305	0.829	0.445	4.36213108605663e-81
Mxra7	8.80737650545809e-84	0.812245729862786	0.861	0.586	1.76147530109162e-80
Fmo1	1.6221491165789e-83	0.399978375375451	0.779	0.473	3.2442982331578e-80
Ramp1	4.27723190538041e-83	0.906633497855212	0.834	0.572	8.55446381076082e-80
Ank2	8.57669122849637e-83	1.16421236495775	0.794	0.504	1.71533824569928e-79
Gsn	1.10619381597136e-82	1.12778058746356	0.95	0.878	2.21238763194272e-79
Ank3	2.36847073291422e-81	1.02091624632024	0.794	0.372	4.73694146582845e-78
Ackr4	2.87552112422611e-81	1.219187244606	0.749	0.354	5.75104224845221e-78
Ehd2	5.82174302259528e-81	0.795163158011762	0.856	0.528	1.16434860451906e-77
Tgfb2	7.59290125775248e-81	1.11774861342004	0.806	0.411	1.5185802515505e-77
Bmpr1a	1.36873306268712e-80	0.859694310471836	0.846	0.563	2.73746612537424e-77
Atp8b1	1.4773951449585e-79	1.11390531822426	0.787	0.456	2.954790289917e-76
Psd	1.34720756361747e-78	0.421209956575652	0.804	0.4	2.69441512723493e-75
Zfhx3	1.27658404767561e-77	0.954902954572801	0.906	0.715	2.55316809535123e-74
Pkd2	3.23158999058611e-77	1.18723080389256	0.811	0.576	6.46317998117221e-74
Il6st	3.41388992627778e-77	0.900043557214632	0.98	0.683	6.82777985255556e-74
Efna5	6.67079874568414e-77	0.873202661238899	0.836	0.508	1.33415974913683e-73
Socs2	9.37084774982247e-77	1.04056422991187	0.926	0.76	1.87416954996449e-73
Lbh	1.05001221746554e-76	1.00399478116785	0.891	0.676	2.10002443493108e-73
Flnb	2.53223653462566e-76	0.585736596771034	0.878	0.55	5.06447306925131e-73
Lpp	3.58017872243023e-76	0.981136888899389	0.988	0.813	7.16035744486045e-73
Cebpd	2.71558452252923e-75	1.14137846183877	0.988	0.806	5.43116904505846e-72
Itpkb	4.53251348162553e-74	0.980727263078314	0.864	0.718	9.06502696325106e-71
Mt2	7.25025721656281e-74	0.395475767734925	0.955	0.604	1.45005144331256e-70
Cacna2d1	3.11068588562843e-73	1.00556255981382	0.769	0.356	6.22137177125687e-70
S1pr3	8.84414086611509e-73	0.669346516388285	0.787	0.424	1.76882817322302e-69
Kcnj8	1.88239495443102e-72	1.0616587387924	0.744	0.344	3.76478990886204e-69
Pla1a	6.34019598662698e-72	1.11060749167243	0.772	0.513	1.2680391973254e-68
P3h3	6.43172665298912e-72	1.01768063052041	0.777	0.505	1.28634533059782e-68
Slc6a8	7.55512345285788e-72	0.634176238634371	0.819	0.526	1.51102469057158e-68
Adam19	1.03463529306664e-71	0.301425323826729	0.911	0.551	2.06927058613328e-68
Tns1	1.38180272471227e-71	0.770959287328087	0.826	0.507	2.76360544942454e-68
Egln3	1.38957691161294e-71	0.676326129052421	0.809	0.554	2.77915382322587e-68
Dbn1	7.66267455528779e-71	0.59400039173959	0.824	0.562	1.53253491105756e-67
Adcyap1r1	2.79389607889987e-70	0.926686483223118	0.752	0.475	5.58779215779975e-67
Cavin3	3.10996810334309e-70	0.694492298848671	0.881	0.588	6.21993620668617e-67
Ppm1l	4.08527338983889e-70	0.942031983593946	0.762	0.456	8.17054677967778e-67
Pmp22	1.67159370396501e-69	0.877729655010562	0.886	0.649	3.34318740793001e-66
Arhgap42	2.34064144630836e-69	0.262599515446065	0.767	0.418	4.68128289261673e-66
Cttn	2.7554521250699e-69	0.615147037487468	0.839	0.603	5.5109042501398e-66
Timp2	3.31285241675771e-69	0.87632579360926	0.965	0.872	6.62570483351542e-66
Lmna	3.14890385011234e-68	0.887048665591835	0.97	0.822	6.29780770022468e-65
Cyb5r3	4.62761687188323e-68	0.646076285255696	0.985	0.828	9.25523374376646e-65
Adgra2	7.35561104832579e-68	0.828511693910272	0.772	0.582	1.47112220966516e-64
Smim1	1.72977596411495e-67	0.360096963014203	0.888	0.624	3.45955192822991e-64
Slc12a2	2.97184666529486e-67	1.20658560259191	0.769	0.444	5.94369333058971e-64
Hspg2	4.15842714723056e-67	0.577979207247132	0.854	0.536	8.31685429446112e-64
Itih5	8.75628401839209e-67	0.793073839313678	0.797	0.437	1.75125680367842e-63
Col14a1	3.40825335052479e-66	0.396823824729509	0.906	0.631	6.81650670104957e-63
Crispld2	4.86128396448821e-66	1.05995021959379	0.767	0.485	9.72256792897642e-63
Reck	5.98893618921781e-66	1.16583267609111	0.727	0.419	1.19778723784356e-62
Dlc1	7.15796195676023e-66	0.993857646814753	0.767	0.385	1.43159239135205e-62
Rhoj	9.68062860916539e-66	0.996875811675029	0.794	0.547	1.93612572183308e-62
Pdgfa	1.90104302829991e-65	0.287586265362411	0.94	0.666	3.80208605659982e-62
Abcd3	1.36430956457014e-64	0.469704565394217	0.886	0.529	2.72861912914029e-61
Hmgn1	3.30351548915937e-64	0.877121492247445	0.975	0.882	6.60703097831874e-61
Creb3l1	3.73694583776165e-64	0.625212321298172	0.824	0.603	7.4738916755233e-61
Twsg1	9.90521032422817e-64	0.813618695679891	0.819	0.543	1.98104206484563e-60
Flna	1.17802893151953e-63	0.788954670210398	0.993	0.93	2.35605786303907e-60
Elovl6	1.97841089020842e-63	0.659301010309682	0.789	0.484	3.95682178041683e-60
G0s2	4.65671455142994e-63	0.628409365857765	0.829	0.657	9.31342910285988e-60
Tgfb3	6.18070399250144e-63	0.617832376890314	0.804	0.613	1.23614079850029e-59
Plcb1	1.71861568453941e-62	0.425751897181042	0.868	0.668	3.43723136907883e-59
Id3	2.54173018701052e-62	0.624957383360457	0.896	0.646	5.08346037402105e-59
Cped1	3.77109872638169e-62	0.93760275528849	0.777	0.562	7.54219745276337e-59
Enpep	4.18103706499515e-62	0.837408353444919	0.725	0.367	8.3620741299903e-59
Csrp2	1.00782119391709e-61	0.436742834626133	0.918	0.723	2.01564238783419e-58
Mab21l2	5.15948870270918e-61	1.082843874359	0.742	0.424	1.03189774054184e-57
Hsd11b1	6.03633006523696e-61	0.751171395488498	0.804	0.594	1.20726601304739e-57
Csrp1	1.07936498453408e-60	0.844702350830321	0.873	0.671	2.15872996906816e-57
Col5a3	1.64116784015126e-60	0.78758846502789	0.782	0.565	3.28233568030251e-57
Map3k20	1.74224107525856e-60	0.619321605087775	0.831	0.518	3.48448215051711e-57
Bsg	4.9186854206652e-60	0.613109263735654	0.993	0.962	9.8373708413304e-57
Lama2	6.25165804680262e-60	1.05787147429087	0.725	0.324	1.25033160936052e-56
Mfap2	8.20834595673679e-60	0.984865173433483	0.73	0.341	1.64166919134736e-56
Slc43a3	8.32573572642641e-59	0.420260067831274	0.844	0.555	1.66514714528528e-55
Ryk	3.62835031632187e-58	0.886214546791271	0.794	0.565	7.25670063264374e-55
Fnbp1l	7.7470574231416e-58	0.28855851763416	0.901	0.61	1.54941148462832e-54
Pdlim7	2.22252149931597e-57	0.656453416273695	0.866	0.661	4.44504299863195e-54
Steap3	2.91886443979677e-57	0.662749552285101	0.868	0.688	5.83772887959354e-54
Lama1	2.97284362944061e-57	0.972409245639835	0.717	0.394	5.94568725888123e-54
Amotl1	3.41493036773412e-57	0.732309834467575	0.779	0.466	6.82986073546824e-54
P4hb	5.96481468425494e-57	0.795523691273073	0.985	0.942	1.19296293685099e-53
Ccn1	8.61331386255619e-57	1.70641262112885	0.734	0.361	1.72266277251124e-53
Spsb1	1.44832629253779e-56	0.438566912236022	0.871	0.657	2.89665258507559e-53
Fkbp7	1.67859955549728e-56	0.985061227209915	0.777	0.546	3.35719911099456e-53
P3h4	3.29476420214584e-56	0.677690867824889	0.787	0.573	6.58952840429168e-53
Tuba1a	3.39104998160827e-56	0.799636674001389	0.983	0.858	6.78209996321654e-53
Slc9a3r2	1.92578597959603e-55	0.711789986990708	0.767	0.431	3.85157195919205e-52
Dbp	4.11476735005335e-55	0.727888103985745	0.759	0.536	8.2295347001067e-52
Islr	5.33672173934712e-55	0.937568663794874	0.722	0.321	1.06734434786942e-51
Fbln2	1.50550800076793e-54	0.312881498581217	0.846	0.543	3.01101600153586e-51
Fxyd1	1.67929201817859e-54	0.43183158173754	0.774	0.426	3.35858403635718e-51
Spry4	1.85296519713089e-54	1.22128764795927	0.702	0.384	3.70593039426179e-51
Klf9	3.37418654094022e-54	0.942667902324788	0.799	0.559	6.74837308188044e-51
Cdc42bpa	7.52906085277602e-54	0.573713365374781	0.801	0.459	1.5058121705552e-50
Irak1bp1	1.38905964658969e-53	0.498524708699139	0.767	0.522	2.77811929317937e-50
Hand2	9.03043577562732e-53	0.746252306421068	0.787	0.53	1.80608715512546e-49
Jun	2.19398531770525e-52	1.86176241658706	0.983	0.908	4.38797063541049e-49
Scd1	2.79498642920391e-52	0.301713039319097	0.747	0.38	5.58997285840781e-49
Pam	2.93314968179259e-52	0.843949503026412	0.811	0.643	5.86629936358518e-49
Tjp1	8.92235798120263e-52	0.65884166283325	0.789	0.469	1.78447159624052e-48
Cbx5	1.15441497746e-51	0.87584170177325	0.844	0.682	2.30882995492001e-48
P2ry1	1.61686892585157e-51	0.790079282918011	0.737	0.532	3.23373785170315e-48
Mast4	2.93679042150335e-51	0.859741422359863	0.767	0.565	5.87358084300671e-48
Gjc1	3.7605468511924e-51	0.868176270338414	0.722	0.408	7.5210937023848e-48
Ssbp3	4.02016335732623e-51	0.555756610285364	0.911	0.598	8.04032671465246e-48
Scd2	9.86804433545745e-51	0.767114476257244	0.794	0.535	1.97360886709149e-47
Wnt5a	1.54592386854023e-50	1.16152898855218	0.734	0.463	3.09184773708046e-47
Vat1	2.59871784600812e-49	0.463447050411302	0.94	0.707	5.19743569201624e-46
Sesn3	9.06850694940716e-49	0.777730663119828	0.814	0.566	1.81370138988143e-45
Map1lc3a	1.06972578512383e-48	0.718044532413514	0.866	0.734	2.13945157024765e-45
Osr1	1.46196774815656e-48	0.415574123225105	0.737	0.418	2.92393549631313e-45
Nrp1	2.21058831236148e-47	0.808356920172973	0.854	0.758	4.42117662472295e-44
Nfkbiz	2.35512894115874e-47	0.834329209917378	0.923	0.7	4.71025788231748e-44
Eng	4.42771501126963e-47	0.771203152881341	0.782	0.62	8.85543002253925e-44
Gstm1	6.82872725830166e-47	0.760234718582556	0.789	0.59	1.36574545166033e-43
Spats2l	1.18141914573408e-45	0.845152276726608	0.727	0.508	2.36283829146816e-42
Tmem229a	2.11068434505287e-45	1.17829525494408	0.687	0.22	4.22136869010574e-42
Ncald	4.10446670318561e-45	0.982047793201547	0.702	0.459	8.20893340637121e-42
Rem1	6.15998824994617e-45	0.771889061827265	0.697	0.401	1.23199764998923e-41
Snx9	1.49786316934664e-44	0.624799537867034	0.94	0.8	2.99572633869327e-41
Rab34	1.31262051052131e-43	0.805836904064721	0.742	0.588	2.62524102104262e-40
Trim47	2.03294648856843e-43	0.340552559822649	0.871	0.56	4.06589297713686e-40
Gng12	9.59753661837729e-43	0.55298113261429	0.973	0.86	1.91950732367546e-39
Dnm3os	1.31225603882976e-42	0.675853544862681	0.682	0.35	2.62451207765953e-39
Enc1	1.97955290499973e-42	0.497931690858008	0.742	0.594	3.95910580999945e-39
Atf5	5.74982737690966e-42	0.610047951886645	0.757	0.566	1.14996547538193e-38
Antxr1	6.43617737206439e-42	0.852051232597772	0.702	0.46	1.28723547441288e-38
Hic1	1.96836258904041e-41	0.781076453069167	0.707	0.469	3.93672517808081e-38
Gpm6b	3.14960864383425e-41	0.418257435767721	0.712	0.384	6.2992172876685e-38
Malat1	3.15832168610783e-41	0.682808585172588	1	1	6.31664337221566e-38
Ifitm3	5.50034822021159e-41	0.494130611644698	1	0.954	1.10006964404232e-37
Rgs7bp	5.90594788739226e-41	0.309045716759847	0.734	0.583	1.18118957747845e-37
Meis1	1.27381096831852e-40	0.830510987050635	0.717	0.524	2.54762193663704e-37
Nkx2-3	1.61824595789421e-40	0.816286234318116	0.705	0.446	3.23649191578842e-37
Sdc2	4.83077668628587e-40	0.605945595863234	0.737	0.519	9.66155337257174e-37
Ank1	5.05416651218139e-40	0.669660673218535	0.675	0.448	1.01083330243628e-36
Tnxb	6.1410980341714e-40	0.751449035604436	0.717	0.474	1.22821960683428e-36
Nckap1	9.34017394930594e-40	0.61823988883631	0.787	0.583	1.86803478986119e-36
Txndc5	1.94557003585519e-39	0.669167482598829	0.797	0.714	3.89114007171038e-36
Casc4	2.37479101785667e-39	0.803884057888583	0.722	0.464	4.74958203571334e-36
Lrig1	6.88604432608013e-39	0.422912577479418	0.658	0.269	1.37720886521603e-35
Phyh	8.39325929551037e-39	0.525716268486115	0.945	0.772	1.67865185910207e-35
Egr1	6.51274313693971e-38	1.2520413248693	0.878	0.678	1.30254862738794e-34
Myo6	2.14349500136262e-37	0.537982590634716	0.725	0.42	4.28699000272524e-34
Atp2b4	1.94474985487987e-36	0.852647853550787	0.739	0.563	3.88949970975974e-33
Serpinb6a	4.33611612328398e-36	0.511081224905439	0.935	0.777	8.67223224656796e-33
Afap1l2	9.15173112145053e-36	0.479628641577025	0.692	0.468	1.83034622429011e-32
Dag1	1.15948318794104e-35	0.496516729486636	0.846	0.679	2.31896637588208e-32
Tbrg1	1.42015947954377e-35	0.803015153895754	0.888	0.83	2.84031895908753e-32
Zfp36l1	2.14468537518501e-35	0.600375444019808	0.99	0.927	4.28937075037002e-32
Thbs1	3.6769323365541e-35	0.396252658211067	0.978	0.837	7.3538646731082e-32
Ets1	1.80612559793481e-34	0.442874295420314	0.799	0.575	3.61225119586962e-31
Tspan4	1.91301056797144e-34	0.69084093745261	0.804	0.713	3.82602113594287e-31
Adgrl2	3.96373426548527e-34	0.872498139888078	0.687	0.552	7.92746853097053e-31
Ltbp4	7.53543582385993e-34	0.609644323392474	0.71	0.49	1.50708716477199e-30
Runx1t1	1.83661734599417e-33	0.442879368961672	0.697	0.424	3.67323469198834e-30
Col16a1	2.00693710011999e-33	0.706806186288449	0.705	0.465	4.01387420023998e-30
Tspan3	4.68191987741863e-33	0.576058272323872	0.794	0.681	9.36383975483727e-30
Laptm4b	5.20846595693336e-33	0.632594085405311	0.727	0.508	1.04169319138667e-29
Tnni2	7.10147466550655e-33	0.270677729529567	0.722	0.621	1.42029493310131e-29
Tmem176a	1.22342391069543e-32	0.773523393650635	0.983	0.88	2.44684782139086e-29
Fat1	1.75767424575789e-32	0.450468439460584	0.687	0.384	3.51534849151578e-29
Arhgap5	2.1393940148918e-32	0.638721131437582	0.797	0.658	4.2787880297836e-29
Add3	2.23166270801397e-32	0.579335032686798	0.801	0.671	4.46332541602794e-29
Clic4	2.4938199753621e-32	0.515360042677604	0.943	0.815	4.9876399507242e-29
Hoxb5	3.84403298902566e-32	0.411698781366662	0.67	0.387	7.68806597805132e-29
Fzd2	2.50481710858197e-31	0.597356474357159	0.677	0.435	5.00963421716395e-28
Syne1	3.96061690718906e-31	0.800874379324628	0.695	0.541	7.92123381437811e-28
Ces1d	7.90401324818484e-31	0.949383189283212	0.635	0.324	1.58080264963697e-27
Adamtsl3	1.27997386391684e-30	0.675572039075828	0.64	0.334	2.55994772783369e-27
Galk1	1.28315757666818e-30	0.386614792024577	0.891	0.713	2.56631515333636e-27
Nr2f2	1.98854648040268e-30	0.785422181473928	0.677	0.49	3.97709296080537e-27
Mrvi1	3.55748824358363e-30	0.708893682227383	0.655	0.41	7.11497648716725e-27
Rbms3	3.62699904565316e-30	0.717440887277067	0.692	0.525	7.25399809130633e-27
Ppp1r12b	4.50231969372358e-30	0.680700861692119	0.685	0.473	9.00463938744716e-27
Trib2	4.69641015234533e-30	0.306804543326692	0.705	0.521	9.39282030469066e-27
Hmgcs1	6.70466310936454e-30	0.323127936885651	0.938	0.763	1.34093262187291e-26
Ddr1	6.79812540686275e-30	0.427958866390955	0.747	0.613	1.35962508137255e-26
Ltbp3	9.22102129766236e-30	0.647917456193051	0.737	0.597	1.84420425953247e-26
Lrba	2.54634250555885e-29	0.334811049879699	0.797	0.616	5.0926850111177e-26
Hist1h2bc	2.84414400548223e-29	0.335001948287226	0.965	0.844	5.68828801096445e-26
Atp2a3	9.55342567834843e-29	0.663197238678204	0.653	0.399	1.91068513566969e-25
Tspan9	1.00123408064394e-28	0.642989312856207	0.66	0.378	2.00246816128788e-25
Ghr	2.01240875818918e-28	0.829825504879698	0.663	0.444	4.02481751637835e-25
Carmn	6.95156425153455e-28	0.685146384275981	0.638	0.306	1.39031285030691e-24
Prkg1	1.20128881316629e-27	0.842202957643174	0.653	0.438	2.40257762633258e-24
Fam20c	1.20145592921375e-27	0.265681506060782	0.784	0.558	2.4029118584275e-24
Axl	2.48094370408523e-27	0.486977632145586	0.839	0.663	4.96188740817046e-24
Tmem176b	7.94768287413497e-27	0.789484878388024	0.983	0.902	1.58953657482699e-23
Pde1a	8.2196931614655e-27	0.684404317534918	0.643	0.39	1.6439386322931e-23
Fbln5	1.09932786751018e-26	0.524903816095583	0.64	0.343	2.19865573502036e-23
Nucb2	3.06134530199774e-26	0.465487563354105	0.893	0.724	6.12269060399548e-23
Msi2	3.29327158088586e-26	0.664031561674867	0.705	0.552	6.58654316177172e-23
Icam1	6.42736427673912e-26	0.381315443260268	0.933	0.679	1.28547285534782e-22
Pls3	7.07982586683179e-26	0.619547300283272	0.702	0.571	1.41596517336636e-22
Cdc42ep5	1.30993889784003e-25	0.584969841760886	0.665	0.412	2.61987779568007e-22
Hes1	9.49270076810421e-25	0.545743749922372	0.697	0.522	1.89854015362084e-21
Cpm	7.39299433777836e-24	0.300910709780867	0.615	0.461	1.47859886755567e-20
Sema5a	1.43432624632479e-23	0.777221919638657	0.658	0.485	2.86865249264957e-20
Aoc3	5.20163172713258e-23	0.875951254879626	0.623	0.354	1.04032634542652e-19
Tmem158	9.77602167580688e-23	0.25935061222958	0.337	0.568	1.95520433516138e-19
Gadd45b	1.72313235644373e-22	0.336061441330706	0.916	0.641	3.44626471288747e-19
Crtap	1.75176655380096e-22	0.561277552811793	0.727	0.593	3.50353310760192e-19
Filip1l	2.26157796770382e-22	0.632746619567637	0.819	0.796	4.52315593540764e-19
Plat	2.64642073748043e-22	0.603098648584785	0.658	0.45	5.29284147496086e-19
Dnm3	3.14360100967575e-22	0.606348168399113	0.618	0.31	6.2872020193515e-19
Olfml2b	1.40813455297629e-21	0.590580309213582	0.65	0.63	2.81626910595259e-18
Tcea3	1.91887205289018e-21	0.354030482362559	0.722	0.577	3.83774410578037e-18
Csf1	2.23707552017254e-21	0.340594665895576	0.782	0.61	4.47415104034508e-18
Gna11	2.62070445947064e-21	0.569598199247924	0.687	0.563	5.24140891894127e-18
Prdx1	4.23934052665165e-21	0.342729726676261	0.998	0.99	8.4786810533033e-18
Kcnq1ot1	4.32930705552731e-21	0.762160996454834	0.754	0.7	8.65861411105461e-18
Prelp	4.83586193895094e-21	0.998005037222787	0.623	0.404	9.67172387790188e-18
Ltbp1	6.26253618685219e-21	0.516923698918792	0.663	0.463	1.25250723737044e-17
Cpe	7.36808433509967e-21	0.738864696351002	0.667	0.465	1.47361686701993e-17
Cystm1	1.8903630491643e-20	0.671188702852806	0.648	0.546	3.7807260983286e-17
Spock2	3.35335858610931e-20	0.630435333108977	0.615	0.412	6.70671717221862e-17
Oaf	4.12663082965413e-20	0.652112316134027	0.655	0.579	8.25326165930826e-17
Odc1	1.65026720375597e-19	0.262293703113666	0.98	0.825	3.30053440751193e-16
Gabarapl1	2.030370650749e-19	0.438782714371259	0.749	0.568	4.06074130149799e-16
Mt1	3.21601035937521e-19	0.654280434450084	0.985	0.936	6.43202071875042e-16
Atp1a2	4.65097628191094e-18	0.431928347293782	0.615	0.343	9.30195256382188e-15
P2ry14	1.19272470611552e-17	0.672907438572171	0.71	0.735	2.38544941223105e-14
Pfkfb3	6.29424181676055e-17	0.730811712395592	0.687	0.666	1.25884836335211e-13
Ddah2	9.77662226013942e-17	0.444143152656645	0.67	0.531	1.95532445202788e-13
Ptpn14	1.22815466203801e-16	0.365764604263236	0.635	0.389	2.45630932407601e-13
Secisbp2l	1.37286731515818e-16	0.336598466314141	0.963	0.796	2.74573463031635e-13
Htra3	1.58775136800621e-16	0.83688288070613	0.618	0.545	3.17550273601243e-13
Tmem204	2.27483203687078e-16	0.689080864822033	0.596	0.405	4.54966407374156e-13
Idh1	2.9398181968813e-16	0.290908567671355	0.921	0.73	5.8796363937626e-13
Sept4	1.06271798525334e-15	0.525110586870261	0.608	0.395	2.12543597050668e-12
Zfp503	3.67041663078482e-15	0.697834424633133	0.62	0.528	7.34083326156965e-12
Gpc1	4.09937948735087e-15	0.686124415395247	0.62	0.487	8.19875897470175e-12
Nupr1	5.62918960532402e-15	0.333922221166976	0.903	0.825	1.1258379210648e-11
Vkorc1	1.39942604353573e-14	0.422730236677525	0.794	0.756	2.79885208707145e-11
Scg2	1.74944151256314e-14	2.60524447963285	0.588	0.415	3.49888302512628e-11
Ecm2	3.32759218410276e-14	0.635538221297599	0.578	0.287	6.65518436820552e-11
Hsp90b1	4.01113346825908e-14	0.288309163192606	0.993	0.99	8.02226693651816e-11
Tmem123	8.40046422172618e-14	0.280384480818516	0.938	0.709	1.68009284434524e-10
H1f0	1.25125955875667e-13	0.383270501209377	0.829	0.768	2.50251911751335e-10
Synm	1.25376011127127e-13	0.512504991292726	0.581	0.394	2.50752022254254e-10
Dlg2	3.20800724421016e-13	0.25315834033347	0.347	0.337	6.41601448842031e-10
Tesc	3.20831382978747e-13	0.318491553828676	0.36	0.454	6.41662765957493e-10
Hlf	1.1280036742085e-12	0.682805499517522	0.581	0.468	2.256007348417e-09
Cavin1	1.1462775614533e-12	0.308853909916039	0.702	0.542	2.2925551229066e-09
Lmo4	2.30910520775656e-12	0.359464854281979	0.95	0.832	4.61821041551313e-09
Dmpk	2.33307389714164e-12	0.253263618482984	0.342	0.397	4.66614779428327e-09
Rora	3.1493360891002e-12	0.540626385678822	0.62	0.457	6.29867217820041e-09
Tgfbr3	4.82629282975538e-12	0.517962712574921	0.635	0.611	9.65258565951075e-09
Ldhb	6.72220213226091e-12	0.337598176049004	0.72	0.683	1.34444042645218e-08
Ppp2r3a	8.09641473849962e-12	0.491337083027847	0.625	0.501	1.61928294769992e-08
Fosb	1.78735672959385e-11	0.636499296354911	0.851	0.649	3.5747134591877e-08
Ccdc88a	1.81550538433153e-11	0.386874696484867	0.861	0.767	3.63101076866307e-08
Tmem119	1.88513230570704e-11	0.488603792328196	0.613	0.586	3.77026461141407e-08
Adm	3.07505532820577e-11	0.378353999745088	0.335	0.28	6.15011065641155e-08
Trim35	1.68722456330309e-10	0.36888123425415	0.734	0.675	3.37444912660618e-07
Bhlhe41	1.89608209931306e-10	0.574692996881583	0.578	0.43	3.79216419862612e-07
H2afv	6.05315975697596e-10	0.2749581955697	0.811	0.782	1.21063195139519e-06
Enpp1	1.01210160218042e-09	0.635025115280197	0.633	0.663	2.02420320436083e-06
Sfxn1	1.13414136356535e-09	0.378249396179288	0.819	0.759	2.26828272713071e-06
Hspd1	1.65076657635706e-09	0.262571638931466	0.975	0.918	3.30153315271412e-06
Cspg4	2.57373120570269e-09	0.564630709939916	0.568	0.425	5.14746241140539e-06
Serpine1	4.33021708279035e-09	0.5278502856432	0.63	0.563	8.66043416558069e-06
Epas1	6.19723796413433e-09	0.258836884463185	0.588	0.432	1.23944759282687e-05
Gdf10	3.42853879042653e-08	1.04956790060764	0.538	0.31	6.85707758085307e-05
Ntrk3	6.45223633661582e-08	0.551515687532772	0.362	0.23	0.000129044726732316
Cpd	7.84645977996265e-08	0.375325885296	0.677	0.712	0.000156929195599253
Emp2	8.94574058748863e-08	0.384348571113615	0.608	0.448	0.000178914811749773
Cyc1	1.09474342961214e-07	0.334136674173478	0.913	0.899	0.000218948685922429
Flnc	1.61602501877142e-07	0.497350052664045	0.581	0.481	0.000323205003754283
Cc2d2a	1.65954390499865e-07	0.291613255049201	0.561	0.377	0.00033190878099973
Itga9	1.75948646693023e-07	0.488312849620814	0.605	0.563	0.000351897293386046
Fos	2.24118005496938e-07	0.438919263877152	0.921	0.896	0.000448236010993875
Cyp2j6	5.99600632664726e-07	0.287490919061537	0.553	0.403	0.00119920126532945
Vwa1	1.29431429097938e-06	0.315368362473491	0.561	0.393	0.00258862858195876
Mtch2	1.65691448978694e-06	0.319877362879942	0.846	0.822	0.00331382897957388
Ngf	2.28554580743366e-06	0.542627526650931	0.524	0.245	0.00457109161486733
Lztfl1	4.38952578367778e-06	0.251800375249678	0.794	0.745	0.00877905156735555
Tmem245	6.38585002900695e-06	0.318979032941749	0.598	0.504	0.0127717000580139
Ccnd2	7.06185454271421e-06	0.312800458255089	0.722	0.662	0.0141237090854284
Afdn	8.60732302352887e-06	0.295619127646471	0.692	0.683	0.0172146460470577
Cbr1	1.05180602229001e-05	0.280324016200619	0.685	0.662	0.0210361204458002
Foxf1	2.05863674859675e-05	0.250596025737784	0.407	0.419	0.0411727349719351
Htra1	2.32563409058803e-05	0.489059332185754	0.561	0.442	0.0465126818117607
