id	p_val	avg_log2FC	pct.1	pct.2	p_val_adj
Sdc1	4.82990523288316e-243	0.98773053326184	0.996	0.595	9.65981046576632e-240
Col1a1	9.75683657005336e-238	3.3212496259484	1	0.627	1.95136731401067e-234
Col5a1	2.84186236682543e-230	2.03360715724156	0.987	0.569	5.68372473365086e-227
Thbs4	5.22952842977508e-225	1.79091064471279	0.967	0.637	1.04590568595502e-221
Fbln2	3.34067261846687e-223	1.9530589556759	0.978	0.536	6.68134523693374e-220
Timp1	4.08932476747788e-223	3.44956042281108	0.998	0.822	8.17864953495575e-220
Col3a1	1.17592182616934e-222	3.08357480730258	1	0.625	2.35184365233869e-219
Col1a2	5.8490342365296e-221	2.87761848596884	1	0.629	1.16980684730592e-217
Fbn1	1.00311385658126e-218	2.2934189699049	0.967	0.54	2.00622771316253e-215
Rbp1	1.38645852084341e-214	2.30190764427882	0.989	0.704	2.77291704168682e-211
Ccn4	8.79307139662841e-214	0.611070819703085	0.98	0.608	1.75861427932568e-210
Ndufa4l2	2.33597200395674e-213	0.713621005033879	0.935	0.428	4.67194400791348e-210
Bgn	3.26581245294055e-213	2.34792310834865	0.976	0.58	6.53162490588109e-210
Col6a3	2.58900027089537e-211	1.79114464982382	0.976	0.478	5.17800054179074e-208
Lox	2.05912361341984e-210	1.90335373417862	0.952	0.695	4.11824722683969e-207
Nrep	2.42880932554019e-204	0.712211537542607	0.967	0.624	4.85761865108037e-201
Lrp1	4.43917102915456e-204	1.68878588255991	0.996	0.777	8.87834205830913e-201
Lum	5.41742424605666e-204	1.70329268044557	0.969	0.481	1.08348484921133e-200
Fstl1	2.9949405968844e-203	2.00961277321474	0.987	0.617	5.98988119376881e-200
Lcn2	2.08410091405858e-202	2.33110293554151	0.991	0.674	4.16820182811716e-199
Col5a2	5.33911916802481e-202	1.96158968520281	0.991	0.6	1.06782383360496e-198
Mmp2	2.14321558015883e-200	1.59343349430758	0.943	0.559	4.28643116031766e-197
Chl1	1.40728472687655e-198	0.948466476928587	0.972	0.504	2.81456945375309e-195
Cyp7b1	1.66912988024859e-196	0.637770422853071	0.983	0.532	3.33825976049717e-193
Slc39a14	8.39675697974335e-196	0.994641118468329	0.996	0.731	1.67935139594867e-192
Mmp14	1.93208294009478e-194	1.57337434342569	1	0.793	3.86416588018956e-191
Col6a2	5.36228436763804e-190	1.7441667154596	0.989	0.592	1.07245687352761e-186
Col5a3	4.47934500102833e-187	1.6104984665473	0.935	0.557	8.95869000205667e-184
Dcn	3.75562808051391e-186	1.88015553633414	1	0.639	7.51125616102783e-183
Mfap4	5.65108450339911e-186	2.20405527957846	0.915	0.464	1.13021690067982e-182
Dpt	4.08809928704184e-184	1.76011870378122	0.917	0.375	8.17619857408367e-181
Rgs4	1.45986375923834e-183	0.321833256682161	0.939	0.461	2.91972751847668e-180
Col4a1	1.33982759920662e-182	1.58042683567318	0.991	0.579	2.67965519841324e-179
Loxl1	2.34865549974227e-180	1.35799875386935	0.967	0.583	4.69731099948454e-177
Grem1	8.03858216894882e-180	1.13799802497725	0.959	0.663	1.60771643378976e-176
Serpinh1	8.53733215881793e-180	1.897900610264	0.987	0.603	1.70746643176359e-176
Cald1	2.557628046483e-179	1.64191741423334	0.991	0.634	5.11525609296601e-176
Vcan	2.84605448551492e-179	1.4913338570455	0.972	0.697	5.69210897102985e-176
Plod2	6.71294110001906e-179	1.56408680624506	0.967	0.606	1.34258822000381e-175
Slit3	4.23235170433937e-178	1.3412126812586	0.948	0.529	8.46470340867874e-175
Serping1	4.40610925196512e-178	1.59858633983434	0.998	0.598	8.81221850393023e-175
Ecscr	2.09190108409022e-177	0.420032128316724	0.987	0.588	4.18380216818043e-174
Col6a1	8.82842345122575e-177	1.54595976392836	0.993	0.645	1.76568469024515e-173
Saa3	1.98855503816492e-176	1.93729886684471	0.993	0.771	3.97711007632984e-173
Pappa	2.30280947205868e-173	0.291429683882624	0.9	0.39	4.60561894411737e-170
Lamb1	1.21704989771002e-171	1.3791886162171	0.95	0.52	2.43409979542004e-168
Loxl2	2.08939185702062e-171	1.39030011485306	0.946	0.546	4.17878371404123e-168
Aebp1	4.45985563395949e-170	1.75637043247547	0.976	0.677	8.91971126791897e-167
Igfbp4	1.03807926695533e-169	1.9824170055837	0.978	0.761	2.07615853391065e-166
Sparcl1	1.27124540744388e-169	1.84114376729709	0.954	0.42	2.54249081488777e-166
Sparc	3.95763893684353e-169	2.05536480024937	1	0.669	7.91527787368705e-166
P4ha2	5.11233363600973e-168	0.855809566386328	0.926	0.515	1.02246672720195e-164
C1qtnf6	1.24788012608744e-167	1.01732546751043	0.924	0.626	2.49576025217488e-164
Col4a2	2.87056898897507e-167	1.42118249460039	0.963	0.489	5.74113797795014e-164
C3	3.89243203050073e-163	1.09503583302143	0.993	0.855	7.78486406100146e-160
Mgp	4.02501249763354e-161	2.31019736861059	0.967	0.707	8.05002499526708e-158
Gm13889	2.80616324950888e-160	0.36368339476571	0.911	0.513	5.61232649901775e-157
Sod3	3.9167423800625e-159	1.45578635334973	0.915	0.519	7.833484760125e-156
Ckap4	1.02558698698993e-158	1.30666060410871	0.983	0.726	2.05117397397987e-155
Lamc1	2.70410358455876e-158	1.3210085995452	0.935	0.586	5.40820716911753e-155
Ctsl	2.41365232086609e-157	1.34733535582698	0.998	0.927	4.82730464173217e-154
Tshz2	7.96239687812279e-157	1.11110614706543	0.969	0.555	1.59247937562456e-153
Arsi	2.73790058843979e-156	0.674509592007089	0.887	0.491	5.47580117687957e-153
Nt5dc2	1.25742132582644e-154	0.358894788551643	0.983	0.682	2.51484265165287e-151
Fkbp11	1.3252511163094e-154	0.841742255140312	0.93	0.541	2.65050223261881e-151
Snai1	4.08109936797464e-154	0.469948450373974	0.889	0.528	8.16219873594928e-151
Nkd2	1.02476543595249e-153	0.256564295244038	0.88	0.383	2.04953087190499e-150
Lama4	2.06130638419002e-152	1.26299644515284	0.924	0.552	4.12261276838004e-149
Gpx3	3.31854245005905e-152	1.54790376965528	0.956	0.699	6.63708490011811e-149
Ccdc80	1.26342132091885e-151	1.34839483181356	0.952	0.614	2.5268426418377e-148
Serpina3n	1.50929729299221e-149	1.46008327695683	0.917	0.603	3.01859458598441e-146
Hspg2	1.85625720011487e-149	1.18559380057454	0.937	0.531	3.71251440022974e-146
Cd63	7.50120744169888e-149	1.47584393625965	0.998	0.852	1.50024148833978e-145
Pdgfra	2.7934653510322e-146	1.05762256043136	0.893	0.385	5.58693070206439e-143
Dpysl3	4.01809261801876e-146	1.06570968416503	0.908	0.609	8.03618523603752e-143
Dnm3os	4.12637532725324e-146	0.343716956972849	0.845	0.341	8.25275065450647e-143
C1s1	1.67673984301093e-144	1.00379277062359	0.965	0.561	3.35347968602186e-141
Bicc1	6.38323714318359e-144	1.04307216997008	0.95	0.572	1.27664742863672e-140
Col14a1	2.80603647352168e-143	1.43981384533549	0.946	0.628	5.61207294704336e-140
Postn	1.01554160099725e-142	1.24650680791777	0.898	0.55	2.03108320199449e-139
Nxn	1.16624895811425e-141	0.6801245163609	0.972	0.634	2.3324979162285e-138
Pdpn	2.09089432339038e-140	1.29959690338129	0.952	0.781	4.18178864678076e-137
Aldh1a3	6.24297425899199e-139	0.982439832252345	0.869	0.476	1.2485948517984e-135
Inhba	9.91251315391119e-138	0.367741933179579	0.937	0.638	1.98250263078224e-134
Igf1	1.96697368633273e-136	1.87120407743042	0.972	0.754	3.93394737266545e-133
Slc7a2	2.99699920342984e-136	0.361640702820828	0.95	0.629	5.99399840685968e-133
Igfbp7	5.76035253709431e-136	0.96303648935353	0.996	0.584	1.15207050741886e-132
Il1r1	1.35976431062195e-135	0.974295849939554	0.882	0.553	2.7195286212439e-132
Spsb1	2.01253743345945e-133	0.643411246625148	0.967	0.651	4.0250748669189e-130
Nid1	8.70882669883885e-133	1.08257852700945	0.917	0.48	1.74176533976777e-129
Gpm6b	4.73335494183448e-131	0.533706173557272	0.882	0.375	9.46670988366896e-128
Mmp23	2.58692687640497e-130	0.928812242685235	0.852	0.385	5.17385375280994e-127
Csrp2	2.1374248680277e-129	1.2695650201649	0.943	0.721	4.2748497360554e-126
Bmp1	1.27411675513418e-126	1.06187103270533	0.861	0.471	2.54823351026835e-123
Il6	2.27165917706065e-126	0.560197641624678	0.943	0.617	4.5433183541213e-123
Col8a1	3.07935409855865e-126	0.77242727350231	0.85	0.37	6.15870819711731e-123
Fn1	6.85771426117558e-125	1.60446319696069	0.98	0.821	1.37154285223512e-121
Nedd4	4.98908828695482e-124	1.04433042596428	0.996	0.65	9.97817657390963e-121
Chil1	2.20548257926987e-123	0.591438310352103	0.978	0.595	4.41096515853973e-120
Prss23	1.36188216340586e-122	1.47883517247435	0.874	0.534	2.72376432681173e-119
Crispld2	1.66550456736166e-122	1.202412235009	0.85	0.48	3.33100913472332e-119
Itm2a	3.35515069301892e-122	1.32717404263486	0.893	0.547	6.71030138603784e-119
Cygb	7.25325654690881e-122	1.29643150596329	0.867	0.666	1.45065130938176e-118
Olfml3	1.049494026697e-121	1.19288318112406	0.893	0.734	2.098988053394e-118
Spon2	5.36739690794105e-121	1.26774881936043	0.85	0.412	1.07347938158821e-117
Col15a1	4.05017559466037e-118	1.19119065088383	0.845	0.47	8.10035118932074e-115
Creb3l1	4.98394450370195e-117	1.00021720560809	0.874	0.6	9.96788900740389e-114
Ppic	5.5135904755923e-117	1.01959216701092	0.893	0.606	1.10271809511846e-113
Slc16a1	8.04851580080472e-116	0.34803805355051	0.978	0.621	1.60970316016094e-112
Nupr1	9.83535494802311e-116	1.16493021852787	0.954	0.823	1.96707098960462e-112
Nfix	9.95441304954781e-116	0.928763445737955	0.959	0.716	1.99088260990956e-112
Ccl11	1.945442455445e-115	2.23166905996569	0.834	0.635	3.89088491089001e-112
Htra3	4.61431742379449e-115	1.14274908513912	0.821	0.536	9.22863484758897e-112
Snhg18	1.33755850749569e-114	1.05506896848507	0.893	0.56	2.67511701499139e-111
Serpinf1	2.67545365693755e-114	0.954487010675649	0.837	0.427	5.3509073138751e-111
Pcolce	3.27793735851055e-114	0.805099208047425	0.93	0.592	6.5558747170211e-111
C1ra	4.0618428792601e-114	0.734743812261733	0.937	0.611	8.1236857585202e-111
Colec12	1.04155835222102e-113	0.907609465661574	0.911	0.603	2.08311670444204e-110
Rhoc	1.84693836306614e-112	0.874630797152421	0.95	0.715	3.69387672613229e-109
Rasl11a	2.27529336416081e-112	0.728135083584582	0.904	0.615	4.55058672832162e-109
Tnxb	3.11534003718659e-111	0.927059237884016	0.852	0.467	6.23068007437317e-108
Lbp	4.53342083855392e-111	1.1912143342577	0.865	0.644	9.06684167710784e-108
Ddit4	4.60957481047064e-111	0.253802228856599	0.965	0.648	9.21914962094127e-108
Eln	3.69398216249908e-110	1.75669634529824	0.821	0.414	7.38796432499815e-107
Heg1	2.96097231456841e-109	1.05856582137014	0.895	0.56	5.92194462913682e-106
Svep1	3.32095455763297e-109	1.05021880935875	0.821	0.417	6.64190911526593e-106
Col12a1	5.18107063825994e-109	0.255782576626974	0.865	0.474	1.03621412765199e-105
Ogn	6.90238458237623e-109	1.32224595960009	0.867	0.591	1.38047691647525e-105
Rcn3	8.03051425826481e-109	1.07956942658616	0.935	0.8	1.60610285165296e-105
Fndc1	9.36576016821956e-108	1.02569921793199	0.819	0.385	1.87315203364391e-104
Hoxb5	3.34348302137085e-107	0.320545801047492	0.834	0.379	6.68696604274171e-104
Islr	5.14395401759502e-106	0.733518560925165	0.815	0.315	1.028790803519e-102
Fbln1	2.03502714259626e-105	1.09228131716953	0.837	0.44	4.07005428519252e-102
Ctsk	2.16683030534019e-105	0.971470901400071	0.828	0.551	4.33366061068039e-102
Rcn1	2.51859012971254e-105	0.92808145858113	0.882	0.663	5.03718025942509e-102
Tuba1a	6.22358061356401e-105	1.06733459170762	0.961	0.858	1.2447161227128e-101
Emilin1	2.02468640843542e-103	1.03030391275893	0.889	0.635	4.04937281687084e-100
Lmna	6.44713327120479e-103	0.952698942404366	0.991	0.82	1.28942665424096e-99
Gpx7	7.42983160784407e-103	0.818604838724489	0.852	0.645	1.48596632156881e-99
Steap3	7.64164482667453e-103	0.782007456016544	0.869	0.688	1.52832896533491e-99
Vim	1.77810584761675e-102	0.865947884583257	1	0.986	3.5562116952335e-99
Lhfp	1.87500761200287e-102	0.843904558499466	0.841	0.479	3.75001522400575e-99
Bmpr2	6.10106065177406e-102	0.863600005638448	0.967	0.693	1.22021213035481e-98
Gpx8	1.20833877369392e-101	0.835801068163378	0.882	0.531	2.41667754738783e-98
Palld	8.53001454084049e-101	0.760051779026354	0.943	0.667	1.7060029081681e-97
Gsn	8.93285849408571e-100	1.43738737002546	0.98	0.877	1.78657169881714e-96
Mt2	1.91952801739299e-99	1.20421054540944	0.926	0.604	3.83905603478599e-96
Tceal9	7.77732583579093e-99	1.08248257397427	0.967	0.82	1.55546516715819e-95
Olfml2b	1.04641899426643e-98	0.948521953839321	0.813	0.623	2.09283798853286e-95
Smoc2	2.41577362798501e-98	1.35425939032634	0.841	0.489	4.83154725597003e-95
Slc6a8	3.01416092693401e-98	0.494682244763256	0.856	0.523	6.02832185386803e-95
Maged1	1.48322002573572e-97	0.964104854894554	0.887	0.623	2.96644005147143e-94
Cavin3	2.66590520800429e-97	0.6744725227069	0.928	0.584	5.33181041600857e-94
Selenom	5.3337572450814e-97	0.789166253585474	0.967	0.718	1.06675144901628e-93
Vegfa	1.19809081449071e-96	0.400093127704108	0.965	0.708	2.39618162898143e-93
S100a16	8.97767227809151e-96	0.852082656315347	0.882	0.657	1.7955344556183e-92
Kdelr3	2.10792667915825e-94	0.961162370072509	0.808	0.57	4.21585335831651e-91
Hp	1.92648928503146e-93	1.73279366876545	0.932	0.72	3.85297857006291e-90
Rhoj	3.21568398467741e-93	0.72573255349479	0.867	0.542	6.43136796935482e-90
Tpm2	1.47034878134369e-92	0.932038132997881	0.902	0.624	2.94069756268739e-89
Tnfaip6	1.51166055122598e-92	1.0108403920706	0.804	0.606	3.02332110245196e-89
Anxa1	2.46688094953442e-92	0.87188601391754	0.967	0.865	4.93376189906885e-89
Nfib	5.89113974876194e-92	0.684351851172249	0.937	0.601	1.17822794975239e-88
Fkbp10	6.82606549871664e-92	0.824330549011885	0.817	0.462	1.36521309974333e-88
Lhfpl2	7.87746209286608e-92	0.368305353619646	0.902	0.652	1.57549241857322e-88
Ddr2	8.14066680956439e-92	0.910837880618609	0.824	0.488	1.62813336191288e-88
Timp2	1.09778900057832e-90	0.894798175529271	0.998	0.87	2.19557800115663e-87
Plpp3	3.30959644946764e-90	1.01961852753935	0.837	0.487	6.61919289893529e-87
Ptgis	4.44012134024812e-90	0.553733105469505	0.895	0.581	8.88024268049624e-87
Cd34	7.58240638030269e-90	0.665725912201673	0.854	0.529	1.51648127606054e-86
Sulf1	2.82824997766562e-88	0.686606243702807	0.841	0.422	5.65649995533123e-85
Tnc	3.66781668406407e-88	0.865292143377232	0.813	0.507	7.33563336812814e-85
Il11ra1	2.49273795725515e-87	0.736233228234511	0.9	0.699	4.98547591451029e-84
Ptgfrn	6.75885768492101e-87	0.813351507727227	0.821	0.517	1.3517715369842e-83
Actn1	3.35588823248384e-86	0.533735319237833	0.985	0.669	6.71177646496769e-83
Cxcl12	1.47665106109363e-85	0.91743569405237	0.808	0.413	2.95330212218726e-82
Tgfbr3	1.39098749413847e-84	0.685310775805865	0.839	0.603	2.78197498827693e-81
Dkk3	6.38278223081891e-84	0.563197724150761	0.824	0.441	1.27655644616378e-80
Ehd2	3.17946711950814e-83	0.670120172776539	0.854	0.526	6.35893423901629e-80
Id3	3.29423447786567e-83	1.19225325959779	0.865	0.646	6.58846895573133e-80
Mdk	9.39713045871487e-83	0.485396186082588	0.819	0.49	1.87942609174297e-79
Serpine1	9.40477065969551e-83	0.751332248395695	0.845	0.554	1.8809541319391e-79
Mylk	2.51704441630919e-82	0.462400371800031	0.898	0.542	5.03408883261837e-79
Grb10	4.94834156251031e-82	0.791293847585646	0.815	0.442	9.89668312502062e-79
Ly6a	1.08207131780106e-81	0.843159766476007	0.908	0.769	2.16414263560211e-78
Tgfb1i1	3.77765834262785e-81	0.689998551090082	0.824	0.531	7.5553166852557e-78
Zbtb20	7.13270979186306e-81	0.655191713073303	0.954	0.663	1.42654195837261e-77
Slc43a3	1.46382076250766e-80	0.911855590519599	0.826	0.555	2.92764152501531e-77
Tpm1	4.83235736219096e-80	0.782776630403259	0.954	0.733	9.66471472438192e-77
Ebf1	2.08826129688191e-79	1.05237231485309	0.756	0.33	4.17652259376381e-76
Oaf	2.76714454234507e-78	0.848993798484974	0.786	0.573	5.53428908469014e-75
Sptbn1	5.92586310752735e-78	0.655556596899288	0.991	0.821	1.18517262150547e-74
Fermt2	7.58575585630553e-78	0.734611933822156	0.861	0.583	1.51715117126111e-74
Npdc1	2.18778363400938e-77	0.668433796411297	0.852	0.503	4.37556726801876e-74
Mxra7	3.68737379300308e-77	0.723203489004514	0.819	0.586	7.37474758600616e-74
Pmepa1	4.0684436608416e-77	0.603289328462647	0.961	0.818	8.1368873216832e-74
Emp1	8.06284722762965e-77	0.761623229096725	0.865	0.649	1.61256944552593e-73
Igf2r	1.50168844725518e-75	0.786455081197353	0.85	0.626	3.00337689451037e-72
Pmp22	1.37780957678125e-74	0.602841501675149	0.908	0.647	2.75561915356249e-71
Slc16a2	5.39271060273835e-74	0.761051568400378	0.784	0.49	1.07854212054767e-70
Clmp	9.16242491613721e-74	0.828891272425862	0.808	0.53	1.83248498322744e-70
Plec	1.2986246395752e-73	0.698906302602978	0.967	0.79	2.5972492791504e-70
Copz2	1.59982520320847e-73	0.725902685157831	0.83	0.613	3.19965040641695e-70
Pam	2.6188101915673e-72	0.651848964384942	0.889	0.638	5.23762038313461e-69
Gstm2	3.07765049251695e-72	0.601214381061921	0.83	0.645	6.1553009850339e-69
Spon1	5.45966892175211e-72	0.75296040099943	0.856	0.691	1.09193378435042e-68
Mfge8	6.12404412351299e-72	0.658673256552897	0.828	0.584	1.2248088247026e-68
Serpinb6a	1.00927778100078e-71	0.564568545256982	0.952	0.776	2.01855556200155e-68
Tnfaip2	2.08223389842828e-71	0.782502803110129	0.993	0.791	4.16446779685656e-68
Lima1	9.57371300184054e-71	0.710702633349039	0.915	0.732	1.91474260036811e-67
Ms4a4d	1.66726359492566e-70	0.566048635158831	0.752	0.402	3.33452718985131e-67
Gng11	4.05518815181545e-70	0.60322769222082	0.832	0.608	8.11037630363091e-67
Mgst3	3.01983850756796e-69	0.541189886234015	0.922	0.684	6.03967701513592e-66
Ugdh	2.15015723496001e-68	0.901579842043456	0.847	0.631	4.30031446992003e-65
Ltbp3	3.63790881575162e-68	0.608751580818233	0.843	0.592	7.27581763150323e-65
Cyb5r3	1.795867757884e-67	0.603146780329786	0.976	0.827	3.591735515768e-64
Matn2	3.66282622867579e-67	0.785732371064657	0.776	0.507	7.32565245735157e-64
Fkbp7	5.33570328348153e-67	0.597086286125101	0.83	0.543	1.06714065669631e-63
Meis2	6.01460771040538e-67	0.518773608066715	0.845	0.51	1.20292154208108e-63
Serpina3g	6.68622080129503e-67	0.29187158799073	0.95	0.68	1.33724416025901e-63
Lpl	1.44443357840942e-66	0.891563028976215	0.776	0.54	2.88886715681883e-63
Pbx1	2.81748418801691e-66	0.634349608294029	0.865	0.571	5.63496837603382e-63
Ptn	2.96163547102355e-66	1.18265153524831	0.832	0.542	5.92327094204711e-63
Klf9	3.37677647653988e-66	0.663682761947305	0.874	0.555	6.75355295307976e-63
Sod2	1.75482140635586e-65	0.83707587666928	0.996	0.925	3.50964281271172e-62
Gas1	1.94074562277182e-64	0.596449722298417	0.837	0.561	3.88149124554363e-61
Fscn1	3.81750047594379e-64	0.551642678379358	0.778	0.401	7.63500095188759e-61
Mrc2	7.97300415480447e-64	0.678873893263257	0.749	0.448	1.59460083096089e-60
Mxra8	4.87490148250827e-63	0.532514607499314	0.83	0.516	9.74980296501653e-60
Tma16	1.42972884281864e-62	0.304231891581067	0.963	0.757	2.85945768563727e-59
Cnn3	5.27230788659787e-62	0.621192078043887	0.874	0.669	1.05446157731957e-58
Ryk	8.20895271883358e-62	0.753232068887222	0.797	0.564	1.64179054376672e-58
Plcb4	9.85586341535206e-62	0.308389479658391	0.791	0.497	1.97117268307041e-58
Nbl1	1.6633048198632e-61	0.683906161464651	0.802	0.464	3.32660963972641e-58
Pdlim7	3.54137064559824e-61	0.572367543943696	0.841	0.661	7.08274129119647e-58
Nenf	3.71631273789589e-61	0.536113543591062	0.965	0.839	7.43262547579177e-58
Fgfr1	5.23583350813952e-61	0.521561132182089	0.81	0.595	1.0471667016279e-57
Ecm1	9.3726641425861e-61	0.667371910139434	0.871	0.715	1.87453282851722e-57
Vkorc1	1.28464622755963e-60	0.626394863794668	0.9	0.751	2.56929245511927e-57
Nfia	2.06092220337022e-60	0.560495609427696	0.889	0.569	4.12184440674043e-57
Vat1	1.09212348752391e-59	0.65144143106789	0.861	0.709	2.18424697504782e-56
Gm12840	1.37686797936776e-59	1.01763067497455	0.832	0.616	2.75373595873551e-56
Dbn1	3.99267580107954e-59	0.594917042722764	0.773	0.563	7.98535160215909e-56
Hand2	6.1460268495567e-59	0.369181222013612	0.83	0.527	1.22920536991134e-55
P4hb	1.02151028550047e-58	0.629166124216131	0.991	0.941	2.04302057100095e-55
Mgst1	1.34073590929554e-58	0.384833665446994	0.941	0.794	2.68147181859107e-55
Pxdn	1.4752768414572e-58	0.590178272879625	0.773	0.445	2.9505536829144e-55
Ptgs2	2.72096522163222e-58	0.259986390664318	0.95	0.689	5.44193044326444e-55
Itih5	1.90380324280018e-57	0.572502205739782	0.756	0.437	3.80760648560037e-54
S100a11	1.97617692922225e-57	0.555474819735681	0.996	0.971	3.9523538584445e-54
Fam114a1	3.00562667517567e-57	0.648272975688678	0.793	0.559	6.01125335035134e-54
Pdgfa	8.13989301217153e-57	0.4868999211208	0.928	0.665	1.62797860243431e-53
Ddah2	1.02520236622219e-56	0.468125570167774	0.81	0.524	2.05040473244438e-53
Ctps	2.54768181375552e-56	0.250065078634263	0.902	0.709	5.09536362751104e-53
Steap4	4.05576784043115e-56	0.666282821387979	0.8	0.625	8.11153568086231e-53
Hspb1	4.06345431086606e-56	0.342254863562261	0.891	0.627	8.12690862173212e-53
Acta2	1.93040508140549e-55	0.673961314505917	0.826	0.586	3.86081016281099e-52
Txndc5	2.95118933952715e-54	0.649562905791716	0.856	0.711	5.9023786790543e-51
Lgi2	3.17372507144525e-54	0.702686635918169	0.721	0.419	6.34745014289049e-51
Ahnak2	3.49363008033596e-54	0.712836622803668	0.776	0.665	6.98726016067192e-51
Ltbp4	3.83653545040773e-54	0.469626900167516	0.778	0.486	7.67307090081546e-51
Galk1	4.9854757934949e-54	0.392742718702302	0.95	0.71	9.97095158698979e-51
Fam162a	5.68021513189086e-54	0.566950794012939	0.987	0.822	1.13604302637817e-50
Lama2	2.03783809205525e-53	0.524259106471848	0.712	0.322	4.07567618411049e-50
Mfap2	9.10843909507779e-53	0.665292794767302	0.706	0.34	1.82168781901556e-49
Ifitm1	1.49889171226835e-52	0.867459083672914	0.928	0.701	2.99778342453669e-49
Il6st	2.23079431641793e-52	0.515861971512235	0.924	0.684	4.46158863283585e-49
Htra1	3.17420700158197e-52	0.619540406509088	0.734	0.434	6.34841400316394e-49
Enc1	3.55349500490396e-52	0.320637010934759	0.773	0.592	7.10699000980792e-49
Dag1	8.68349332696272e-52	0.385722282248116	0.887	0.677	1.73669866539254e-48
Slc25a4	1.16683370654605e-51	0.539769962411591	0.983	0.948	2.33366741309209e-48
Parva	4.53858687551525e-51	0.562527723501481	0.806	0.568	9.07717375103049e-48
Ccl7	5.76252755882578e-51	0.623627649573925	0.987	0.838	1.15250551176516e-47
Ccl2	1.00417221922372e-50	0.690688676158761	0.983	0.858	2.00834443844744e-47
Rgs5	1.02312261091964e-50	0.335168004398577	0.754	0.403	2.04624522183928e-47
Pcdh7	1.6472596254902e-50	0.610758138133256	0.778	0.538	3.29451925098041e-47
Tbrg1	3.09666152186212e-50	0.539484673953544	0.941	0.827	6.19332304372424e-47
Col16a1	9.0737193285489e-50	0.442785982525582	0.763	0.461	1.81474386570978e-46
Meg3	1.09349937515113e-49	0.853830785751018	0.756	0.467	2.18699875030226e-46
Lgals1	1.49792640191349e-49	0.673095443054281	1	0.99	2.99585280382697e-46
Plpp1	1.44400297659846e-48	0.526436889921173	0.782	0.588	2.88800595319692e-45
Tagln	2.74952621627552e-47	0.418509325303606	0.856	0.672	5.49905243255105e-44
Ifi205	9.25760780939423e-47	0.586502167977576	0.865	0.757	1.85152156187885e-43
Ar	1.09370182315237e-46	0.575142728747313	0.708	0.439	2.18740364630473e-43
Rbms3	5.47828107525394e-46	0.606956146049383	0.732	0.523	1.09565621505079e-42
Mt1	8.50853776620683e-46	1.12200254977365	0.989	0.935	1.70170755324137e-42
Cavin1	1.27307497858946e-45	0.358481149756919	0.826	0.536	2.54614995717892e-42
Clu	1.28336064288525e-45	0.541718469367262	0.824	0.577	2.56672128577049e-42
Gng12	2.97289451123422e-45	0.591411754411573	0.967	0.86	5.94578902246844e-42
Csf1	4.02244239067997e-45	0.555049317333485	0.78	0.609	8.04488478135994e-42
Pla1a	5.32460848992625e-45	0.942584983258467	0.702	0.515	1.06492169798525e-41
Flna	7.37742867357351e-44	0.475732394745961	0.989	0.929	1.4754857347147e-40
Maged2	2.36637989633389e-43	0.576106335105065	0.778	0.598	4.73275979266778e-40
Dst	5.6760382101954e-43	0.3137753700319	0.895	0.75	1.13520764203908e-39
Crtap	6.93457356509904e-43	0.54523551013142	0.786	0.59	1.38691471301981e-39
Akap12	4.16665829122379e-42	0.531196663720447	0.743	0.581	8.33331658244759e-39
Arhgef12	7.03060776268066e-41	0.333594345674499	0.85	0.609	1.40612155253613e-37
Tmem263	1.26267963203571e-40	0.603916663748857	0.76	0.643	2.52535926407141e-37
Cfl2	1.5765467078687e-40	0.485916558418575	0.85	0.657	3.1530934157374e-37
Aspn	1.65161409727624e-40	0.803590655506112	0.708	0.438	3.30322819455247e-37
Rnase4	2.25066487501754e-40	0.399411309716259	0.985	0.858	4.50132975003508e-37
Mmp19	2.90263990568187e-40	0.504815805053723	0.806	0.673	5.80527981136373e-37
Jun	3.12234116389379e-40	0.895001812889718	0.954	0.909	6.24468232778758e-37
Gem	2.2656448209106e-39	0.801706179120066	0.739	0.566	4.5312896418212e-36
Prelp	6.15208195002844e-39	0.53778629717745	0.671	0.401	1.23041639000569e-35
H1fx	8.22621435537477e-39	0.529512817795739	0.715	0.544	1.64524287107495e-35
Uap1	1.22555838837058e-38	0.608262046420175	0.776	0.623	2.45111677674116e-35
Golga3	1.90457105060988e-38	0.283306991986303	0.919	0.669	3.80914210121975e-35
Osmr	3.96109367685075e-38	0.517887295545104	0.734	0.526	7.9221873537015e-35
P3h3	4.71937900042435e-38	0.563452397522241	0.702	0.507	9.4387580008487e-35
Lmo4	4.84339947332508e-38	0.508811775224564	0.993	0.829	9.68679894665016e-35
Atf5	4.86354794131796e-38	0.585345645793981	0.728	0.566	9.72709588263592e-35
Phldb2	1.78629448404851e-37	0.535741461393948	0.712	0.532	3.57258896809701e-34
Txn1	2.20302202633889e-37	0.475298355926604	1	0.979	4.40604405267778e-34
Plxdc2	2.77645043705659e-37	0.544903075868661	0.834	0.761	5.55290087411318e-34
Ptges	3.78664280532211e-37	0.60050863052474	0.667	0.473	7.57328561064423e-34
Cyb5a	4.11875309826255e-37	0.427172650871501	0.959	0.868	8.2375061965251e-34
Fxyd6	5.36370178311804e-37	0.687253775720092	0.749	0.624	1.07274035662361e-33
Tead1	6.27486687786453e-37	0.469441982256498	0.763	0.576	1.25497337557291e-33
Plat	1.71242948356082e-36	0.587930619023223	0.706	0.447	3.42485896712164e-33
Arhgap29	2.27706491008637e-36	0.255106135236411	0.795	0.548	4.55412982017274e-33
Lpp	2.3675846235262e-36	0.453961696753185	0.917	0.815	4.73516924705239e-33
Axl	8.86913368201211e-36	0.419281743138309	0.854	0.662	1.77382673640242e-32
Map1lc3a	6.31127320200676e-35	0.385326782235739	0.858	0.734	1.26225464040135e-31
Wwtr1	8.08376777414771e-35	0.485228280239169	0.749	0.594	1.61675355482954e-31
Aoc3	1.10440489238683e-34	0.498611453061265	0.662	0.351	2.20880978477365e-31
Cd55	2.45326872577392e-34	0.576062412633894	0.743	0.586	4.90653745154783e-31
Antxr1	2.50556532291397e-34	0.487386992024232	0.699	0.459	5.01113064582794e-31
Sdc2	1.08255253332771e-33	0.453652351436118	0.73	0.518	2.16510506665541e-30
Amotl1	1.98399631073617e-32	0.571420237359232	0.699	0.467	3.96799262147233e-29
Tsc22d1	2.44824039902328e-32	0.425222708042665	0.813	0.64	4.89648079804655e-29
Khdrbs3	3.51113392421204e-32	0.360471807901007	0.725	0.623	7.02226784842409e-29
Cp	4.98037071437182e-32	0.510699335452155	0.819	0.715	9.96074142874364e-29
Camk2n1	7.51080769026602e-32	0.561656408651298	0.708	0.503	1.5021615380532e-28
Fth1	9.53691463382521e-32	0.352284952262152	1	1	1.90738292676504e-28
Cebpd	6.06706578405298e-31	0.703187351319941	0.852	0.811	1.2134131568106e-27
Mast4	8.70687221974043e-31	0.397581904014772	0.745	0.565	1.74137444394809e-27
Angptl2	1.05022087327725e-30	0.321111353757317	0.704	0.475	2.1004417465545e-27
Gpnmb	1.68606799814999e-30	0.353229967379763	0.667	0.512	3.37213599629998e-27
S100a6	1.96001940682929e-30	0.496805377749797	0.996	0.972	3.92003881365858e-27
Osr1	5.19595282171202e-30	0.602993469471661	0.66	0.42	1.0391905643424e-26
Rbpms	5.84853492043847e-30	0.333112857953131	0.843	0.651	1.16970698408769e-26
Sfrp1	8.8699438436416e-30	0.697910103045755	0.693	0.447	1.77398876872832e-26
Hacd1	1.41378457121617e-29	0.332088583179163	0.743	0.595	2.82756914243233e-26
Add3	1.50144684099315e-29	0.366309202808408	0.83	0.669	3.00289368198631e-26
Rdh10	1.63407935818875e-29	0.34075953939714	0.745	0.542	3.26815871637749e-26
Adgrd1	1.64166144694223e-29	0.577824289289246	0.688	0.466	3.28332289388446e-26
Adamts5	1.85312668640036e-29	0.834224455766881	0.656	0.414	3.70625337280073e-26
Dlc1	2.43203969506468e-29	0.461756711797234	0.691	0.386	4.86407939012935e-26
Hsp90b1	3.0953911114361e-28	0.381859970821661	1	0.99	6.1907822228722e-25
Rab34	4.29015542979916e-28	0.447850313292601	0.702	0.589	8.58031085959833e-25
Atp2b4	5.47094565051325e-28	0.447387782699931	0.745	0.562	1.09418913010265e-24
Csrp1	7.77315525482251e-28	0.530286244774002	0.793	0.674	1.5546310509645e-24
Nnmt	1.38513453242895e-27	0.460024539835726	0.736	0.661	2.7702690648579e-24
Cstb	1.54981846133998e-27	0.489925152938766	0.993	0.959	3.09963692267996e-24
Ifitm3	2.25111870062692e-27	0.295708417058228	1	0.953	4.50223740125383e-24
Tcf4	2.81694909357587e-27	0.300481447847329	0.902	0.761	5.63389818715174e-24
Hmgn1	1.21760595216863e-26	0.353637144293724	0.959	0.883	2.43521190433726e-23
Oat	2.56093551973014e-26	0.255676206958898	0.911	0.783	5.12187103946028e-23
Zfhx4	2.69232798055175e-26	0.395898013643221	0.691	0.5	5.38465596110351e-23
Wnt5a	2.69758332413322e-25	0.417083714190792	0.693	0.463	5.39516664826644e-22
Pdgfrb	4.53847188017842e-25	0.660523921551734	0.636	0.326	9.07694376035683e-22
Idh1	6.77465504507355e-25	0.338880719585079	0.874	0.731	1.35493100901471e-21
Cped1	7.48707453414959e-25	0.464334052548245	0.686	0.565	1.49741490682992e-21
Cdkn1c	1.79307384321189e-24	0.771391649732838	0.651	0.482	3.58614768642377e-21
Sox4	2.71975095485855e-24	0.282432225127452	0.813	0.684	5.4395019097171e-21
Gstm1	2.96899321207081e-24	0.293854588400622	0.782	0.59	5.93798642414162e-21
Abi3bp	4.02080157426741e-24	0.401241659218676	0.664	0.492	8.04160314853482e-21
Phlda3	6.24505070328367e-24	0.439170327816282	0.684	0.556	1.24901014065673e-20
Gna11	2.25068423654472e-23	0.399284591236357	0.725	0.561	4.50136847308943e-20
P3h4	3.53595633684638e-23	0.321017244340243	0.708	0.576	7.07191267369276e-20
Hk2	4.10399475372738e-23	0.591471587780918	0.972	0.847	8.20798950745477e-20
Ltbp1	5.2825204663122e-23	0.422652688223703	0.66	0.462	1.05650409326244e-19
Rhou	5.95933519519831e-23	0.258606208281015	0.797	0.696	1.19186703903966e-19
Egr1	6.20851139491593e-23	0.63426541132532	0.824	0.679	1.24170227898319e-19
Pcdh19	7.3779209611666e-23	0.40121691021537	0.61	0.339	1.47558419223332e-19
Lpar1	7.88518568659874e-23	0.468308933615741	0.684	0.599	1.57703713731975e-19
Map1b	1.08572154346081e-22	0.443715546262907	0.697	0.561	2.17144308692162e-19
Myof	1.28577755622225e-22	0.356135757524941	0.858	0.788	2.57155511244451e-19
Nckap1	1.44505488381689e-22	0.355998131115047	0.743	0.584	2.89010976763377e-19
Acsl4	1.51808477892985e-22	0.266292089131937	0.976	0.762	3.03616955785969e-19
Meis1	3.65080370608514e-22	0.374676675541377	0.678	0.525	7.30160741217027e-19
Ecm2	4.79974124136932e-22	0.378778553384685	0.612	0.284	9.59948248273864e-19
Adamts1	5.47639445835186e-22	0.637172889644451	0.643	0.378	1.09527889167037e-18
Tspan3	1.53798302214387e-21	0.2550101046926	0.817	0.679	3.07596604428774e-18
Rbfox2	1.94550533093701e-21	0.431599328362276	0.693	0.566	3.89101066187403e-18
Klf4	2.07486139040023e-21	0.617049946111578	0.819	0.714	4.14972278080046e-18
Bmpr1a	2.28441674362601e-21	0.398831369360479	0.693	0.568	4.56883348725202e-18
C4b	2.7573385320652e-21	0.543432100736622	0.791	0.782	5.5146770641304e-18
Hmgn3	6.06301619112198e-21	0.260406782984137	0.769	0.632	1.2126032382244e-17
Pkd2	1.18458506877794e-20	0.417345537411681	0.706	0.579	2.36917013755587e-17
Mif	1.47318381966015e-20	0.451787584350791	0.998	0.974	2.9463676393203e-17
Ppfibp1	2.37445226268334e-20	0.310592281073864	0.769	0.673	4.74890452536668e-17
Tspan4	3.47310219998693e-20	0.424244294874838	0.778	0.714	6.94620439997387e-17
Phlda1	4.23543852372729e-20	0.55317902567316	0.721	0.582	8.47087704745458e-17
Arrdc3	8.93638261605728e-20	0.277669051882015	0.784	0.586	1.78727652321146e-16
Tppp3	2.40328829122262e-19	0.396264313923212	0.745	0.644	4.80657658244524e-16
Pdgfrl	3.64998020291315e-19	0.288371141646115	0.601	0.409	7.29996040582631e-16
Mpp6	4.07930965242014e-19	0.351741577342398	0.858	0.791	8.15861930484028e-16
Adgra2	5.05422930933469e-19	0.530343876760126	0.645	0.586	1.01084586186694e-15
Anxa2	5.81511747028876e-19	0.418016652654472	0.993	0.96	1.16302349405775e-15
Ly6c1	9.27892196116883e-19	0.580619115155425	0.63	0.469	1.85578439223377e-15
Cxcl1	1.07516663224492e-18	0.973230521235103	0.612	0.437	2.15033326448984e-15
Auts2	1.0759943901112e-18	0.462360239828942	0.654	0.486	2.1519887802224e-15
Ace	1.42383620230081e-18	0.414406169763576	0.612	0.391	2.84767240460162e-15
Twsg1	1.76200646955757e-18	0.33779799436428	0.697	0.546	3.52401293911513e-15
Fmo1	2.16967489949503e-18	0.466480362018109	0.606	0.479	4.33934979899005e-15
Tcea3	6.00365306446784e-18	0.335381115232018	0.699	0.578	1.20073061289357e-14
Serpine2	6.94742406218172e-18	0.368623623697934	0.671	0.445	1.38948481243634e-14
Wnt4	1.580934463533e-17	0.345001952009198	0.645	0.463	3.161868927066e-14
Fmo2	2.65503269150175e-17	0.363854567333363	0.667	0.507	5.31006538300351e-14
Rora	4.87544976694375e-17	0.378305202193878	0.649	0.455	9.75089953388749e-14
Kcnq1ot1	5.34869769003497e-17	0.487153009891682	0.843	0.696	1.06973953800699e-13
Nr2f2	5.87098106262623e-17	0.357620843004751	0.658	0.49	1.17419621252525e-13
Gda	7.19619300832607e-17	0.254386544131601	0.983	0.899	1.43923860166521e-13
Eng	7.90353845935547e-17	0.27962114212456	0.702	0.623	1.58070769187109e-13
Sfxn1	8.78914552693972e-17	0.323179351443073	0.793	0.76	1.75782910538794e-13
Cttn	1.18046062536025e-16	0.370223317512848	0.678	0.609	2.3609212507205e-13
Penk	1.64409557135364e-16	0.727384027056319	0.584	0.442	3.28819114270727e-13
Gadd45g	1.01385632133693e-15	0.724696414900739	0.813	0.707	2.02771264267387e-12
Epn2	1.0925056951381e-15	0.324878224837648	0.636	0.444	2.18501139027621e-12
Trim47	3.97209704378323e-15	0.349909034989962	0.68	0.567	7.94419408756647e-12
Fgd5	6.01626091401794e-15	0.335846997132719	0.612	0.407	1.20325218280359e-11
Tns1	1.29843681937029e-14	0.276894658466566	0.671	0.512	2.59687363874059e-11
Zfp36l1	3.45162757547185e-14	0.356898749615092	0.972	0.927	6.90325515094369e-11
Fbln5	5.34211990136538e-14	0.339830863644191	0.597	0.343	1.06842398027308e-10
Nfkbiz	6.24387185625291e-14	0.318625971708097	0.917	0.699	1.24877437125058e-10
Nexn	6.70192535822718e-14	0.265925025927791	0.625	0.445	1.34038507164544e-10
Thbs1	8.97545612027901e-14	0.502400562337967	0.959	0.837	1.7950912240558e-10
Ackr3	1.43464183859578e-13	0.454967125882896	0.597	0.4	2.86928367719157e-10
Nucb2	1.9180618811252e-13	0.285000485019647	0.763	0.729	3.83612376225039e-10
Cdc42ep5	1.70002822633967e-12	0.323734186364529	0.627	0.412	3.40005645267935e-09
Fzd4	2.33817553199389e-12	0.372097599231595	0.621	0.508	4.67635106398778e-09
Pgam1	5.03610592102421e-12	0.265854279350822	0.998	0.944	1.00722118420484e-08
Syne1	7.98480376115789e-12	0.254966360788743	0.684	0.541	1.59696075223158e-08
Sned1	1.36845242917024e-11	0.524305554188266	0.577	0.484	2.73690485834049e-08
Fat1	1.48712855826056e-11	0.345880524214418	0.61	0.386	2.97425711652113e-08
Abca8a	1.03417482282847e-10	0.429133260651631	0.553	0.324	2.06834964565694e-07
Bhlhe40	1.26280160293992e-10	0.274929603415574	0.959	0.811	2.52560320587983e-07
Neat1	3.42196531966197e-09	0.488123900836502	0.983	0.896	6.84393063932394e-06
Rnd3	3.49670731536606e-09	0.285797744650002	0.749	0.684	6.99341463073212e-06
Tmem176a	1.81737135060855e-08	0.264227923395228	0.996	0.879	3.6347427012171e-05
Ier5l	3.20044908900144e-08	0.296834011131802	0.643	0.544	6.40089817800289e-05
Cacna2d1	3.6527248204819e-08	0.415003423789807	0.588	0.361	7.3054496409638e-05
Flnc	4.90719154325409e-08	0.2632500135961	0.61	0.48	9.81438308650818e-05
Tmem176b	1.40064979443964e-07	0.3327225361343	0.996	0.901	0.000280129958887927
Hsd11b1	1.7650955086314e-07	0.582597345357393	0.603	0.602	0.00035301910172628
Tgfb2	5.64706249814664e-07	0.354374906079594	0.593	0.418	0.00112941249962933
Zfp503	1.11407321988553e-06	0.276921186374494	0.603	0.528	0.00222814643977107
Fosb	4.20508797655453e-06	0.587237820727287	0.664	0.655	0.00841017595310905
F3	7.63777268469325e-06	0.429731120493345	0.564	0.513	0.0152755453693865
Ppp2r3a	7.96841131659391e-06	0.263090078152785	0.595	0.501	0.0159368226331878
