id	p_val	avg_log2FC	pct.1	pct.2	p_val_adj
Cd3g	1.6313292090243e-107	3.05000502791714	1	0.517	3.2626584180486e-104
Nkg7	1.59285567182917e-104	3.78852033804379	1	0.589	3.18571134365833e-101
Cd3e	5.2707640085689e-103	2.35707119509995	0.988	0.483	1.05415280171378e-99
Ms4a4b	5.1353993092936e-102	3.14739150824791	1	0.623	1.02707986185872e-98
Trbc2	6.00694210328699e-100	3.09585365317339	0.994	0.56	1.2013884206574e-96
Ctsw	1.72751915328815e-98	2.46869167265881	0.988	0.576	3.4550383065763e-95
Ccl5	2.19154532667947e-98	4.59534841409045	0.994	0.645	4.38309065335894e-95
Ptprcap	5.56540776679627e-98	2.30312736789402	0.994	0.574	1.11308155335925e-94
Klrd1	7.04447332050598e-98	2.82349539336405	0.994	0.641	1.4088946641012e-94
Cd3d	9.781217896621e-98	2.75403888572028	0.976	0.522	1.9562435793242e-94
AW112010	1.351995016354e-95	3.05361086207659	1	0.858	2.703990032708e-92
Cd2	1.00905117750776e-91	1.53890339784578	0.982	0.599	2.01810235501551e-88
Trac	2.43317090071812e-91	2.41175159925353	0.965	0.544	4.86634180143624e-88
Lck	3.20763299519571e-90	1.89057654879095	0.953	0.47	6.41526599039141e-87
Gimap1	1.80934559978578e-89	1.8678825359874	0.982	0.607	3.61869119957156e-86
Hcst	3.19801616254382e-89	2.26732234064813	1	0.781	6.39603232508764e-86
Cd8a	3.21196104336687e-89	2.05088152431616	0.947	0.425	6.42392208673375e-86
Il2rb	1.66219292333603e-88	2.26031412336602	0.976	0.585	3.32438584667206e-85
Sh2d2a	1.74098910191081e-88	1.76255187535627	0.971	0.565	3.48197820382162e-85
Gimap4	2.0800227766489e-87	1.98184368191514	0.971	0.529	4.16004555329781e-84
Sept1	5.68757067222225e-87	1.86847393686684	0.982	0.608	1.13751413444445e-83
Klrk1	1.22197968678499e-86	1.77166910137471	0.982	0.666	2.44395937356998e-83
Gzmb	8.37167865127209e-86	3.61819472435258	0.959	0.524	1.67433573025442e-82
Gimap3	3.58992200895873e-84	1.69799314526622	0.959	0.498	7.17984401791745e-81
Gimap7	5.30235519027457e-81	1.83855950313044	0.947	0.584	1.06047103805491e-77
Thy1	7.27550495927314e-81	1.78848544151113	0.988	0.534	1.45510099185463e-77
Skap1	8.38377658227312e-81	1.57093967715232	0.953	0.581	1.67675531645462e-77
Gzma	4.32476925628656e-80	4.9566966933708	0.941	0.531	8.64953851257312e-77
Ctla2a	1.590242542651e-78	1.61401228982954	0.982	0.641	3.18048508530201e-75
Gimap5	1.77976594705654e-78	1.58015712941098	0.953	0.584	3.55953189411307e-75
Gimap6	2.75815027318503e-78	1.69612397850577	0.953	0.467	5.51630054637007e-75
Gm19585	5.43692667109679e-78	1.24490011584393	0.947	0.578	1.08738533421936e-74
Lat	7.10234339549911e-77	1.373770387608	0.953	0.569	1.42046867909982e-73
Gm8369	7.40385119812972e-75	1.01111733119941	0.929	0.457	1.48077023962594e-71
Hopx	4.09307054185715e-73	1.47787064522331	0.982	0.688	8.1861410837143e-70
Bcl2	5.86377496836236e-73	1.56405243832908	0.959	0.56	1.17275499367247e-69
Ets1	3.06904891896047e-72	1.5768294552335	0.976	0.577	6.13809783792095e-69
Gstp3	3.12196426662346e-72	0.674654911251256	0.918	0.57	6.24392853324692e-69
Cd160	1.4089834396781e-69	1.50074827310883	0.876	0.439	2.81796687935621e-66
Ly6c2	5.97661442773425e-69	2.17535504159883	0.982	0.71	1.19532288554685e-65
Lag3	1.95310672667688e-66	1.48839500330362	0.888	0.532	3.90621345335377e-63
Ptpn22	3.79450852005054e-66	1.57160431952735	0.912	0.631	7.58901704010107e-63
Rgs16	5.98685649715722e-66	0.944758667891117	0.906	0.569	1.19737129943144e-62
Dusp2	3.97672050109474e-62	1.08719101905612	0.947	0.506	7.95344100218947e-59
Ablim1	7.69516090232844e-62	1.31769058445572	0.929	0.493	1.53903218046569e-58
Cxcr6	1.94802629874632e-60	1.67906732168235	0.894	0.538	3.89605259749263e-57
Cd52	3.02255481026884e-60	1.45935401617211	1	0.952	6.04510962053768e-57
Pdcd4	9.58856952440265e-60	1.28825572803917	0.947	0.657	1.91771390488053e-56
Prf1	3.75409847049973e-59	1.20431461271078	0.859	0.499	7.50819694099947e-56
Cst7	5.39015942632451e-59	1.29973784161716	0.888	0.635	1.0780318852649e-55
Satb1	3.59491705244078e-58	1.17854822941196	0.906	0.523	7.18983410488156e-55
Txk	8.3405881340849e-58	1.39579545363691	0.865	0.507	1.66811762681698e-54
Rgs1	5.70158196927601e-56	1.60345060590042	0.953	0.746	1.1403163938552e-52
Cd28	1.06496373776397e-55	0.751398303257888	0.876	0.468	2.12992747552794e-52
Hsd11b1	3.66633095327357e-55	0.690871508350666	0.894	0.597	7.33266190654713e-52
Nrgn	4.67646861532689e-55	0.919075183974505	0.835	0.403	9.35293723065378e-52
Ifi214	1.58643800292508e-54	0.48868069053833	0.876	0.557	3.17287600585017e-51
Ikzf3	1.78800497304337e-52	1.31619849248691	0.841	0.436	3.57600994608674e-49
Gimap9	3.8670051054407e-51	1.0972019118265	0.871	0.554	7.7340102108814e-48
Stat4	3.28617893329359e-50	1.14972677347062	0.865	0.607	6.57235786658718e-47
Car2	4.23441926432705e-48	1.24318915023901	0.829	0.498	8.4688385286541e-45
Pglyrp1	2.75454863634811e-47	0.810214451347758	0.871	0.559	5.50909727269621e-44
Cd27	1.0993446656859e-46	1.16292665851484	0.859	0.55	2.19868933137179e-43
Zap70	1.29130199332199e-46	0.949725361488635	0.829	0.5	2.58260398664399e-43
Id2	3.55264874875037e-46	1.43540455428589	0.976	0.789	7.10529749750074e-43
Cd37	1.2310333823214e-44	1.06731842840455	0.918	0.723	2.4620667646428e-41
Egr3	7.52278999289187e-44	0.289162483033422	0.806	0.398	1.50455799857837e-40
Runx3	1.28057725635616e-43	1.22329697638893	0.9	0.792	2.56115451271232e-40
Ltb	2.08801410165095e-43	1.19393137353696	0.871	0.659	4.17602820330191e-40
Dapk2	3.67946946697935e-42	1.08281929782686	0.782	0.48	7.3589389339587e-39
Isg20	9.90800507842141e-41	0.713996235514794	0.906	0.63	1.98160101568428e-37
Hist1h1e	2.02072674780173e-40	0.955964347646242	0.971	0.886	4.04145349560346e-37
Ly75	9.4640437076221e-40	0.25596529478581	0.835	0.512	1.89280874152442e-36
Itgal	1.91144638543729e-39	0.864020493837189	0.871	0.674	3.82289277087458e-36
Spn	2.07052691080754e-37	0.745420256235724	0.835	0.522	4.14105382161508e-34
Gm42418	2.34043127744954e-37	0.62189767791765	1	1	4.68086255489908e-34
Fhl2	3.1051780534543e-37	0.305661897097317	0.841	0.51	6.21035610690861e-34
Pglyrp2	6.55084091538219e-37	0.538440152782804	0.776	0.443	1.31016818307644e-33
Trbc1	2.94326002746686e-36	2.01302332384442	0.765	0.502	5.88652005493372e-33
Gpr171	9.83843093888153e-36	0.738025498589589	0.906	0.748	1.96768618777631e-32
Filip1	1.06679394750893e-33	0.250204020971231	0.8	0.421	2.13358789501787e-30
Cd247	2.19844823353454e-32	0.83465942410293	0.747	0.432	4.39689646706908e-29
Peli1	5.02569394627724e-32	0.919333364105642	0.865	0.667	1.00513878925545e-28
Fxyd5	3.30072786773212e-31	0.739351985182529	0.994	0.961	6.60145573546423e-28
Ccdc88c	4.04977625547909e-31	0.739014553416463	0.771	0.478	8.09955251095818e-28
BE692007	1.58548726831435e-30	0.559111291197076	0.824	0.565	3.1709745366287e-27
Tcrg-C2	1.67684442483084e-30	1.0372773007106	0.694	0.303	3.35368884966167e-27
Itk	2.25164522252461e-30	0.99235518519802	0.753	0.488	4.50329044504922e-27
Klk8	2.95695323291365e-30	0.873754605949451	0.771	0.6	5.91390646582729e-27
Gem	3.17793530864414e-30	0.424770351325414	0.847	0.569	6.35587061728829e-27
Pim2	1.44194801655683e-29	0.470103702092149	0.729	0.51	2.88389603311366e-26
Slc2a3	1.45861004956147e-29	0.391142460847947	0.753	0.444	2.91722009912295e-26
Gata3	5.86905506407581e-29	0.479332332559919	0.741	0.477	1.17381101281516e-25
Mgst2	6.9986020971873e-29	0.329850645183608	0.753	0.54	1.39972041943746e-25
Serpinb6b	2.0454875776794e-28	0.636636977225141	0.859	0.626	4.09097515535881e-25
Phgdh	2.86112462061476e-28	0.47668009539473	0.829	0.586	5.72224924122952e-25
Ccnd2	2.18061279239516e-27	0.855345105476579	0.918	0.66	4.36122558479031e-24
Vps37b	2.22723937589584e-27	0.890687301212816	0.853	0.738	4.45447875179167e-24
Hist1h4d	6.67305063098103e-27	0.650004106745083	0.912	0.812	1.33461012619621e-23
Tnfsf10	8.62830376591332e-27	0.759760311407373	0.741	0.523	1.72566075318266e-23
Cd7	1.60533238537698e-26	2.06125008929013	0.712	0.51	3.21066477075396e-23
Cyfip2	2.38779856896881e-26	0.757189563994559	0.788	0.595	4.77559713793761e-23
Prkcq	2.88053997323128e-26	0.618938527755946	0.735	0.41	5.76107994646257e-23
Hmgb2	1.32235727753237e-25	0.54122923135225	0.965	0.851	2.64471455506474e-22
Fyn	6.76481371551252e-25	0.727531076919359	0.888	0.779	1.3529627431025e-21
Dut	1.11030682003056e-23	0.44028016416512	0.888	0.658	2.22061364006112e-20
Trgv2	3.59846663082222e-23	1.09510902788471	0.665	0.299	7.19693326164444e-20
Gm45716	6.91431343462361e-23	0.66117852061763	0.794	0.645	1.38286268692472e-19
Pkp3	2.61853399353184e-22	0.725594630366033	0.776	0.642	5.23706798706367e-19
Tnfrsf18	5.08637446753297e-22	0.782798081319965	0.729	0.605	1.01727489350659e-18
Fam107b	6.23071882122503e-22	0.7945618672444	0.818	0.654	1.24614376424501e-18
Dennd4a	6.61350837411787e-22	0.682408782956417	0.841	0.675	1.32270167482357e-18
Cblb	5.10425326148663e-21	0.835256926769332	0.794	0.62	1.02085065229733e-17
Havcr2	1.75298753306784e-20	0.473419731438333	0.847	0.776	3.50597506613567e-17
Dnajc9	2.49952507508628e-20	0.426566256019819	0.847	0.682	4.99905015017255e-17
Ier5l	7.39963383183693e-20	0.292458605394135	0.794	0.544	1.47992676636739e-16
Bcl2l11	8.28023659756434e-20	0.897101989390198	0.847	0.723	1.65604731951287e-16
Sytl2	1.41578717166302e-19	0.505930976340474	0.676	0.37	2.83157434332604e-16
Srgn	2.15540658209744e-17	0.277641642140502	1	0.953	4.31081316419488e-14
Fasl	2.26411901236215e-17	0.65958413660549	0.671	0.418	4.52823802472431e-14
Lsp1	3.19049551770659e-17	0.43802819555616	0.959	0.876	6.38099103541319e-14
Cd96	3.48858895508855e-17	0.627925214163738	0.653	0.428	6.9771779101771e-14
Ccl4	6.14933164823887e-17	1.69203031819607	0.912	0.745	1.22986632964777e-13
Icos	2.51312637371227e-16	0.710684480590959	0.7	0.507	5.02625274742454e-13
Itgb7	7.50268991875158e-16	0.557000462210207	0.812	0.752	1.50053798375032e-12
Tcf7	1.03054357523589e-15	0.660721343109307	0.641	0.42	2.06108715047178e-12
Gimap8	1.08564782366106e-15	0.721095661999229	0.659	0.445	2.17129564732212e-12
Ly6a	1.28744807556068e-15	0.437384466772616	0.935	0.772	2.57489615112136e-12
Nabp1	1.57471176161663e-15	0.680925788056289	0.841	0.763	3.14942352323327e-12
S100a10	3.50654814159367e-15	0.529465114919888	0.988	0.969	7.01309628318735e-12
Slamf7	6.80982897561709e-15	0.579071376341544	0.765	0.698	1.36196579512342e-11
Gm15472	1.48418986274037e-14	0.756234184938286	0.653	0.52	2.96837972548074e-11
Stk26	2.71434008621107e-14	0.476800225076984	0.735	0.583	5.42868017242214e-11
Cnp	1.43155565032485e-13	0.394527973851222	0.882	0.696	2.8631113006497e-10
Ptp4a3	2.34335551079595e-13	0.416902892950511	0.8	0.63	4.68671102159191e-10
Serpinb9	5.76150294358255e-13	0.611929139314538	0.724	0.587	1.15230058871651e-09
Samsn1	1.20152477891447e-12	0.480978559520629	0.935	0.849	2.40304955782895e-09
Dusp5	1.38803251203763e-11	0.595378266855452	0.782	0.717	2.77606502407526e-08
Bcl11b	2.40241311476016e-11	0.741047252040589	0.629	0.429	4.80482622952032e-08
Lrmp	2.68136588190611e-11	0.606173491789978	0.712	0.721	5.36273176381223e-08
Jaml	8.75850121441566e-11	0.59733834633415	0.776	0.726	1.75170024288313e-07
Cytip	1.35657018717165e-10	0.411072395136818	0.824	0.823	2.7131403743433e-07
Inpp4b	1.50262568297232e-10	0.879129244093932	0.653	0.568	3.00525136594464e-07
Slc9a3r1	1.65590229942797e-10	0.348557179749006	0.924	0.844	3.31180459885595e-07
Atp2b4	3.11466796411067e-10	0.315172094567362	0.747	0.567	6.22933592822134e-07
Fam102a	5.97183897933052e-10	0.436874698654142	0.665	0.523	1.1943677958661e-06
Itga1	1.32502224564845e-09	0.391162448173001	0.735	0.565	2.6500444912969e-06
Traf1	3.13450437038279e-09	0.589874513265496	0.782	0.635	6.26900874076558e-06
Slamf1	3.22269332296175e-09	0.363808047336966	0.671	0.554	6.44538664592349e-06
Ikzf2	6.25088409512201e-09	0.726421908701384	0.588	0.429	1.2501768190244e-05
Mxd1	1.4883240779078e-08	0.374804222351164	0.894	0.784	2.9766481558156e-05
Irf8	5.322748725265e-08	0.3992828304227	0.9	0.851	0.0001064549745053
Nt5e	1.26683798224098e-07	0.637598327679903	0.6	0.505	0.000253367596448196
Cd200r4	1.49312198672124e-07	0.537406199939183	0.624	0.651	0.000298624397344248
Cd244a	2.30579880262227e-07	0.541508978027747	0.7	0.704	0.000461159760524453
Trdc	2.8530072054833e-07	1.04669811943621	0.576	0.492	0.00057060144109666
Gbp4	3.71829823969783e-07	0.307079861586637	0.835	0.739	0.000743659647939567
Ccl3	4.78773224577292e-07	0.563718935202577	0.712	0.593	0.000957546449154583
Pycard	7.11196098756825e-07	0.28669539811661	0.982	0.945	0.00142239219751365
Ogt	1.24755886675247e-06	0.276299542367798	0.829	0.718	0.00249511773350494
Dnmt1	1.58278783792042e-06	0.288668355810557	0.741	0.696	0.00316557567584083
Itgae	1.77641325462294e-06	0.561367891079034	0.582	0.559	0.00355282650924589
Tnfrsf9	3.06867864988158e-06	0.805860081378483	0.618	0.623	0.00613735729976317
Tespa1	3.70485006589657e-06	0.374740095273041	0.588	0.516	0.00740970013179313
Rgs2	5.27226369159348e-06	0.42441912454624	0.776	0.777	0.010544527383187
Errfi1	1.88352316464582e-05	0.391350945538045	0.706	0.614	0.0376704632929164
