id	p_val	avg_log2FC	pct.1	pct.2	p_val_adj
Cst3	1.45245219306548e-106	4.06681057438629	1	0.992	2.90490438613096e-103
Naaa	1.03183774659345e-105	2.88380104446569	1	0.811	2.06367549318691e-102
Itgae	1.26697146518098e-101	2.04071643663806	0.982	0.553	2.53394293036196e-98
Wdfy4	2.66223057079387e-99	2.03307100605258	0.988	0.656	5.32446114158773e-96
Plbd1	2.03118477549572e-97	2.19978073916514	1	0.88	4.06236955099145e-94
Irf8	1.20868896732317e-96	2.74477749903894	0.988	0.85	2.41737793464633e-93
Ppt1	1.44042374446319e-93	2.3432812774483	0.994	0.789	2.88084748892638e-90
Gm2a	8.92389672728447e-93	2.13032677036892	1	0.947	1.78477934545689e-89
Ckb	1.39553416110194e-92	2.51007651612115	1	0.839	2.79106832220389e-89
Cd24a	2.23611419318897e-91	2.05093662434649	0.982	0.662	4.47222838637795e-88
Clec9a	3.78751318429747e-87	1.45687050073321	0.945	0.588	7.57502636859494e-84
Ifi205	7.31516859786835e-86	1.92811303361073	0.988	0.758	1.46303371957367e-82
Rnase6	2.52637973332977e-84	1.71170193452865	0.982	0.671	5.05275946665954e-81
Sdad1	1.45757945712618e-83	1.64006158297386	0.982	0.775	2.91515891425236e-80
H2-Ab1	1.8400690122659e-81	1.90092337923318	1	0.906	3.68013802453179e-78
Jaml	2.76023477687558e-80	1.55294087239503	0.988	0.723	5.52046955375116e-77
Shtn1	4.39576429444079e-75	1.29454271605494	0.994	0.853	8.79152858888159e-72
Sept3	9.41092404825434e-75	1.45632128076164	0.909	0.676	1.88218480965087e-71
H2-Aa	2.16259989381522e-74	1.75317432717706	1	0.916	4.32519978763044e-71
Cd74	1.20402561661939e-71	1.68050198214593	1	0.966	2.40805123323878e-68
Lsp1	1.64945773711491e-71	1.58441193966763	1	0.876	3.29891547422983e-68
Cbfa2t3	1.04989057755675e-70	1.3467142149479	0.964	0.613	2.0997811551135e-67
H2-Oa	4.40297358462552e-69	1.21846556200801	0.903	0.638	8.80594716925104e-66
H2-Eb1	6.59071895139617e-69	1.72156119097392	1	0.914	1.31814379027923e-65
Tlr3	6.95351256659798e-68	1.3463783746403	0.903	0.541	1.3907025133196e-64
Id2	2.64614046546815e-67	1.61987552589941	0.994	0.789	5.29228093093631e-64
Rab7b	1.49737338336728e-66	1.1935359939701	0.964	0.626	2.99474676673456e-63
H2-DMb1	1.66464901119808e-66	1.43056836921044	1	0.868	3.32929802239616e-63
Atpif1	3.16363788942546e-64	1.20249052460286	1	0.98	6.32727577885093e-61
Ciita	7.4128596854835e-64	1.19846435911007	0.982	0.737	1.4825719370967e-60
Napsa	2.2813411507483e-62	1.23773732421139	0.976	0.803	4.56268230149659e-59
Gnb4	5.08739048592419e-61	1.02392776251075	0.927	0.539	1.01747809718484e-57
Slamf7	3.28613315441569e-60	1.01892770503095	0.897	0.696	6.57226630883138e-57
Tnni2	1.40189926616342e-58	1.16023865083014	0.867	0.621	2.80379853232683e-55
Pkib	4.81067648347164e-57	1.08405498942292	0.958	0.808	9.62135296694328e-54
Olfm1	6.21525585891324e-57	1.13522471451834	0.976	0.819	1.24305117178265e-53
Mycl	9.05988397443861e-55	0.735104562866353	0.782	0.48	1.81197679488772e-51
Bcl2a1d	9.08390403541567e-55	1.04834231046147	0.958	0.856	1.81678080708313e-51
Batf3	1.33917762336022e-54	1.13369786433517	0.939	0.702	2.67835524672045e-51
Rtl8a	1.00912655934753e-53	1.11992860024014	0.867	0.546	2.01825311869505e-50
Bcl2a1a	9.5617464596161e-52	1.26604828019584	0.97	0.835	1.91234929192322e-48
Asb2	2.62789404397078e-51	0.79804019675175	0.855	0.538	5.25578808794156e-48
Cd52	8.08449106233151e-51	1.10352813755099	1	0.952	1.6168982124663e-47
St3gal5	9.04914653948821e-51	0.866071891998851	0.873	0.572	1.80982930789764e-47
H2-Ob	1.37096630822554e-50	0.895607451927525	0.818	0.547	2.74193261645107e-47
Cycs	4.68580858426598e-50	1.10258579799861	0.988	0.97	9.37161716853195e-47
Rtl8b	1.92571791558628e-48	1.0316516968674	0.83	0.519	3.85143583117257e-45
Ece1	5.71203383055887e-48	0.890254804574199	0.939	0.673	1.14240676611177e-44
Psap	3.04472601241223e-47	0.990479774223685	1	0.983	6.08945202482446e-44
Klrk1	1.00312641309998e-44	0.542000940474445	0.891	0.667	2.00625282619997e-41
Itgb7	3.05779298173524e-43	0.684085895476299	0.945	0.75	6.11558596347049e-40
Kmo	1.07722993621828e-42	0.761309693654158	0.83	0.604	2.15445987243657e-39
Qpct	2.09052286187584e-41	0.972727888248589	0.812	0.585	4.18104572375167e-38
H2afz	8.68709709603183e-41	0.941416639894308	0.988	0.982	1.73741941920637e-37
Cyfip2	2.03701399645152e-40	0.629840738155754	0.873	0.594	4.07402799290303e-37
Actn1	3.62510906962386e-40	0.837347980744211	0.933	0.678	7.25021813924772e-37
Coro2a	4.17851088429464e-40	0.644135793685331	0.927	0.758	8.35702176858927e-37
Prelid2	3.46799839665858e-38	0.454592959904125	0.873	0.607	6.93599679331716e-35
Net1	2.21320080385293e-37	0.539268977111728	0.83	0.617	4.42640160770586e-34
Ifi30	6.06515586588353e-37	0.869306408871668	1	0.944	1.21303117317671e-33
Gpr171	7.35788529963146e-37	0.898474554086884	0.861	0.749	1.47157705992629e-33
Phf11a	2.10215798390898e-36	0.769651473889536	0.77	0.592	4.20431596781795e-33
Ear2	2.7704447077164e-36	0.473237075893895	0.721	0.529	5.5408894154328e-33
Ncoa7	3.93357755795514e-35	0.845226805312015	0.909	0.732	7.86715511591028e-32
Ppp1r14a	4.01042700362034e-35	0.479575520994018	0.782	0.534	8.02085400724069e-32
H2-DMb2	9.02897352996144e-35	0.659435122083237	0.818	0.666	1.80579470599229e-31
Tbc1d4	3.75183465200497e-34	0.848681484312666	0.8	0.594	7.50366930400995e-31
Dctpp1	4.69366073997351e-34	0.757533966223509	0.903	0.778	9.38732147994701e-31
Glipr1	2.17159529495383e-33	0.632911714920436	0.848	0.621	4.34319058990766e-30
Hfe	3.10526474286849e-33	0.872442037140185	0.927	0.783	6.21052948573698e-30
Rgs10	1.14883434800975e-32	0.797732338718932	0.982	0.831	2.2976686960195e-29
St8sia4	2.58350652669728e-30	0.765408176430239	0.903	0.704	5.16701305339457e-27
Trim35	3.03619731390927e-30	0.873095567523843	0.848	0.674	6.07239462781854e-27
Cystm1	5.67063538649776e-30	0.404000285498443	0.824	0.546	1.13412707729955e-26
Lgals3	4.53199210475011e-29	0.752743845190884	0.994	0.959	9.06398420950023e-26
Clec12a	7.1242544614848e-29	0.638471561947587	0.903	0.772	1.42485089229696e-25
Dpp4	1.20672229378615e-28	0.642448383996936	0.788	0.625	2.41344458757229e-25
Gpx1	1.40616692268518e-28	0.580254160875086	1	0.983	2.81233384537036e-25
Syngr2	1.44298989807064e-28	0.627661997772431	0.97	0.848	2.88597979614129e-25
Odc1	1.85234466852182e-28	0.794332149579354	0.939	0.829	3.70468933704363e-25
Dnase1l3	2.66421036596202e-28	0.993798597523169	0.745	0.574	5.32842073192405e-25
Mdh1	5.11855271376974e-28	0.64321352717797	0.982	0.914	1.02371054275395e-24
Cldnd1	2.56405472699959e-27	1.15994116972221	0.867	0.756	5.12810945399918e-24
Tspan13	1.09959046182049e-26	0.494896852547321	0.939	0.705	2.19918092364099e-23
Gpr4	3.31561492083124e-26	0.272356102568751	0.564	0.309	6.63122984166247e-23
Vwf	3.32241798949076e-26	0.269238403328419	0.752	0.722	6.64483597898152e-23
Fchsd2	3.38411997340893e-26	0.60424599016668	0.842	0.666	6.76823994681785e-23
Plcb4	3.98131185974521e-26	0.353112961268141	0.715	0.506	7.96262371949042e-23
Errfi1	1.4852218314588e-25	0.516982093021421	0.855	0.611	2.9704436629176e-22
Gsn	4.47849010533564e-25	0.499694898404526	0.982	0.879	8.95698021067128e-22
Cyb5a	7.82352572190329e-25	0.545902364081935	0.982	0.87	1.56470514438066e-21
Hist1h3e	1.27836328930436e-24	0.264814484333786	0.794	0.728	2.55672657860871e-21
Havcr2	2.13228208223496e-24	0.634520947195467	0.824	0.777	4.26456416446993e-21
Pmaip1	6.59797163876728e-24	0.703664546001337	0.794	0.64	1.31959432775346e-20
Rasgrp3	7.36678452996018e-24	0.306407232324934	0.733	0.545	1.47335690599204e-20
Gm6377	2.82226214049196e-23	0.546712546871423	0.8	0.658	5.64452428098392e-20
Gm9530	2.83357555787859e-23	0.295788203608	0.6	0.452	5.66715111575718e-20
Hspa1b	1.12390640654425e-22	0.8006419639757	0.818	0.681	2.2478128130885e-19
Anxa1	1.71136280312652e-22	0.574022678824236	0.976	0.868	3.42272560625304e-19
Hepacam2	3.39147833709432e-22	0.436436874209307	0.57	0.35	6.78295667418864e-19
Sdf2l1	1.15542860357628e-21	0.645990076609725	0.952	0.844	2.31085720715257e-18
Pim1	1.46017962062021e-21	0.569288449585942	1	0.965	2.92035924124043e-18
Cd83	3.29340929911776e-21	0.649514289058814	0.836	0.71	6.58681859823551e-18
Txn1	8.40238254999707e-21	0.63707652060133	0.982	0.98	1.68047650999941e-17
Cd300c2	1.39566679415479e-20	0.524524390329294	0.927	0.797	2.79133358830957e-17
Hspa1a	1.50270417793732e-20	0.705204935381943	0.8	0.634	3.00540835587463e-17
S100a11	6.95372769214114e-20	0.661787420132128	0.988	0.971	1.39074553842823e-16
Anpep	1.0586039706047e-19	0.450977169930924	0.745	0.651	2.11720794120941e-16
Ighm	2.60580823405369e-19	0.352980865623574	0.812	0.651	5.21161646810738e-16
Ifi211	3.03731811274098e-19	0.516021365689713	0.861	0.792	6.07463622548197e-16
Dbn1	5.52110969087989e-19	0.345892746001882	0.703	0.569	1.10422193817598e-15
Bcl11a	6.7402083142454e-18	0.382803273657733	0.655	0.562	1.34804166284908e-14
Crip1	1.13422230609076e-17	0.383306073560442	1	0.984	2.26844461218152e-14
Mpp6	1.10789800922509e-16	0.411567448321959	0.903	0.792	2.21579601845018e-13
Ldha	2.75640631387992e-15	0.382220039674972	1	0.987	5.51281262775984e-12
Tmpo	9.37508853595551e-15	0.313285284334565	0.903	0.675	1.8750177071911e-11
Cytip	1.1104032835656e-14	0.517392469641583	0.855	0.822	2.2208065671312e-11
Fgl2	1.47558389381182e-14	0.320481538605135	0.958	0.841	2.95116778762365e-11
Rgs2	2.12642039765621e-14	0.42190293662509	0.909	0.775	4.25284079531242e-11
Basp1	2.44058163136442e-14	0.38905603914099	0.964	0.897	4.88116326272884e-11
Ly75	4.0801511385761e-14	0.351044713934821	0.624	0.516	8.1603022771522e-11
Lmnb1	6.86951214612985e-14	0.375739089344517	0.848	0.779	1.37390242922597e-10
P2ry14	9.52616135639655e-14	0.447701057732663	0.733	0.734	1.90523227127931e-10
P2ry10	1.61607576699271e-13	0.501671273790337	0.655	0.62	3.23215153398542e-10
Itgb2	6.13392442445007e-13	0.356756845556855	0.952	0.876	1.22678488489001e-09
Adam8	1.54626724657561e-12	0.296416797692469	0.812	0.733	3.09253449315123e-09
Cd2ap	3.25839081230928e-12	0.35021125522012	0.958	0.898	6.51678162461856e-09
Fh1	5.09538875456002e-12	0.285494979566414	0.873	0.802	1.019077750912e-08
Pik3ap1	7.39776962785254e-12	0.359301865642464	0.77	0.688	1.47955392557051e-08
Cd180	1.52970770865619e-11	0.29388758291574	0.691	0.667	3.05941541731237e-08
Polr2l	3.84491080344707e-11	0.329337317512019	0.909	0.797	7.68982160689414e-08
Cnp	2.32676211872282e-10	0.284232160678853	0.77	0.698	4.65352423744565e-07
Cadm1	2.37848456802037e-10	0.376724062914809	0.594	0.472	4.75696913604075e-07
Gsto1	5.05715830162335e-10	0.28332159133818	0.855	0.804	1.01143166032467e-06
Scp2	1.11368624127296e-09	0.284113226458102	0.958	0.889	2.22737248254593e-06
Egr3	1.83376920102451e-09	0.472763087189344	0.497	0.402	3.66753840204901e-06
Chd7	2.00373087095194e-09	0.34126468666439	0.83	0.801	4.00746174190388e-06
Cdk2ap2	2.59031124911476e-09	0.363938588546646	0.958	0.88	5.18062249822952e-06
Itgax	5.57986626165156e-09	0.338227067120984	0.703	0.745	1.11597325233031e-05
Fdps	1.73744228645009e-08	0.504134566691955	0.776	0.745	3.47488457290018e-05
Sinhcaf	1.13995776653967e-07	0.381346816055098	0.63	0.629	0.000227991553307935
Malat1	1.66202285960835e-05	0.325877678680136	1	1	0.0332404571921671
