id	p_val	avg_log2FC	pct.1	pct.2	p_val_adj
C930	9.05155203646066e-88	2.57379544670969	0.831	0.076	1.02409259740516e-83
C1785	1.08586723800628e-78	2.51061254382313	0.881	0.099	1.2285501930803e-74
C1626	1.16512026594877e-75	2.48196408599742	0.814	0.087	1.31821706889444e-71
C2143	2.97750196154758e-75	3.18520847017136	0.847	0.094	3.36874571929493e-71
C1908	2.63372198936469e-71	2.4996963897979	0.814	0.095	2.97979305876722e-67
C1593	2.13148981649672e-70	2.54177684962468	0.831	0.1	2.41156757838439e-66
C1548	1.52216960745514e-66	2.02457571615829	0.729	0.078	1.72218269387474e-62
C339	2.04631051084274e-66	2.41578484338693	0.898	0.127	2.31519571196748e-62
C513	1.8534712644944e-64	1.76079499348321	0.898	0.133	2.09701738864897e-60
C863	2.24412395961906e-62	2.61088319539692	0.746	0.088	2.539001847913e-58
C675	9.8461742411402e-62	2.09609545079935	0.78	0.101	1.1139961536426e-57
C1891	9.67393735352455e-61	1.79425775455583	0.729	0.084	1.09450927217777e-56
C1348	1.07767381630731e-60	1.5618113314839	0.847	0.122	1.21928015577009e-56
C1965	2.81929782064519e-60	1.4691328771711	0.729	0.088	3.18975355427797e-56
C516	2.27142255133189e-59	2.44378234140236	0.729	0.088	2.5698874745769e-55
C732	2.29692185771811e-59	2.92356778438755	0.831	0.118	2.59873738982226e-55
C1816	2.17792045172433e-58	1.9609548931902	0.729	0.092	2.46409919908091e-54
C1394	9.0074118683097e-56	2.30038893332414	0.763	0.107	1.01909857878056e-51
C165	3.39321378156801e-55	2.00045478718567	0.712	0.091	3.83908207246604e-51
C1967	2.34098652670831e-54	2.51367463372534	0.746	0.103	2.64859215631778e-50
C1672	3.16924821748525e-54	1.63037172476153	0.763	0.113	3.58568743326281e-50
C126	4.38306875094522e-54	1.78835277866916	0.695	0.089	4.95900398481942e-50
C27	6.58080123927153e-54	1.97718772221447	0.78	0.116	7.4455185221118e-50
C1118	1.8048860415258e-53	3.04144629623874	0.746	0.107	2.0420480673823e-49
C1462	2.03115060281171e-52	1.60391118038715	0.695	0.091	2.29804379202117e-48
C1587	2.36290473981296e-52	1.58156895859451	0.831	0.145	2.67339042262439e-48
C279	3.18467710591464e-52	2.01068304645295	0.695	0.089	3.60314367763183e-48
C1147	1.03479886583126e-51	2.81956141823926	0.729	0.103	1.17077143680149e-47
C441	1.36608930865482e-51	1.94264413971925	0.712	0.095	1.54559344381207e-47
C858	2.75815478557305e-51	1.70889448474332	0.644	0.08	3.12057632439735e-47
C2246	4.39040728201121e-51	1.84413847872632	0.661	0.086	4.96730679886749e-47
C1603	5.89711701330415e-51	1.34716070324061	0.729	0.104	6.67199818885231e-47
C1006	6.9558652687206e-51	2.04820686974016	0.712	0.099	7.86986596503049e-47
C602	7.62036319844354e-51	1.75424564272961	0.814	0.138	8.62167892271902e-47
C1023	1.55896474393351e-50	2.23982516777059	0.831	0.15	1.76381271128637e-46
C2082	4.22971315071007e-50	1.56913940068615	0.746	0.109	4.78549745871337e-46
C629	8.02913672048966e-50	1.8265726916682	0.712	0.106	9.084165285562e-46
C999	1.52698919852958e-49	2.79934146584785	0.627	0.075	1.72763557921637e-45
C2325	1.83189143571491e-49	1.56485693415316	0.729	0.11	2.07260197036785e-45
C1238	1.92355049376346e-49	2.64546300518106	0.695	0.099	2.17630502864397e-45
C1670	1.95691066086938e-49	1.32561900221967	0.627	0.076	2.21404872170762e-45
C597	3.24426845770981e-49	1.93236187017853	0.729	0.104	3.67056533305288e-45
C1479	6.59575057721068e-49	1.2525635070248	0.695	0.097	7.46243220305617e-45
C786	7.20069101632726e-49	2.01081486160622	0.814	0.14	8.14686181587266e-45
C1887	7.70389606554371e-49	2.46017348902697	0.831	0.156	8.71618800855616e-45
C2285	4.92072384662285e-48	1.74430886649419	0.644	0.084	5.56730696006909e-44
C702	1.0226890888655e-47	1.54455610456982	0.644	0.085	1.15707043514243e-43
C1042	1.34580947942656e-47	2.30916609305008	0.763	0.122	1.52264884502321e-43
C342	2.47877787602502e-47	1.54102569712443	0.695	0.101	2.80448928893471e-43
C1288	6.98610417204044e-47	2.07361812400256	0.644	0.082	7.90407826024655e-43
C266	1.29779716259944e-46	2.44610282927219	0.661	0.095	1.468327709765e-42
C1177	1.54434562162737e-46	1.60855917093042	0.678	0.097	1.74727263630921e-42
C2239	1.98804752927416e-46	1.68316043939058	0.763	0.134	2.24927697462078e-42
C499	5.88999802250481e-46	2.29524483510845	0.678	0.1	6.66394376266194e-42
C738	6.96857995545113e-46	1.97198831629331	0.915	0.195	7.88425136159741e-42
C690	9.5792274114126e-46	2.50836100090742	0.695	0.104	1.08379378932722e-41
C1611	1.25530268323597e-45	1.74283249636027	0.712	0.111	1.42024945581317e-41
C693	1.43251121050576e-45	1.95905421547175	0.797	0.143	1.62074318356621e-41
C75	2.56217243610053e-45	1.71780707762444	0.831	0.16	2.89884189420414e-41
C1123	4.43845738511896e-45	2.03103478857666	0.831	0.161	5.02167068552359e-41
C1341	7.33475118205993e-45	1.91889876599852	0.661	0.092	8.29853748738261e-41
C144	8.87044503660104e-45	1.66863794729344	0.712	0.11	1.00360215144104e-40
C1066	9.40546418958852e-45	1.60011323726229	0.627	0.084	1.06413421841004e-40
C2125	1.0565929127671e-44	1.1237605631774	0.644	0.089	1.1954292215047e-40
C977	7.64679491098805e-44	1.3900530011882	0.627	0.086	8.65158376229188e-40
C2142	7.83935286937827e-44	2.15136619012182	0.797	0.157	8.86944383641457e-40
C2080	1.4124853451954e-43	2.33819754667672	0.695	0.111	1.59808591955408e-39
C517	1.53642178491355e-43	1.72663494856628	0.712	0.122	1.73830760745119e-39
C963	6.76862764842833e-43	1.65945491765981	0.661	0.1	7.65802532143181e-39
C254	1.36137220104915e-42	1.30875777652126	0.593	0.08	1.54025650826701e-38
C346	2.22712258013048e-42	1.51937745309185	0.627	0.093	2.51976648715962e-38
C276	3.35888815007852e-42	3.04878424517633	0.644	0.097	3.80024605299884e-38
C1821	9.01841019781172e-42	1.84848937738216	0.644	0.099	1.02034292978042e-37
C1675	1.31210550982658e-41	1.27251727786271	0.661	0.105	1.4845161738178e-37
C1449	1.42037068349269e-41	2.0168408382449	0.61	0.087	1.60700739130363e-37
C1250	3.57983606020253e-41	1.99472625675335	0.797	0.163	4.05022651851314e-37
C551	1.42641618200299e-40	1.56225953088079	0.627	0.095	1.61384726831819e-36
C890	3.93034016735635e-40	1.86670675268126	0.61	0.09	4.44678686534697e-36
C771	5.88756784793975e-40	1.95425266361373	0.881	0.207	6.66119426315903e-36
C877	1.14571047360858e-39	1.47627495011951	0.831	0.173	1.29625682984075e-35
C2130	1.14574964568265e-39	1.50197933683631	0.797	0.166	1.29630114912535e-35
C1304	1.54895349631234e-39	2.08220287038364	0.831	0.178	1.75248598572778e-35
C1290	2.29639266496007e-39	1.62639297069443	0.915	0.237	2.59813866113582e-35
C1764	2.66010950187913e-39	2.11450669748986	0.593	0.089	3.00964789042605e-35
C1938	4.8299922391173e-39	2.00232948331491	0.593	0.089	5.46465321933731e-35
C1844	5.66203992701012e-39	1.90582845207897	0.61	0.093	6.40603197341925e-35
C2	1.2905165125892e-38	1.59978949792704	0.678	0.119	1.46009038234342e-34
C2006	1.43317238802246e-38	1.32132606861544	0.61	0.093	1.62149123980862e-34
C132	2.65464152601564e-38	1.76993411715481	0.61	0.092	3.0034614225341e-34
C1665	3.68332917740425e-38	1.82980586976809	0.881	0.225	4.16731863131517e-34
C418	3.96426556701782e-38	2.42892617651059	0.644	0.107	4.48517006252397e-34
C216	8.79524053866731e-38	1.29223771392242	0.627	0.097	9.95093514544819e-34
C189	8.83500739946671e-38	1.74245955373829	0.661	0.118	9.99592737175663e-34
C1165	5.14905176558637e-37	1.57902630086054	0.746	0.157	5.82563716758442e-33
C2195	5.98593499267189e-37	1.90490762672275	0.915	0.248	6.77248685070898e-33
C1538	1.3861442308388e-36	0.996154339676559	0.678	0.124	1.56828358277102e-32
C706	1.41530467776731e-36	1.67426716498892	0.729	0.15	1.60127571242593e-32
C1260	1.46167458062179e-36	1.60704619584623	0.678	0.127	1.65373862051549e-32
C1481	1.75485281762863e-36	2.18145430085647	0.847	0.213	1.98544047786503e-32
C213	2.08080218751474e-36	1.49229330158788	0.627	0.107	2.35421959495418e-32
C1886	7.41943379062337e-36	2.14472590516875	0.627	0.112	8.39434739071128e-32
C179	7.56159960106617e-36	1.91146703105148	0.729	0.158	8.55519378864626e-32
C1745	7.87659135951888e-36	1.8980158847093	0.847	0.216	8.91157546415966e-32
C1334	1.47101627152181e-35	2.49817667009244	0.525	0.075	1.66430780959977e-31
C2301	1.95865566444333e-35	1.50535446704157	0.593	0.099	2.21602301875118e-31
C1018	2.42605921546522e-35	2.37088309926557	0.644	0.114	2.74484339637735e-31
C809	2.92134405645679e-35	1.80693993559388	0.576	0.092	3.30520866547521e-31
C160	9.64823600275661e-35	1.84636840396571	0.831	0.205	1.09160142135188e-30
C2257	1.04864178502279e-34	1.16551058717817	0.576	0.093	1.18643331557478e-30
C2345	1.35199671209612e-34	1.47729365243223	0.881	0.25	1.52964908006556e-30
C1567	2.89372841668777e-33	1.43590791579135	0.746	0.167	3.27396433064054e-29
C3078	1.78866062511156e-32	1.74260012433547	1	0.667	2.02369063125122e-28
C4133	2.40239875260896e-32	1.98987275601621	1	0.78	2.71807394870178e-28
C9367	2.88398341763171e-32	1.99579701406886	1	0.598	3.26293883870851e-28
C4228	4.79644249323513e-32	2.19349705955612	1	0.708	5.42669503684623e-28
C5237	4.92846010350301e-32	1.91704118870817	1	0.69	5.57605976110331e-28
C8518	5.61411652525574e-32	2.04958331961776	1	0.622	6.35181143667435e-28
C9978	1.1813493655158e-31	1.73150032666059	1	0.612	1.33657867214458e-27
C3330	1.61928583514993e-31	1.8558968597297	1	0.665	1.83205999388863e-27
C8767	1.9812783811857e-31	1.86605893987886	1	0.693	2.2416183604735e-27
C2295	4.04390893527233e-31	1.63719900080653	0.695	0.148	4.57527856936712e-27
C9951	5.69076545554782e-31	1.96195497611001	1	0.657	6.4385320364068e-27
C10216	8.4027970873375e-31	4.48190995291402	0.983	0.39	9.50692462461365e-27
C2177	1.893119452192e-30	2.38817059172305	0.559	0.098	2.14187534821003e-26
C2356	2.96141471687909e-30	1.0754403515154	0.525	0.088	3.350544610677e-26
C8792	3.53231845022939e-30	1.31585643578682	1	0.692	3.99646509458953e-26
C9351	4.31382812416107e-30	1.73053898211392	0.983	0.653	4.88066513967584e-26
C9425	4.58254324311942e-30	2.03795075437694	1	0.614	5.18468942526531e-26
C10134	5.29343156703091e-30	1.54804476825346	1	0.392	5.98898847493877e-26
C1347	5.73950737866934e-30	1.42300868928722	0.661	0.139	6.4936786482265e-26
C8713	6.18027076256382e-30	1.61570359784722	1	0.644	6.9923583407647e-26
C8452	9.94913081893262e-30	1.50577924248563	1	0.641	1.12564466085404e-25
C3782	1.1277044603961e-29	1.6728044611501	1	0.693	1.27588482649215e-25
C2646	1.44078066588726e-29	2.16980690987311	1	0.645	1.63009924538485e-25
C2431	1.64529382232499e-29	2.33967815517703	1	0.612	1.8614854305785e-25
C11295	1.74980353565478e-29	2.11046074211519	0.983	0.633	1.97972772023982e-25
C10644	1.96216877405086e-29	2.21930100164782	0.966	0.569	2.21999775096115e-25
C11171	2.16152015948416e-29	1.8894282722604	0.983	0.598	2.44554390844038e-25
C6577	2.26479834662547e-29	1.64268786800027	1	0.571	2.56239284937205e-25
C7209	2.53202084130122e-29	1.75831329800885	0.966	0.603	2.86472837984821e-25
C11116	3.19893828801342e-29	2.47605410355069	0.983	0.446	3.61927877905838e-25
C3006	3.83121151730976e-29	1.82833220754011	0.983	0.664	4.33463271068426e-25
C11277	5.86250602825005e-29	2.58485659639813	0.983	0.441	6.63283932036211e-25
C3403	6.14260121124396e-29	1.30804607196027	0.983	0.677	6.94973901040142e-25
C1411	6.40696956084671e-29	1.51832492718053	0.542	0.096	7.24884536114197e-25
C4198	7.58529178591259e-29	1.40162289553766	1	0.685	8.58199912658151e-25
C6401	9.43591537037785e-29	0.992471655366508	1	0.817	1.06757946500455e-24
C8828	9.65635806742008e-29	1.58244503954934	1	0.669	1.09252035174791e-24
C1683	9.76354567428649e-29	1.32370278450006	0.78	0.21	1.10464755758877e-24
C3823	9.78102682705244e-29	1.56850079125836	1	0.724	1.10662537521271e-24
C9772	9.93273816621059e-29	1.39377704962571	0.983	0.758	1.12378999612507e-24
C1822	1.07738006743103e-28	1.36527779522098	0.627	0.131	1.21894780829146e-24
C980	1.59330218174807e-28	1.7325001849707	0.78	0.211	1.80266208842977e-24
C6822	1.70461086034851e-28	1.76815521175266	1	0.533	1.92859672739831e-24
C7627	1.72651863676674e-28	1.05925503066794	1	0.624	1.95338318563789e-24
C2542	1.74424577692059e-28	1.25787945177793	1	0.619	1.97343967200795e-24
C10661	1.85761806176299e-28	2.29076653432146	0.966	0.57	2.10170907507865e-24
C3144	2.56994428038747e-28	2.31006243477632	0.983	0.604	2.90763495883039e-24
C6957	3.09438524459599e-28	1.37124645487132	1	0.585	3.50098746573591e-24
C201	3.68049420131949e-28	0.929082930663934	0.576	0.108	4.16411113937287e-24
C10064	3.9572002247447e-28	4.42044194684451	0.966	0.376	4.47717633427615e-24
C836	3.9640733442383e-28	1.56916119743873	0.763	0.208	4.48495258167121e-24
C3165	5.98200237645215e-28	1.78316545334339	0.966	0.661	6.76803748871796e-24
C6775	6.42022069167896e-28	2.25353151013078	0.966	0.595	7.26383769056558e-24
C9376	6.92625603405594e-28	2.75646845502885	0.949	0.642	7.83636607693088e-24
C11169	6.95745055443807e-28	2.44121396769572	0.966	0.424	7.87165955729124e-24
C6835	6.9960262926759e-28	1.616491437705	0.983	0.622	7.91530414753351e-24
C9721	7.89642986292636e-28	2.63498699826221	0.983	0.662	8.93402074691488e-24
C10943	8.02318539711321e-28	2.14955889527833	0.983	0.401	9.07743195829389e-24
C9472	8.67012069553383e-28	1.95805880778275	0.966	0.608	9.80937455492698e-24
C8412	8.84673851617915e-28	0.946250318122981	1	0.722	1.00091999572051e-23
C10923	9.44422454502847e-28	2.74127531841559	0.966	0.436	1.06851956502452e-23
C10175	1.44018736790702e-27	1.5681721256791	0.966	0.367	1.62942798805e-23
C7472	1.50022100472272e-27	1.72535013890611	1	0.567	1.69735004474329e-23
C10526	1.52672021243082e-27	4.38132450464042	0.966	0.37	1.72733124834423e-23
C11176	1.5839982421696e-27	2.16672540950445	0.966	0.433	1.79213561119068e-23
C7899	1.62970459310028e-27	2.01786417518214	0.983	0.734	1.84384777663366e-23
C8498	1.70908674905378e-27	1.61290376478834	0.966	0.645	1.93366074787944e-23
C1833	1.83581331247925e-27	1.15587565706278	0.746	0.2	2.07703918173902e-23
C6733	2.08844030473418e-27	2.71555223183767	0.949	0.612	2.36286136077626e-23
C10647	2.32585074603406e-27	1.6237792625116	0.983	0.597	2.63146753406293e-23
C966	2.45423801497291e-27	1.43159636579844	0.61	0.126	2.77672489014035e-23
C7582	2.65498037715473e-27	1.41153122585005	1	0.573	3.00384479871286e-23
C10726	2.78479769673856e-27	2.38516877563822	0.966	0.423	3.15072011409e-23
C11249	3.13828819576149e-27	2.51816043285914	0.966	0.437	3.55065926468455e-23
C10283	4.44860562087584e-27	4.24869587297531	0.966	0.369	5.03315239945892e-23
C7104	6.34362049573361e-27	1.46602716558473	0.983	0.513	7.17717222887301e-23
C6174	7.16267623899778e-27	1.83260684045298	0.949	0.698	8.10385189680209e-23
C1957	7.33865499158259e-27	1.57393468970642	0.593	0.126	8.30295425747654e-23
C11124	8.44913635710295e-27	1.17823459436415	0.966	0.615	9.55935287442628e-23
C10598	8.59590278245101e-27	1.84168120773558	0.949	0.588	9.72540440806508e-23
C10882	9.34329900258717e-27	1.45293808394447	0.966	0.502	1.05710084915271e-22
C7546	1.03030247880764e-26	1.83527266637482	0.949	0.655	1.16568422452296e-22
C10110	1.09488447237585e-26	4.96944930441477	0.949	0.378	1.23875229204604e-22
C10186	1.76329060521363e-26	1.71674769743364	0.949	0.392	1.9949869907387e-22
C2189	2.10741881164024e-26	1.08829304378576	0.644	0.152	2.38433364348977e-22
C7294	2.32073217797623e-26	1.91254571875973	0.966	0.603	2.62567638616231e-22
C11250	2.62609558891032e-26	2.56705961670993	0.949	0.407	2.97116454929313e-22
C10820	2.68397359245276e-26	2.71977255046299	0.949	0.428	3.03664772250105e-22
C9002	2.71465752841465e-26	1.74405894179171	0.932	0.657	3.07136352764834e-22
C9341	3.22999605513379e-26	2.09197394814899	0.966	0.637	3.65441753677837e-22
C3564	3.34246488035327e-26	1.90720926580209	0.983	0.589	3.78166476563168e-22
C7666	3.7034141062705e-26	1.66044648228078	0.966	0.592	4.19004271983445e-22
C9934	4.12365767867106e-26	1.08178388961068	1	0.645	4.66550629764844e-22
C2347	4.35493213713281e-26	1.59685333010959	0.864	0.304	4.92717021995206e-22
C9140	4.42559091272209e-26	1.58932314441898	0.966	0.647	5.00711355865377e-22
C10513	4.65634744840282e-26	2.10607044996613	0.949	0.385	5.26819150312295e-22
C11159	5.16888851030112e-26	2.04487713659682	0.983	0.462	5.84808046055468e-22
C6545	5.22309956634424e-26	1.48254742973194	0.983	0.614	5.90941484936187e-22
C11120	5.46329765100505e-26	1.54725018813904	0.949	0.442	6.18117496234711e-22
C9811	5.67423122427528e-26	0.810759105457147	1	0.607	6.41982520714505e-22
C11193	5.76056781311693e-26	1.64383241626693	0.949	0.545	6.51750642376049e-22
C11219	6.32487641858888e-26	2.37410215895535	0.932	0.427	7.15596517999145e-22
C10577	7.42625315552236e-26	1.24028980090352	0.966	0.608	8.402062820158e-22
C332	8.93001475575444e-26	0.586360092571709	0.61	0.128	1.01034186946606e-21
C10802	9.27954636489366e-26	2.72379885356772	0.949	0.41	1.04988787572407e-21
C6623	1.05344283143687e-25	2.22457543536196	0.966	0.61	1.19186521948768e-21
C3590	1.09774657929529e-25	1.74930808674944	0.949	0.688	1.24199047981469e-21
C4051	1.22097371460693e-25	1.83940030967789	0.949	0.7	1.38140966070628e-21
C7454	1.23283380332128e-25	1.25181374861236	1	0.504	1.39482816507769e-21
C9398	1.24465692571244e-25	1.56511316663086	0.966	0.685	1.40820484575105e-21
C2218	1.29331565522654e-25	1.16218733506952	0.661	0.165	1.46325733232331e-21
C6905	1.31275641555534e-25	2.42603845242165	0.949	0.632	1.48525260855931e-21
C9172	1.33836575771559e-25	1.84063273699573	0.983	0.7	1.51422701827941e-21
C8368	1.40797022587657e-25	1.82121665869636	1	0.599	1.59297751355675e-21
C7221	1.5027562296969e-25	1.99570359822671	0.966	0.554	1.70021839827908e-21
C10034	1.70593408822786e-25	1.17421786543678	0.983	0.436	1.930093827421e-21
C10455	1.8714081468311e-25	4.37487649582488	0.949	0.371	2.1173111773247e-21
C6975	1.90764035483162e-25	1.34979436299318	0.983	0.608	2.1583042974565e-21
C6515	1.97301460354596e-25	0.937037661828979	0.966	0.564	2.2322687224519e-21
C8178	2.0209177580253e-25	1.7232732922805	0.949	0.622	2.28646635142982e-21
C9116	2.21963817068856e-25	1.87674716669958	0.949	0.613	2.51129862631704e-21
C6716	2.27380260805715e-25	1.74119863962487	0.983	0.533	2.57258027075586e-21
C9519	2.94679483722769e-25	1.74572916678113	0.966	0.617	3.33400367883941e-21
C8377	3.78027288066814e-25	1.71783377540886	0.949	0.58	4.27700073718793e-21
C11015	3.83574662606291e-25	1.86507739992639	0.949	0.561	4.33976373272758e-21
C9959	4.41586647964722e-25	1.13581054701616	0.983	0.672	4.99611133507287e-21
C9104	4.54427683966074e-25	1.20160627977605	0.966	0.621	5.14139481639216e-21
C7189	4.73254870255307e-25	1.42233982609127	1	0.633	5.35440560206855e-21
C669	5.36550616385969e-25	1.29604256251153	0.508	0.094	6.07053367379086e-21
C8307	5.87974301178803e-25	1.38938532087216	0.983	0.764	6.65234124353697e-21
C10510	6.98261648444398e-25	3.57675281190327	0.932	0.363	7.90013229049992e-21
C3329	7.28454025487039e-25	1.75949338550682	0.966	0.593	8.24172884436036e-21
C7924	7.30171955448232e-25	1.76045191315294	0.966	0.619	8.26116550394129e-21
C11258	7.76938858405142e-25	1.74280969845646	0.932	0.537	8.79028624399577e-21
C8528	9.0211803241852e-25	2.21421827925767	0.966	0.665	1.02065634187831e-20
C9183	1.09315664804938e-24	0.694351998850762	0.983	0.713	1.23679743160307e-20
C8707	1.11919960611533e-24	1.53063293481416	0.949	0.62	1.26626243435888e-20
C710	1.45312166286575e-24	1.7634031615109	0.695	0.191	1.64406184936631e-20
C5073	1.51875931214945e-24	1.27647243591472	0.966	0.664	1.71832428576589e-20
C11138	1.54264829937318e-24	1.55311170203229	0.949	0.437	1.74535228591081e-20
C8044	1.65740340923236e-24	2.22857687219108	0.915	0.649	1.87518621720549e-20
C10183	1.79542432378914e-24	1.37004724157247	0.949	0.444	2.03134307993504e-20
C10807	1.81320786643958e-24	1.53185405783465	0.949	0.499	2.05146338008974e-20
C453	1.86281734908712e-24	1.1489309307099	0.542	0.117	2.10759154875717e-20
C7204	2.01569536461858e-24	1.71341274722451	0.949	0.64	2.28055773552946e-20
C7266	2.18372144401572e-24	1.97223713313923	0.932	0.637	2.47066244175938e-20
C6734	2.58671102472431e-24	2.13832788509561	0.949	0.63	2.92660485337309e-20
C2771	2.61114646419171e-24	0.781182468519052	0.983	0.732	2.9542511095865e-20
C6704	2.69213970488412e-24	0.837059265012456	1	0.633	3.0458868621059e-20
C9368	2.69847205396845e-24	0.697388032437498	0.983	0.738	3.05305128185991e-20
C11003	2.79615798019115e-24	1.87139223034605	0.932	0.577	3.16357313878827e-20
C8773	3.57572479850019e-24	0.878129139144764	0.949	0.638	4.04557503702312e-20
C6901	3.8996882589249e-24	1.38254431874969	0.932	0.651	4.41210729614763e-20
C7655	4.39393244163351e-24	1.48660300378599	0.966	0.645	4.97129516446415e-20
C8061	5.42216589083131e-24	1.73812799509029	0.949	0.599	6.13463848888655e-20
C9954	5.46026262974826e-24	1.41565138761708	0.949	0.554	6.17774113929719e-20
C9651	5.52434686131161e-24	1.08229582159994	0.983	0.639	6.25024603888796e-20
C7385	5.57615014546537e-24	1.61991430340816	0.983	0.547	6.30885627457952e-20
C9342	6.02216753656433e-24	1.67426324972831	0.949	0.666	6.81348035086888e-20
C7895	6.03635571711227e-24	1.5258129921271	0.966	0.545	6.82953285834082e-20
C1471	6.78967421084938e-24	1.54074049344701	0.712	0.205	7.68183740215499e-20
C4632	7.78056232919108e-24	0.989768317642365	0.966	0.677	8.80292821924679e-20
C11094	8.01377233065317e-24	2.47453185788496	0.932	0.423	9.066782014901e-20
C10602	9.30697596691794e-24	1.75147469073857	0.949	0.475	1.0529912608971e-19
C7971	1.00458593259629e-23	1.19410853799783	0.966	0.754	1.13658852413945e-19
C11096	1.00975938276007e-23	2.31612488482147	0.932	0.403	1.14244176565474e-19
C11129	1.07661111029099e-23	2.48442299114363	0.932	0.425	1.21807781018323e-19
C7065	1.09206216040876e-23	1.60850325161414	0.983	0.543	1.23555912828647e-19
C8535	1.24623427736085e-23	1.55996518871016	0.949	0.657	1.40998946140606e-19
C10963	1.26846345533885e-23	2.3063342049334	0.915	0.411	1.43513955337037e-19
C10759	1.4032013865504e-23	1.56252234516886	0.949	0.573	1.58758204874312e-19
C9049	1.45183155823457e-23	1.41377318937394	0.966	0.666	1.6426022249866e-19
C7612	1.54164673468812e-23	1.81377553587526	0.932	0.597	1.74421911562614e-19
C8915	1.61465138557284e-23	1.95883739065728	0.949	0.651	1.82681657763711e-19
C9862	1.61838498461406e-23	1.12997467833975	0.966	0.539	1.83104077159235e-19
C11254	1.65900192294113e-23	1.73547284064693	0.932	0.606	1.8769947756156e-19
C10687	1.68919370835943e-23	2.34746484902212	0.915	0.414	1.91115376163786e-19
C7684	1.8416799986034e-23	1.59929344476748	0.949	0.6	2.08367675041989e-19
C8229	1.96904172450993e-23	1.82133872027947	0.932	0.629	2.22777380711053e-19
C10245	2.31631729247938e-23	1.65780566376342	0.932	0.428	2.62068138471118e-19
C10165	2.70684457210437e-23	1.5774961229278	0.932	0.391	3.06252394887889e-19
C8561	2.79318227493285e-23	1.77736265484191	0.949	0.624	3.16020642585903e-19
C6580	2.83884537644099e-23	1.55927238087553	0.932	0.642	3.21186965890534e-19
C2466	2.84537322698437e-23	1.0747446548399	0.966	0.669	3.21925526901012e-19
C7681	3.18411284372863e-23	3.58954349123406	0.966	0.547	3.60250527139457e-19
C10642	3.27618442431732e-23	1.73795864937491	0.932	0.528	3.70667505767261e-19
C1812	3.28082764902985e-23	1.27749889910538	0.61	0.152	3.71192840211238e-19
C6739	3.36430132376493e-23	1.34474954556364	0.966	0.675	3.80637051770765e-19
C9894	3.62034476830656e-23	1.68319999547236	0.966	0.588	4.09605807086204e-19
C7779	3.86899101835507e-23	1.49558720537603	0.932	0.595	4.37737643816693e-19
C11049	3.95406153050476e-23	2.27576085249887	0.932	0.416	4.47362521561309e-19
C7351	4.09687786075873e-23	1.56289765457884	0.949	0.596	4.63520761166243e-19
C10039	4.10264240879538e-23	2.00558882529206	0.915	0.37	4.64172962131109e-19
C9771	4.18212631026654e-23	1.57690812416335	0.949	0.621	4.73165770743557e-19
C9926	4.35792678602684e-23	1.42852473105537	0.932	0.697	4.93055836571077e-19
C7711	4.64573661499954e-23	1.83354012294422	0.949	0.601	5.25618640621048e-19
C9935	4.71019201220758e-23	1.22549604109794	0.966	0.652	5.32911124261165e-19
C7557	4.7967768169744e-23	1.77751106225524	0.932	0.606	5.42707329072483e-19
C7539	4.81906385079708e-23	1.22135163255371	0.966	0.53	5.45228884079182e-19
C10865	5.17524537355174e-23	1.50424109795023	0.949	0.567	5.85527261563644e-19
C9000	5.23203547250943e-23	1.40886942235625	0.966	0.654	5.91952493359717e-19
C10716	5.31092047490217e-23	1.79668384879336	0.932	0.494	6.00877542530432e-19
C9516	5.36507299491267e-23	0.888450386616036	0.966	0.573	6.0700435864442e-19
C8448	5.52626097688375e-23	1.28502277129345	0.932	0.627	6.25241166924628e-19
C3566	5.53924695756786e-23	1.03269779172548	0.983	0.688	6.26710400779227e-19
C10892	5.61851094906276e-23	2.81679561964389	0.915	0.41	6.3567832877696e-19
C8164	5.86430702033836e-23	1.03437883803607	0.966	0.484	6.63487696281082e-19
C11041	6.2884717586078e-23	1.42713949866927	0.932	0.396	7.11477694768887e-19
C8676	7.10112663304507e-23	1.3624049990341	0.949	0.671	8.03421467262719e-19
C7849	7.61957233611244e-23	1.78882182852782	0.932	0.596	8.62078414107762e-19
C10589	7.86636829572776e-23	2.43957184787233	0.932	0.412	8.90000908978639e-19
C8439	8.97469586168515e-23	1.1821386409087	0.949	0.755	1.01539708979106e-18
C9565	9.32723267869088e-23	2.84302690915492	0.932	0.644	1.05528310526709e-18
C7257	9.54195730107134e-23	2.27846422198186	0.949	0.557	1.07957704904321e-18
C10991	9.76620963494029e-23	1.65630609893861	0.932	0.556	1.10494895809714e-18
C8276	1.10073216775501e-22	1.60002195451166	0.915	0.588	1.24536837459802e-18
C69	1.10569208435163e-22	1.20191473252017	0.593	0.143	1.25098002423543e-18
C10015	1.28200891221282e-22	1.14474628432765	0.949	0.469	1.45046488327758e-18
C8117	1.34337400066695e-22	1.35339240376106	0.983	0.758	1.51989334435458e-18
C6997	1.70289716752568e-22	2.04462883956739	0.949	0.578	1.92665785533856e-18
C9575	1.73003578755157e-22	0.771723755565999	0.983	0.683	1.95736249003585e-18
C9713	1.9061528743565e-22	0.703265787470163	0.983	0.701	2.15662136204694e-18
C9406	1.93633265756052e-22	2.42889996942707	0.932	0.649	2.19076676876398e-18
C8971	2.40347127534228e-22	1.5830227136349	0.949	0.625	2.71928740092226e-18
C3000	2.40888048166566e-22	0.784235069504943	0.983	0.668	2.72540737695653e-18
C10766	2.64564433829537e-22	1.57628533461725	0.915	0.584	2.99328200434738e-18
C7050	2.72569765611246e-22	2.23850111505183	0.915	0.616	3.08385432812564e-18
C7428	2.78133093590926e-22	1.35595560584296	0.932	0.676	3.14679782088773e-18
C8251	2.81269893553179e-22	1.95251979068051	0.915	0.612	3.18228757566067e-18
C8206	2.9681812165261e-22	1.57581899801654	0.915	0.573	3.35820022837763e-18
C7504	3.08370343312417e-22	1.9352391546796	0.915	0.615	3.48890206423669e-18
C7864	3.09736769832744e-22	1.41479615190601	0.932	0.624	3.50436181388766e-18
C10857	4.14655047436004e-22	2.49291682879637	0.898	0.403	4.69140720669095e-18
C8507	4.77024991707444e-22	1.65114616818575	0.949	0.709	5.39706075617802e-18
C7200	4.86704298360191e-22	2.40591108100639	0.966	0.664	5.5065724316472e-18
C11012	5.5238612939377e-22	2.1829316273027	0.932	0.59	6.24969666796112e-18
C10568	5.86453143735967e-22	2.06133381975564	0.915	0.406	6.63513086822873e-18
C7726	5.86918838138032e-22	1.4738011058375	0.932	0.599	6.6403997346937e-18
C8197	6.06888887599496e-22	1.58796931798307	0.949	0.605	6.8663408743007e-18
C7579	7.10738669850519e-22	1.66845259922862	0.932	0.624	8.04129731068877e-18
C8272	7.63117677407024e-22	1.89957724399327	0.949	0.663	8.63391340218307e-18
C6810	8.48927541852907e-22	1.86960318033049	0.983	0.641	9.6047662085238e-18
C7177	9.31799128813877e-22	1.42777174559476	0.932	0.665	1.05423753434002e-17
C7433	1.00248382881312e-21	1.43639175805979	0.898	0.621	1.13421020391917e-17
C9028	1.08086178123474e-21	1.34365351245221	0.966	0.669	1.22288701928899e-17
C9261	1.0832354117993e-21	1.71562966214264	0.915	0.65	1.22557254490973e-17
C10997	1.10686008842198e-21	1.56350486616893	0.915	0.525	1.25230150404063e-17
C9711	1.16529637819813e-21	0.887712573118206	0.983	0.653	1.31841632229336e-17
C8266	1.19662861462942e-21	1.31178044052597	0.932	0.681	1.35386561459173e-17
C7451	1.88056319273325e-21	1.68790047548002	0.932	0.568	2.1276691962584e-17
C10530	1.89722270191837e-21	1.30473298386381	0.932	0.453	2.14651776495044e-17
C10721	1.92494782726432e-21	1.40397095893539	0.915	0.403	2.17788597176686e-17
C8414	1.95220233385151e-21	1.55751090230853	0.915	0.647	2.2087217205196e-17
C9967	2.02222870732569e-21	0.746162705281099	0.966	0.666	2.28794955946828e-17
C7095	2.1317581485747e-21	1.96804582184293	0.915	0.62	2.41187116929742e-17
C9143	2.33763003745212e-21	1.64851535278016	0.915	0.619	2.64479462437333e-17
C8278	2.49132909314096e-21	1.99112403763476	0.915	0.6	2.81868973597968e-17
C6727	2.53542861132245e-21	1.25726280956929	0.949	0.528	2.86858393085022e-17
C7216	2.54099332225969e-21	1.71562193841537	0.898	0.565	2.87487984480461e-17
C7863	2.55761237027697e-21	1.84779793764134	0.915	0.6	2.89368263573136e-17
C10899	2.65312544038244e-21	2.79888249678709	0.881	0.55	3.0017461232487e-17
C9118	2.65489744287583e-21	1.04629900583442	0.932	0.613	3.00375096686971e-17
C6801	2.66640068192529e-21	1.56313341359967	0.898	0.606	3.01676573153027e-17
C9685	2.67827677244479e-21	0.962339854144741	0.949	0.634	3.03020234034403e-17
C8805	2.68415335547334e-21	1.02296483859886	0.966	0.647	3.03685110638253e-17
C9256	2.70778750963305e-21	1.13329933565936	0.966	0.671	3.06359078839884e-17
C9775	2.74964363688957e-21	1.04742455970285	0.932	0.59	3.11094681077686e-17
C10556	2.90811641537748e-21	1.62781279334582	0.898	0.437	3.29024291235808e-17
C9311	2.92960940724462e-21	1.79777152130694	0.915	0.64	3.31456008335656e-17
C8716	3.51330392885111e-21	2.19141539325812	0.915	0.63	3.97495206510214e-17
C10069	3.57844224444623e-21	1.09424855073886	0.949	0.428	4.04864955536646e-17
C9091	3.74286245781888e-21	1.929302693673	0.915	0.6	4.23467458477628e-17
C11048	3.79933437782791e-21	2.37422711496451	0.915	0.428	4.2985669150745e-17
C11018	3.85132457043362e-21	1.52273159899763	0.898	0.549	4.35738861898859e-17
C8871	3.91870108421443e-21	3.04463616055957	0.932	0.675	4.4336184066802e-17
C10929	4.02613218918726e-21	1.39206191234926	0.915	0.408	4.55516595884647e-17
C8979	4.18380064832269e-21	1.66254554007005	0.949	0.717	4.73355205351229e-17
C11253	4.47327243381163e-21	1.32763894649348	0.915	0.392	5.06106043161448e-17
C8432	5.66240926540938e-21	1.84417981441917	0.915	0.623	6.40644984288418e-17
C8859	6.607023771319e-21	2.68281370816965	0.915	0.663	7.47518669487032e-17
C479	7.23733214644037e-21	1.26546020423272	0.559	0.144	8.18831759048264e-17
C11293	8.11087772688647e-21	0.97874144936045	0.932	0.585	9.17664706019935e-17
C9327	8.87076704603884e-21	1.95517844050892	0.915	0.625	1.00363858358883e-16
C7336	8.96775892611788e-21	1.26810949980979	0.949	0.726	1.01461224490098e-16
C7341	9.36395255323347e-21	1.79109813727315	0.898	0.603	1.05943759187283e-16
C6666	9.46534067313006e-21	1.4280435656498	0.932	0.582	1.07090864375793e-16
C7073	9.52717556176885e-21	1.91667751573395	0.915	0.566	1.07790464305853e-16
C7735	9.58946283949039e-21	1.25643301206253	0.915	0.669	1.08495182565994e-16
C10883	1.13425783279139e-20	1.32190114122395	0.898	0.597	1.28329931202018e-16
C10926	1.27306921409073e-20	1.83899938855763	0.898	0.534	1.44035050882226e-16
C5234	1.28325560921428e-20	1.49193568883106	0.898	0.648	1.45187539626504e-16
C11260	1.29930132353041e-20	0.871219468240658	0.932	0.616	1.4700295174423e-16
C5047	1.31119906038922e-20	0.334571676878045	0.983	0.762	1.48349061692437e-16
C6987	1.38072138636987e-20	1.39583530690737	0.898	0.586	1.56214817653888e-16
C7468	1.3866992858609e-20	1.48057127080877	0.949	0.531	1.56891157202302e-16
C10881	1.41782062379616e-20	1.14747287808083	0.932	0.614	1.60412225376298e-16
C9200	1.4444918044946e-20	2.25810658962157	0.915	0.645	1.63429802760519e-16
C9678	1.48874400637817e-20	2.20727980663291	0.915	0.624	1.68436496881626e-16
C11142	1.51426965753738e-20	2.41073942197078	0.898	0.431	1.71324469053779e-16
C9076	1.74534904841632e-20	1.07973434198	0.949	0.728	1.97468791337822e-16
C6723	1.82582269868525e-20	1.33690524124623	0.949	0.532	2.06573580129249e-16
C8830	1.8336755528617e-20	0.942084960683384	0.932	0.66	2.07462052050773e-16
C7407	2.06321399971433e-20	2.26905613313949	0.898	0.589	2.33432031927679e-16
C9397	2.1625310680611e-20	1.78931900600684	0.915	0.649	2.44668765040433e-16
C1361	2.17702688038417e-20	0.789639069080214	0.695	0.212	2.46308821246665e-16
C9561	2.23338864261554e-20	0.806116976245085	0.966	0.653	2.52685591025522e-16
C8238	2.29150567744203e-20	1.74247634647071	0.915	0.768	2.59260952345792e-16
C6741	2.38148304200096e-20	2.21291125236945	0.915	0.662	2.69440991371988e-16
C10640	3.0654346878704e-20	1.67615418851222	0.898	0.581	3.46823280585657e-16
C9254	3.11043799400858e-20	1.94851745491657	0.932	0.717	3.5191495464213e-16
C7836	3.40180296591759e-20	2.37407462177909	0.898	0.617	3.84879987563917e-16
C8600	3.40180307526651e-20	1.11164064266655	0.949	0.708	3.84879999935653e-16
C7850	3.55744424151589e-20	0.984885850857132	0.949	0.583	4.02489241485108e-16
C11055	3.75488739044421e-20	3.03577359832155	0.898	0.558	4.24827959354858e-16
C9010	4.12885393964426e-20	1.96075505450614	0.915	0.691	4.67138534731352e-16
C9430	4.42882250976942e-20	0.854337160289744	0.932	0.655	5.01076978755312e-16
C7890	4.8522286190464e-20	1.82370750624721	0.932	0.609	5.4898114595891e-16
C8142	4.87286685526261e-20	1.42476741700574	0.949	0.602	5.51316156004412e-16
C11174	4.89166013758096e-20	1.34899740441917	0.898	0.5	5.53442427965909e-16
C9751	5.12739774603211e-20	0.998650397840892	0.949	0.726	5.80113780986073e-16
C9098	5.16004896677137e-20	2.7297532899391	0.915	0.574	5.83807940100513e-16
C10007	5.87561975750308e-20	1.76351819668982	0.898	0.379	6.64767619363898e-16
C10621	6.10959726089819e-20	1.40888701271771	0.898	0.53	6.91239834098021e-16
C6517	6.63898584295108e-20	0.970201846030796	0.949	0.567	7.51134858271485e-16
C1427	6.77359357671706e-20	1.1151853825268	0.627	0.177	7.66364377269768e-16
C7378	7.02892165663062e-20	1.83113444628122	0.898	0.569	7.95252196231188e-16
C9615	7.19409449830069e-20	1.56500891003187	0.898	0.636	8.1393985153774e-16
C6790	8.07997535486642e-20	0.868655188013648	0.949	0.653	9.14168411649587e-16
C9407	8.49950253614209e-20	0.756496432672463	0.983	0.65	9.61633716939116e-16
C7618	9.26656184450419e-20	1.64310775225381	0.898	0.631	1.0484188070872e-15
C7215	9.76690794313409e-20	1.67645990915612	0.881	0.584	1.10502796468619e-15
C7281	1.2026942859887e-19	1.97039912295014	0.898	0.591	1.36072831516761e-15
C7330	1.21545524911795e-19	1.93162778750753	0.915	0.578	1.37516606885205e-15
C10852	1.27708637281581e-19	1.7472947332299	0.864	0.457	1.44489552220381e-15
C8908	1.28902979879109e-19	0.995816015587166	0.932	0.67	1.45840831435224e-15
C2018	1.58318106878241e-19	0.688004212747843	0.695	0.22	1.79121106122041e-15
C9768	1.58623353217085e-19	1.06271594663784	0.966	0.664	1.7946646182981e-15
C7517	1.71029137273186e-19	1.24827649474748	0.915	0.595	1.93502365910883e-15
C10238	1.77212573285232e-19	3.57273805232271	0.966	0.649	2.00498305414911e-15
C6645	1.91854502414051e-19	1.65700587568042	0.881	0.567	2.17064184031257e-15
C10798	1.96573569449046e-19	1.15197035900641	0.915	0.432	2.2240333647465e-15
C8661	2.13402282057796e-19	1.75843609458349	0.898	0.634	2.4144334192019e-15
C717	2.54032815750251e-19	1.07938585439704	0.915	0.405	2.87412727739834e-15
C83	3.08418760125827e-19	0.332725620192743	0.864	0.312	3.4894498520636e-15
C10272	3.23160463435578e-19	1.60495200757057	0.864	0.368	3.65623748331013e-15
C10856	3.5135629227344e-19	1.10725942851004	0.898	0.609	3.9752450907817e-15
C9614	3.79557324697099e-19	0.979749563277052	0.966	0.726	4.29431157162298e-15
C10368	4.0097792247196e-19	1.2235793942478	0.915	0.462	4.53666421484775e-15
C8479	4.20079347361485e-19	0.92231778513318	0.915	0.706	4.75277773604784e-15
C3668	4.42371404922584e-19	0.38755506582764	0.983	0.758	5.00499007529412e-15
C9042	4.46044981127002e-19	0.629648785008402	0.949	0.66	5.0465529164709e-15
C9812	4.79501435676022e-19	1.40605971990672	0.949	0.631	5.42507924323851e-15
C11100	5.51573305441339e-19	1.14662821492117	0.881	0.567	6.24050037776331e-15
C9619	5.99159584077194e-19	0.767755341352309	0.983	0.681	6.77889153424937e-15
C2810	6.43933879711406e-19	0.435075672802589	0.966	0.685	7.28546791505485e-15
C8597	6.53277536313646e-19	1.49418390532303	0.915	0.632	7.39118204585259e-15
C7010	7.04935259791074e-19	1.19217855109382	0.932	0.762	7.97563752927621e-15
C10138	7.38925390243935e-19	0.802737572342471	0.932	0.487	8.36020186521988e-15
C10796	7.77544947807259e-19	1.18637031449886	0.915	0.606	8.79714353949133e-15
C9125	7.78002550790782e-19	0.485792502060362	0.949	0.592	8.8023208596469e-15
C1488	7.91974613620681e-19	1.30531937387803	0.61	0.185	8.96040077850438e-15
C9405	8.44568003067862e-19	0.728006201679401	0.966	0.651	9.55544238670979e-15
C11089	9.21820091872445e-19	1.69747218752444	0.898	0.562	1.04294725194448e-14
C10837	9.34957665102015e-19	1.15305569558246	0.898	0.577	1.05781110229642e-14
C2748	9.55097285541924e-19	1.19508154127469	0.949	0.702	1.08059706886213e-14
C8888	1.03236671304726e-18	0.873595763748082	0.915	0.624	1.16801969914167e-14
C6747	1.04725938501888e-18	0.845256428946947	0.966	0.789	1.18486926821036e-14
C7723	1.05149811428017e-18	1.44548101498489	0.881	0.594	1.18966496649658e-14
C6664	1.09994896349069e-18	1.03863877503532	0.932	0.794	1.24448225729337e-14
C10977	1.18578186852884e-18	1.51066038148178	0.898	0.589	1.34159360605353e-14
C8043	1.20589477162271e-18	1.69754932910122	0.898	0.762	1.36434934461394e-14
C7571	1.34639828812701e-18	1.43978320749349	0.915	0.628	1.52331502318689e-14
C8660	1.37133827183362e-18	0.88861790346435	0.949	0.731	1.55153212075256e-14
C10502	1.44443331474456e-18	0.803310882538419	0.983	0.668	1.634231852302e-14
C10975	1.53022553687684e-18	1.90421423662053	0.881	0.57	1.73129717242246e-14
C1382	1.53114440070534e-18	0.939513133437534	0.508	0.123	1.73233677495803e-14
C8677	1.75798962889986e-18	0.481639324782532	0.966	0.694	1.9889894661373e-14
C4480	2.02655748787509e-18	1.75608670797525	0.881	0.692	2.29284714178188e-14
C8852	2.06809419360052e-18	0.883031138544094	0.932	0.721	2.33984177063963e-14
C8154	2.17124323513445e-18	0.93887563156052	0.932	0.6	2.45654459623111e-14
C10956	2.18814446691687e-18	1.61163766064302	0.881	0.463	2.47566664986975e-14
C9364	2.31671476091322e-18	0.530138160028253	0.949	0.602	2.62113108049721e-14
C11216	2.50096183447231e-18	1.57031018864355	0.881	0.468	2.82958821952198e-14
C8929	2.51723743872541e-18	0.910158463663542	0.915	0.707	2.84800243817392e-14
C7777	2.89408409423243e-18	1.66375080190394	0.915	0.633	3.27436674421457e-14
C10113	3.56594135117537e-18	1.09613692747727	0.915	0.482	4.03450604471981e-14
C9073	3.70146982531195e-18	1.45843096551269	0.898	0.721	4.18784296035794e-14
C2148	3.79436216887886e-18	0.622113898418515	0.78	0.275	4.29294135786955e-14
C7192	3.93188505050317e-18	1.12038685765676	0.949	0.561	4.44853474613928e-14
C7184	4.36528235549621e-18	1.3608544262316	0.915	0.671	4.93888045700841e-14
C9399	4.50788572720307e-18	1.05700483559968	0.966	0.743	5.10022191175755e-14
C10047	4.55498553984882e-18	1.36887919841069	0.898	0.599	5.15351063978496e-14
C6579	4.9239410823164e-18	1.89404432947304	0.864	0.567	5.57094694053278e-14
C2269	5.30948275052102e-18	0.842012832666371	0.644	0.212	6.00714878393948e-14
C7894	5.44314690559699e-18	1.86363713921648	0.864	0.607	6.15837640899244e-14
C2553	5.62077345075127e-18	0.541657016232784	0.966	0.693	6.35934308217998e-14
C10826	5.81175481041482e-18	1.06291171697967	0.898	0.594	6.57541939250333e-14
C7874	6.53091830943903e-18	0.962412820363578	0.932	0.775	7.38908097529932e-14
C9067	6.7972542597041e-18	1.65580897530977	0.898	0.696	7.69041346942922e-14
C11030	6.98684831051847e-18	1.18676029604042	0.898	0.606	7.9049201785206e-14
C7347	7.1738922257949e-18	1.96199749175779	0.898	0.534	8.11654166426434e-14
C6923	7.99002073466856e-18	0.498833048008754	0.932	0.696	9.03990945920401e-14
C3209	9.18561225601589e-18	1.04223575508086	0.915	0.639	1.03926017064564e-13
C8354	9.48276505683769e-18	0.834481771568893	0.949	0.656	1.07288003853062e-13
C11070	9.68785041782635e-18	1.60948288422975	0.864	0.6	1.09608339627287e-13
C8696	9.9661629670371e-18	1.41285787915094	0.898	0.652	1.12757167809058e-13
C8669	1.01460740226696e-17	0.982009523446601	0.915	0.608	1.14792681492484e-13
C11025	1.16124754963084e-17	1.18156189084547	0.898	0.671	1.31383547765233e-13
C10011	1.26401336763151e-17	2.44254478157954	0.847	0.379	1.43010472413829e-13
C7463	1.35814379399488e-17	1.46660752901407	0.881	0.588	1.53660388852581e-13
C8112	1.36083165552657e-17	1.57053602021907	0.864	0.577	1.53964493506277e-13
C6913	1.38531800394235e-17	0.943781399109344	0.949	0.682	1.56734878966037e-13
C10894	1.43207683064991e-17	1.00061638789157	0.898	0.605	1.6202517261973e-13
C10751	1.53431538404448e-17	1.34858192354164	0.881	0.509	1.73592442550793e-13
C8711	1.5973147819164e-17	0.395230518897976	0.915	0.624	1.80720194426021e-13
C7448	1.74919860528613e-17	0.687306594195993	0.983	0.622	1.97904330202073e-13
C9609	1.79110996950972e-17	0.73825203468988	0.966	0.696	2.02646181950329e-13
C10096	1.82215217666624e-17	2.81518288725966	0.864	0.376	2.06158297268019e-13
C1595	1.85265241110644e-17	0.674745006545467	0.695	0.213	2.09609093792583e-13
C2600	1.94959131047502e-17	0.584067798969562	0.983	0.663	2.20576760867144e-13
C9309	2.25091184689849e-17	0.968363563070542	0.898	0.69	2.54668166358095e-13
C7363	2.28211707447973e-17	0.611040189768755	0.915	0.61	2.58198725806637e-13
C8169	2.37363564399614e-17	1.0604721548416	0.932	0.771	2.68553136761724e-13
C7767	2.43984370310739e-17	2.19698941460703	0.898	0.506	2.7604391656957e-13
C9213	2.4494495402208e-17	0.551452147713231	0.983	0.808	2.77130720980581e-13
C8470	2.46852708887528e-17	1.72468399065943	0.864	0.617	2.79289154835349e-13
C3129	2.53759830291048e-17	0.384776845054021	0.966	0.691	2.87103871991292e-13
C6559	2.70210106004523e-17	1.01309322304854	0.932	0.773	3.05715713933517e-13
C9693	3.09951420090272e-17	1.1359156998419	0.932	0.652	3.50679036690134e-13
C10794	3.49223627119779e-17	1.07033453718115	0.932	0.729	3.95111611723318e-13
C2972	3.82095354486357e-17	0.570137958856242	0.949	0.706	4.32302684065864e-13
C10479	4.26934314700911e-17	1.50799610864906	0.864	0.384	4.83033483652611e-13
C9876	4.28718471186573e-17	0.932031270184672	0.898	0.733	4.85052078300488e-13
C10543	4.87442107069144e-17	0.856694201114967	0.898	0.481	5.5149199993803e-13
C8624	5.45761114372707e-17	0.797334259382493	0.898	0.625	6.17474124801281e-13
C7569	5.54312494513535e-17	1.40217500112232	0.881	0.672	6.27149156292613e-13
C10799	6.01166651594824e-17	1.51768675019374	0.847	0.562	6.80159949614384e-13
C6689	6.87515847179573e-17	0.832712608666013	0.915	0.687	7.77855429498969e-13
C8832	8.42365729477257e-17	1.00318208757056	0.932	0.695	9.53052586330568e-13
C10657	8.60983305795438e-17	1.60087417836753	0.864	0.45	9.74116512176959e-13
C8688	8.62118552712912e-17	1.01926486051771	0.949	0.686	9.75400930539388e-13
C362	1.12538643895354e-16	0.898347421758294	0.763	0.319	1.27326221703203e-12
C10427	1.33223193016184e-16	0.753247696804531	0.932	0.653	1.50728720578511e-12
C11288	1.3374799321406e-16	2.18715623850984	0.847	0.457	1.51322479522387e-12
C11207	1.59550676521363e-16	1.38982558666199	0.847	0.478	1.8051563541627e-12
C9046	1.69268778000556e-16	0.835523267218893	0.932	0.665	1.91510695429829e-12
C1377	1.70237031642072e-16	0.735859941591408	0.542	0.149	1.92606177599841e-12
C10103	1.74918636878489e-16	0.837101323654334	0.915	0.473	1.97902945764323e-12
C9742	1.80985091317398e-16	2.17937012010856	0.898	0.691	2.04766532316504e-12
C11085	1.82900288688326e-16	1.20411544503558	0.864	0.432	2.06933386621972e-12
C7797	1.83422493643321e-16	1.62957743898739	0.847	0.602	2.07524209308053e-12
C7803	1.90566120917249e-16	1.05097002995346	0.898	0.597	2.15606509205775e-12
C8353	1.90566405543228e-16	1.80700121688099	0.898	0.582	2.15606831231608e-12
C9117	1.99501820037698e-16	0.726986026779941	0.949	0.766	2.25716359190651e-12
C6520	2.09248729572698e-16	1.05002899885522	0.949	0.783	2.36744012638551e-12
C10734	2.12876927499535e-16	2.52473349315051	0.847	0.434	2.40848955772974e-12
C8748	2.22412304660407e-16	0.554838475844701	0.932	0.691	2.51637281492784e-12
C7828	2.2411410619528e-16	0.970106466306801	0.898	0.524	2.53562699749339e-12
C6342	2.52193695422132e-16	0.364241305596168	0.966	0.719	2.853319470006e-12
C8746	2.71089134090299e-16	0.882873347570494	0.915	0.725	3.06710246309764e-12
C9197	2.83183945227399e-16	1.5438638765967	0.864	0.604	3.20394315630279e-12
C6513	2.83196742232416e-16	1.31816863279899	0.932	0.709	3.20408794161755e-12
C9597	3.48222886423641e-16	1.00350167972599	0.932	0.731	3.93979373699707e-12
C9416	3.56899489300588e-16	0.710187480692259	0.932	0.583	4.03796082194685e-12
C10792	4.03407414522603e-16	1.50223382879368	0.847	0.509	4.56415148790873e-12
C10824	4.22636696603137e-16	1.43483741834833	0.847	0.507	4.78171158536789e-12
C9001	4.26298614440372e-16	1.04364040110323	0.864	0.645	4.82314252377837e-12
C918	4.64350090276474e-16	0.972861748221269	0.508	0.133	5.25365692138803e-12
C7560	4.8647599338355e-16	0.783601968447722	0.949	0.645	5.50398938914148e-12
C8553	4.8647599338355e-16	0.597447530314614	0.932	0.674	5.50398938914148e-12
C2111	5.1384436080566e-16	0.796261997276368	0.492	0.131	5.81363509815524e-12
C9149	5.36520995440266e-16	0.584760116035994	0.915	0.679	6.07019854241117e-12
C10954	6.27793276958017e-16	1.55864766925865	0.864	0.571	7.102853135503e-12
C8341	6.72187809252909e-16	0.883996175581318	0.932	0.768	7.60513287388741e-12
C7503	7.07089703720632e-16	1.24462514018951	0.915	0.774	8.00001290789523e-12
C9960	7.38224799899631e-16	0.873497940920456	0.898	0.707	8.35227538606442e-12
C8702	7.47966017165917e-16	1.22475071234999	0.898	0.704	8.46248751821518e-12
C7220	7.55001472873782e-16	0.93857193099628	0.915	0.718	8.54208666409397e-12
C8725	7.9112365396657e-16	1.68400718383027	0.831	0.629	8.95077302097777e-12
C7643	7.9261058651397e-16	1.54143071614054	0.864	0.591	8.96759617581906e-12
C54	8.17543201635381e-16	0.572210684055563	0.61	0.197	9.2496837833027e-12
C10784	8.27770900357914e-16	1.22987108248523	0.847	0.48	9.36539996664944e-12
C1315	8.35297318777376e-16	0.612404850254125	0.881	0.423	9.45055386464724e-12
C8649	8.44685957070141e-16	0.622036446856736	0.898	0.613	9.55677691829158e-12
C11244	8.87956726569219e-16	1.40097199649508	0.831	0.538	1.00463424044041e-11
C420	9.07290471071697e-16	0.70048195123993	0.814	0.382	1.02650843897052e-11
C11201	9.22724673528368e-16	1.24410278219772	0.847	0.467	1.04397069563e-11
C8791	9.36072603289111e-16	0.937657256093246	0.915	0.744	1.0590725433613e-11
C1185	9.74334020854613e-16	1.01333594761462	0.61	0.204	1.10236151119491e-11
C1452	1.02279846840808e-15	0.924582453058731	0.424	0.1	1.1571941871569e-11
C3614	1.08057667791574e-15	0.492838973855904	0.932	0.658	1.22256445339387e-11
C9066	1.11739942682248e-15	1.46359941606258	0.847	0.623	1.26422571150695e-11
C10860	1.11967115817237e-15	2.35269189007313	0.831	0.478	1.26679594835622e-11
C10724	1.18526332698685e-15	0.637332284661509	0.915	0.462	1.34100692815292e-11
C9962	1.19926368288212e-15	0.700404257728229	0.915	0.643	1.35684693081283e-11
C8263	1.27749473315475e-15	0.968354498987215	0.881	0.587	1.44535754109129e-11
C9352	1.28224882367286e-15	0.694967499650823	0.932	0.656	1.45073631910347e-11
C7053	1.31114953683796e-15	0.786516731600682	0.932	0.738	1.48343458597846e-11
C8024	1.36327561050428e-15	0.38402682871532	0.932	0.745	1.54241002572455e-11
C9370	1.39138904460204e-15	0.440090456072395	0.932	0.794	1.57421756506275e-11
C7825	1.40952319142648e-15	1.49807173769611	0.847	0.591	1.59473453877992e-11
C10471	1.6111273557377e-15	2.67158888063748	0.847	0.374	1.82282949028163e-11
C3031	1.77670724010857e-15	0.293327398533513	0.949	0.637	2.01016657145884e-11
C9187	1.98492740547969e-15	0.620497100928522	0.881	0.693	2.24574686655972e-11
C8019	2.05574166575699e-15	0.729889240724132	0.915	0.723	2.32586612063746e-11
C10291	2.12828400220594e-15	0.778420819052038	0.847	0.469	2.4079405200958e-11
C7794	2.22532225749352e-15	0.637294748970948	0.949	0.637	2.51772960212817e-11
C10413	2.3449273568995e-15	1.487177439095	0.847	0.397	2.6530508115961e-11
C10158	2.48577215186536e-15	0.639239651680793	0.881	0.48	2.81240261262047e-11
C7495	2.57815812702277e-15	1.62022108577452	0.847	0.599	2.91692810491356e-11
C6736	2.6454633893288e-15	1.00416124092387	0.898	0.689	2.99307727868661e-11
C10447	2.70407587663582e-15	1.00957670379299	0.881	0.515	3.05939144682577e-11
C11022	2.81064569484753e-15	1.06076559654037	0.864	0.505	3.17996453915049e-11
C7369	2.9643762536554e-15	0.614196645600069	0.932	0.533	3.35389529338572e-11
C633	3.24112720379601e-15	0.835445088011611	0.627	0.229	3.6670113183748e-11
C7999	3.27877613227537e-15	1.06340276050824	0.881	0.676	3.70960731605635e-11
C1935	3.58770091795139e-15	0.410735412954883	0.712	0.269	4.0591248185702e-11
C10960	3.85805149854998e-15	2.07532382035026	0.847	0.614	4.36499946545945e-11
C8126	3.93672700123481e-15	1.14975528832389	0.881	0.719	4.45401292919706e-11
C3075	4.78487212567127e-15	0.522584383085974	0.949	0.714	5.41360432298448e-11
C9589	5.09028012924464e-15	0.76726281985722	0.881	0.707	5.75914293822738e-11
C11117	5.62701374627377e-15	4.24721590872031	0.831	0.547	6.36640335253414e-11
C8471	6.62292563782277e-15	0.37713270849008	0.949	0.689	7.49317806663268e-11
C10582	6.65667412125563e-15	2.14333081749526	0.847	0.595	7.53136110078862e-11
C8639	6.73177109178559e-15	0.428990045082889	0.966	0.792	7.61632581324621e-11
C4987	7.23721805819574e-15	0.367707309807436	0.932	0.712	8.18818851104266e-11
C8463	7.42280347524433e-15	0.880598272955982	0.898	0.769	8.39815985189143e-11
C1598	9.23896653145342e-15	0.281161156013805	0.864	0.38	1.04529667336864e-10
C6912	9.7826424854683e-15	1.58911181105117	0.915	0.598	1.10680817080588e-10
C6976	9.81792875564129e-15	0.382892632954276	0.915	0.805	1.11080045941326e-10
C11300	9.9587064797882e-15	0.824112456801287	0.847	0.628	1.12672805112324e-10
C8155	1.07226566073445e-14	1.20970674935789	0.864	0.747	1.21316136855496e-10
C9071	1.13981450612506e-14	0.849522792703858	0.864	0.614	1.28958613222989e-10
C7935	1.16673397050828e-14	1.0797689193438	0.915	0.775	1.32004281423307e-10
C9887	1.16673397050828e-14	0.321135328402644	0.966	0.766	1.32004281423307e-10
C8055	1.28310780701236e-14	1.16967590633582	0.881	0.698	1.45170817285378e-10
C11237	1.29415156503314e-14	0.674164859827888	0.881	0.629	1.4642030806785e-10
C9304	1.34189440988466e-14	0.390667239575805	0.915	0.63	1.51821933534351e-10
C7992	1.43884822323542e-14	1.80144826957988	0.814	0.585	1.62791287976855e-10
C9230	1.5791269970497e-14	0.83565719093078	0.864	0.738	1.78662428446203e-10
C10665	1.61207539059659e-14	4.07220351961517	0.847	0.448	1.82390209692098e-10
C8350	1.68096825123974e-14	0.926798843318611	0.915	0.517	1.90184747945265e-10
C10020	1.9971336954047e-14	0.777702108221557	0.864	0.641	2.25955706298087e-10
C8012	2.20743912184398e-14	1.53283134989623	0.847	0.604	2.49749662245428e-10
C7583	2.25100199838036e-14	0.976750315408126	0.881	0.758	2.54678366096754e-10
C8382	2.58511389453753e-14	1.15734049415346	0.898	0.696	2.92479786027976e-10
C7542	2.76510192328592e-14	0.875113341107134	0.881	0.59	3.12843631600569e-10
C11305	2.94168390849874e-14	1.80522553747584	0.831	0.543	3.32822117407548e-10
C1966	2.96913128276319e-14	0.786838972030679	0.576	0.193	3.35927513331828e-10
C7964	3.27655121677561e-14	0.667706086310507	0.898	0.8	3.70709004665993e-10
C11121	3.28162536598777e-14	1.50926557303674	0.814	0.458	3.71283093907856e-10
C8618	3.45467784590724e-14	0.405847787052721	0.949	0.783	3.90862251485945e-10
C9391	3.78625794429827e-14	0.55031113496257	0.932	0.604	4.28377223817907e-10
C10074	4.12202035328535e-14	0.852289439180179	0.881	0.517	4.66365382770705e-10
C1404	4.12778551293981e-14	0.547348639493909	0.881	0.407	4.6701765293401e-10
C8816	4.64282828648808e-14	0.69613132647844	0.915	0.724	5.25289592333262e-10
C8008	4.9541686406131e-14	1.1615818776631	0.831	0.622	5.60514639998966e-10
C9130	5.56130117845178e-14	0.544878470481623	0.898	0.616	6.29205615330035e-10
C11268	5.66682242292525e-14	0.574839943281307	0.864	0.598	6.41144288929763e-10
C8733	6.29617250424489e-14	0.941296082933243	0.881	0.768	7.12348957130267e-10
C1030	7.17599071686083e-14	0.499368569281609	0.593	0.203	8.11891589705635e-10
C8626	7.60062643871106e-14	0.878366031224011	0.881	0.734	8.59934875275769e-10
C7018	7.60062660081377e-14	1.41871913718269	0.847	0.73	8.5993489361607e-10
C1343	7.68897094309837e-14	1.05471780442161	0.525	0.17	8.6993017250215e-10
C97	8.18219876872956e-14	0.535338454596779	0.814	0.343	9.25733968694062e-10
C7645	8.59934245942257e-14	1.55139746141123	0.881	0.616	9.72929605859069e-10
C11029	9.74242254937579e-14	3.80563863010193	0.831	0.451	1.10225768723638e-09
C9578	9.9655983249487e-14	0.499494098988871	0.898	0.68	1.1275077944847e-09
C9769	1.01925990939529e-13	1.03033729620622	0.864	0.724	1.15319066148984e-09
C8500	1.0588322391822e-13	0.890546724326001	0.864	0.631	1.19796279541075e-09
C9057	1.12297781972618e-13	0.371483132675698	0.915	0.641	1.27053710523821e-09
C10891	1.15593025980619e-13	0.871867295364639	0.864	0.608	1.30781949594472e-09
C10203	1.31192953176406e-13	0.87362174763512	0.847	0.476	1.48431707223786e-09
C9011	1.32542690548173e-13	0.602779721396258	0.898	0.767	1.49958800086202e-09
C10019	1.49811090247515e-13	0.36970950715857	0.949	0.678	1.69496267506039e-09
C6635	1.88531042805473e-13	0.767328505368885	0.881	0.591	2.13304021830112e-09
C11280	1.88746414996555e-13	2.14088014903753	0.814	0.454	2.13547693927102e-09
C8698	2.16564958783043e-13	0.726846445856078	0.847	0.718	2.45021594367134e-09
C1852	2.52397930490962e-13	0.26761145535164	0.576	0.194	2.85563018557475e-09
C9911	2.68046225133246e-13	1.09570411128004	0.864	0.647	3.03267499115755e-09
C9030	2.84015703974613e-13	0.520897875020758	0.864	0.696	3.21335367476877e-09
C11114	2.93239334714742e-13	1.13379972860983	0.847	0.571	3.31770983296259e-09
C11006	3.17175950748924e-13	0.477491292625303	0.898	0.742	3.58852870677333e-09
C7537	3.38889549994784e-13	0.79513276353016	0.898	0.766	3.83419636864098e-09
C7880	3.59601532285009e-13	0.759334896729127	0.881	0.596	4.06853173627259e-09
C9684	3.62660184197121e-13	1.1319096306782	0.898	0.566	4.10313732400623e-09
C9815	3.88066193853003e-13	0.392513593952823	0.915	0.696	4.39058091725288e-09
C9480	3.93353216491069e-13	0.57867466855574	0.898	0.642	4.45039829137996e-09
C8776	3.96693458041796e-13	0.364632404537448	0.898	0.752	4.48818978428488e-09
C3639	4.17327783966052e-13	0.377478674392542	0.915	0.675	4.72164654779191e-09
C8978	4.19448280923702e-13	0.555479640780336	0.898	0.674	4.74563785037077e-09
C8736	4.28760016613142e-13	0.567646073449652	0.881	0.698	4.85099082796109e-09
C8836	4.32395247347437e-13	0.807716450254147	0.881	0.642	4.8921198284889e-09
C8576	4.52554683269577e-13	0.896679020715801	0.864	0.744	5.12020368651199e-09
C10338	4.87437036213868e-13	0.829469590306088	0.847	0.512	5.5148626277237e-09
C7750	5.06651816916947e-13	0.343027490492085	0.915	0.645	5.73225865659834e-09
C6738	5.31990804920809e-13	0.654836816538108	0.881	0.588	6.01894396687403e-09
C8516	5.3648360449165e-13	1.47702191857681	0.831	0.615	6.06977550121853e-09
C7424	5.40104647356366e-13	0.480031014482622	0.915	0.766	6.11074398018993e-09
C11125	6.08510400363425e-13	1.30747776376779	0.831	0.568	6.88468666971179e-09
C9437	6.10564783935489e-13	0.279657550546438	0.966	0.683	6.90792996544613e-09
C7052	6.39920879665547e-13	0.856795832435852	0.898	0.592	7.24006483253600e-09
C8358	6.8427540556512e-13	0.376873035122126	0.949	0.793	7.74189193856377e-09
C1788	6.94496560962425e-13	0.738735525813299	0.542	0.186	7.85753409072888e-09
C8705	7.35323681324629e-13	0.675661447939305	0.864	0.748	8.31945213050686e-09
C6868	9.28814025311442e-13	1.6460194297816	0.831	0.784	1.05086018823737e-08
C8847	1.08232360503381e-12	0.72273985783188	0.864	0.658	1.22454092673525e-08
C6830	1.10044094927279e-12	0.395711268996502	0.881	0.552	1.24503889000724e-08
C253	1.26381621972951e-12	0.296763767895197	0.864	0.449	1.42988167100196e-08
C10578	1.54988971290948e-12	0.838547092258063	0.847	0.571	1.75354522118579e-08
C8128	1.55755190608341e-12	0.276403003083826	0.932	0.761	1.76221422654277e-08
C8701	1.67467209945582e-12	0.272647566491376	0.915	0.79	1.89472401332432e-08
C9043	1.68296314519289e-12	0.511520205701105	0.864	0.693	1.90410450247123e-08
C7127	1.69687595289155e-12	0.46319838398895	0.881	0.574	1.9198454531015e-08
C6594	1.9706886635709e-12	1.02248342976563	0.881	0.718	2.22963715396411e-08
C10404	1.97519237570358e-12	0.69728880792332	0.898	0.644	2.23473265387103e-08
C7873	2.02644299945894e-12	0.784387934005856	0.847	0.742	2.29271760958785e-08
C10450	2.07710308479341e-12	1.48578089489879	0.814	0.412	2.35003443013526e-08
C4876	2.08374372204275e-12	1.3890123813063	0.814	0.711	2.35754764711917e-08
C7791	2.17446721375034e-12	0.647832289218599	0.864	0.54	2.46019220563714e-08
C8036	2.50712271560371e-12	0.552564491180727	0.881	0.752	2.83655864043404e-08
C7640	2.58615542912032e-12	1.17884235445725	0.864	0.794	2.92597625250674e-08
C10199	2.59730161081907e-12	1.47940159198419	0.797	0.395	2.9385870424807e-08
C7245	2.69387791334161e-12	0.548607752398021	0.898	0.58	3.0478534711547e-08
C7490	3.43335961108536e-12	0.681207982771522	0.898	0.775	3.88450306398198e-08
C8189	3.63405948355615e-12	1.41827957216598	0.814	0.758	4.11157489969543e-08
C8897	3.92175970126315e-12	0.743791055458697	0.881	0.621	4.43707892600912e-08
C10944	4.29321796378008e-12	0.788518950050608	0.847	0.603	4.85734680422078e-08
C1221	4.51650608413623e-12	1.11890232498091	0.508	0.17	5.10997498359173e-08
C496	4.80105219281147e-12	1.0177516549432	0.593	0.218	5.4319104509469e-08
C7717	5.2704408523555e-12	0.679841314220852	0.864	0.733	5.96297678035502e-08
C5766	7.84539393682514e-12	0.328986796863822	0.915	0.73	8.87627870012396e-08
C8568	8.04848121841311e-12	0.71201018703045	0.881	0.756	9.1060516505126e-08
C8285	8.24354938035381e-12	0.712977273662036	0.847	0.783	9.3267517689323e-08
C8480	8.77266479742129e-12	0.357176660934051	0.864	0.734	9.92539295180245e-08
C7445	1.24226382243328e-11	0.613596701661173	0.864	0.59	1.40549728870101e-07
C10671	1.54210264239578e-11	0.946681460350056	0.831	0.526	1.74473492960658e-07
C8282	1.55210091580067e-11	0.308319919972767	0.898	0.66	1.75604697613688e-07
C10890	1.59436487747081e-11	0.831722282114927	0.831	0.573	1.80386442237048e-07
C7034	1.71120832072134e-11	0.579338032074344	0.898	0.616	1.93606109406412e-07
C10811	1.71952015438723e-11	2.86923026433089	0.78	0.479	1.94546510267371e-07
C8629	1.89218284964734e-11	0.411834844178012	0.898	0.717	2.140815676091e-07
C487	2.14459701100333e-11	0.616154833759405	0.475	0.162	2.42639705824917e-07
C8706	2.20617945073752e-11	0.34924102984518	0.881	0.616	2.49607143056443e-07
C9884	2.4306035895054e-11	0.883556334218027	0.831	0.635	2.74998490116641e-07
C2326	2.4777871256539e-11	0.732877819063911	0.458	0.152	2.80336835396483e-07
C11065	2.5191603767446e-11	3.23502309390307	0.847	0.722	2.85017805024884e-07
C1716	2.69540577180856e-11	0.311997234176717	0.814	0.36	3.04958209022421e-07
C718	2.83201864606761e-11	0.572686803681531	0.627	0.278	3.20414589616089e-07
C11132	2.99380392289572e-11	1.4956858219126	0.78	0.479	3.38718975836422e-07
C8943	3.06055922079592e-11	0.372230112832099	0.881	0.639	3.46271670240851e-07
C10725	3.59172834384381e-11	0.920144118213835	0.797	0.503	4.06368144822489e-07
C11313	3.65507770956826e-11	0.400687447782802	0.898	0.66	4.13535492060553e-07
C7769	3.75539307701703e-11	0.896373092078159	0.814	0.52	4.24885172733707e-07
C7383	4.33535211788e-11	1.21307942129662	0.814	0.693	4.90501738616943e-07
C8586	4.51955216582105e-11	0.535778339163493	0.847	0.696	5.11342132040993e-07
C8118	4.79920525152594e-11	0.465380064115898	0.881	0.64	5.42982082157645e-07
C7097	5.04124729510392e-11	0.75297310917735	0.864	0.527	5.70366718968057e-07
C11281	5.18322850933321e-11	0.703886794867046	0.831	0.569	5.86430473545959e-07
C11239	5.20601994929305e-11	0.250591283424758	0.898	0.737	5.89009097063016e-07
C8665	5.51920720059444e-11	0.284735187319626	0.847	0.655	6.24443102675255e-07
C4023	6.7341305708706e-11	0.455081462984997	0.864	0.692	7.61899532788299e-07
C10249	6.91316193268984e-11	0.458340666078661	0.932	0.635	7.82155141064528e-07
C8759	7.0496511492716e-11	0.399255452650727	0.831	0.634	7.97597531028589e-07
C1261	7.20808417806815e-11	0.607637548666775	0.39	0.115	8.1552264390663e-07
C9318	7.37961427361076e-11	0.829566013076539	0.831	0.663	8.34929558916321e-07
C8109	7.66608247019632e-11	0.671073434682615	0.864	0.552	8.67340570678011e-07
C7352	8.33512172999749e-11	0.468934341044792	0.847	0.705	9.43035672531916e-07
C9170	9.96889911259872e-11	0.312025982038158	0.864	0.664	1.12788124559942e-06
C10298	1.22856807964871e-10	0.512674619510889	0.831	0.498	1.39000192531455e-06
C9949	1.36637541927697e-10	0.885486828586393	0.898	0.648	1.54591714936996e-06
C9501	1.47957693242311e-10	0.340988011479012	0.831	0.667	1.67399334134351e-06
C11019	1.66550462464536e-10	0.861001703178317	0.898	0.751	1.88435193232376e-06
C95	1.66941297177496e-10	0.438253549249465	0.525	0.196	1.88877383626619e-06
C1264	1.8471628230655e-10	0.376324472169204	0.661	0.284	2.08988001801631e-06
C11081	2.00679484114289e-10	0.765709313844428	0.814	0.496	2.27048768326907e-06
C7764	2.44608957124514e-10	0.477781261740823	0.864	0.595	2.76750574090675e-06
C6755	2.80309655560225e-10	1.00939049312911	0.864	0.551	3.17142344300839e-06
C10970	2.93107374689515e-10	1.1148416120045	0.814	0.56	3.31621683723718e-06
C1344	3.24830525237403e-10	0.537054106144456	0.458	0.159	3.67513256253597e-06
C9388	3.29710319167191e-10	1.04225855047016	0.847	0.621	3.7303425510576e-06
C8505	3.72516660664165e-10	0.503078855237127	0.847	0.79	4.21465349875437e-06
C8895	5.12454804864538e-10	0.883030958918533	0.864	0.806	5.79791366223739e-06
C9159	5.30688652281044e-10	0.742841311365314	0.814	0.703	6.00421141190773e-06
C10990	7.72085580300882e-10	0.87380213286454	0.814	0.529	8.73537625552418e-06
C10783	8.14594773065947e-10	0.337775936140408	0.797	0.504	9.21632526246812e-06
C8823	8.61885696629133e-10	0.430555481439873	0.831	0.689	9.75137477166201e-06
C8320	8.81955120420413e-10	0.496946981852439	0.847	0.735	9.97844023243655e-06
C8420	8.90877956496252e-10	0.293276164788661	0.847	0.685	1.00793931997986e-05
C6788	8.96016176666347e-10	0.273136796576978	0.983	0.829	1.01375270228031e-05
C7419	9.19498065672482e-10	1.46800392656798	0.831	0.749	1.04032011150185e-05
C11276	1.05519228882083e-09	0.791383114515218	0.797	0.5	1.19384455557189e-05
C10801	1.07353552185371e-09	0.811540026046739	0.797	0.584	1.21459808942529e-05
C8656	1.11579309343591e-09	0.515181117253455	0.932	0.772	1.26240830591339e-05
C7694	1.24369232529437e-09	0.501682887098053	0.864	0.749	1.40711349683804e-05
C9807	1.41370258634072e-09	0.255342647770177	0.932	0.698	1.5994631061859e-05
C7388	1.45032551553664e-09	0.416815286108136	0.864	0.587	1.64089828827816e-05
C6652	1.62459392614859e-09	1.37988207124335	0.814	0.742	1.83806556804451e-05
C10224	1.62959691661664e-09	0.538082947599295	0.814	0.468	1.84372595146007e-05
C6550	1.66652934693662e-09	0.345895434754781	0.831	0.615	1.88551130312409e-05
C7418	1.66652983620225e-09	0.63389999840042	0.814	0.522	1.88551185667922e-05
C7085	1.68789151461241e-09	0.66723112349421	0.864	0.589	1.90968045963248e-05
C6805	1.87659218658091e-09	0.548395434467035	0.864	0.75	2.12317639989764e-05
C8913	2.45824920889124e-09	0.803003662979488	0.814	0.686	2.78126315493954e-05
C8882	2.79589689962995e-09	0.668316897861611	0.847	0.716	3.16327775224133e-05
C9710	2.80763508970033e-09	0.310640064942308	0.898	0.731	3.17655834048695e-05
C7960	2.84313833174816e-09	1.54909231325645	0.814	0.699	3.21672670853986e-05
C1974	3.02558171949154e-09	0.61873270672304	0.373	0.122	3.42314315743273e-05
C6970	3.10851885871318e-09	1.41336061799549	0.797	0.59	3.5169782367481e-05
C9221	3.93602466522978e-09	0.393303641577757	0.831	0.752	4.45321830624098e-05
C7140	4.70988939792596e-09	0.707284899980926	0.78	0.527	5.32876886481343e-05
C9783	4.96279296288439e-09	0.280055159861911	0.932	0.743	5.6149039582074e-05
C1628	5.14610742939096e-09	0.266698539864312	0.424	0.149	5.82230594561293e-05
C7117	5.41147231292479e-09	0.353334388793621	0.915	0.66	6.12253977484311e-05
C1730	5.41928626977157e-09	0.305019066719763	0.576	0.253	6.13138048561956e-05
C10966	5.45136376492740e-09	0.751469088904503	0.78	0.571	6.16767296363885e-05
C8356	5.70874836689371e-09	0.45941022786149	0.797	0.593	6.45887790230354e-05
C10844	5.87730239764851e-09	0.61426355330388	0.831	0.636	6.64957993269952e-05
C8421	6.22282687680159e-09	0.583937585396109	0.831	0.734	7.04050632841332e-05
C9724	6.46550597483795e-09	0.615759984684065	0.864	0.658	7.31507345993165e-05
C7322	6.6082867934742e-09	1.05569768041221	0.78	0.58	7.47661567813671e-05
C11118	7.00763412536431e-09	0.562499340091165	0.814	0.561	7.92843724943718e-05
C6954	8.86338336736553e-09	0.876127639462157	0.78	0.754	0.000100280319418374
C9966	8.92357600748152e-09	0.355267940240106	0.898	0.698	0.000100961338948646
C9264	9.0451557893745e-09	0.514898609351911	0.78	0.561	0.000102336892600983
C6725	9.43237496669412e-09	0.29078464359978	0.814	0.53	0.000106717890373177
C8073	9.48349761265746e-09	0.531223141892875	0.797	0.511	0.000107296291989606
C8244	1.04511145794411e-08	1.62819186793474	0.831	0.748	0.000118243910351796
C9040	1.20847706923927e-08	0.383605195209565	0.831	0.707	0.000136727095613731
C8288	1.23635583071738e-08	0.729836528908042	0.797	0.764	0.000139881298687364
C6663	1.24634380500702e-08	0.371156175468345	0.831	0.593	0.000141011338098494
C6847	1.29226831147206e-08	0.616762894220056	0.864	0.73	0.000146207236759948
C11289	1.78172817062949e-08	0.512030713306143	0.797	0.605	0.00020158472522502
C9925	1.90162105952872e-08	0.419271555476424	0.847	0.655	0.000215149406675079
C8434	1.92952770015646e-08	0.380264676625616	0.797	0.645	0.000218306763995702
C8804	2.2431849210527e-08	0.535734619340707	0.814	0.63	0.000253793941967903
C6758	2.43720214182814e-08	0.269648642053503	0.831	0.62	0.000275745050326436
C8877	2.62670480342854e-08	0.319316767341763	0.831	0.796	0.000297185381459905
C6667	2.8304736272838e-08	1.40403024031797	0.797	0.725	0.000320239786190889
C10905	3.32068181747687e-08	0.76848410196769	0.763	0.559	0.000375701940829333
C10006	4.08165561269601e-08	0.375435413951955	0.797	0.497	0.000461798516020426
C11042	4.58612623154398e-08	0.986616774962443	0.763	0.547	0.000518874321836886
C11092	4.64773567367103e-08	0.6705591626506	0.78	0.527	0.00052584481411914
C8051	5.04973797571761e-08	1.28251217654164	0.78	0.765	0.00057132735457269
C10693	5.24338892556429e-08	0.773534263096068	0.78	0.562	0.000593237023038344
C7808	5.31620769599035e-08	0.256656876871653	0.847	0.69	0.000601475738724348
C20	5.62849617236199e-08	0.54977008781345	0.373	0.131	0.000636808056941035
C7861	5.99715879002249e-08	0.590153591196918	0.814	0.714	0.000678518545503145
C7130	6.06662198866592e-08	0.56962972169555	0.797	0.587	0.000686377611797662
C1096	6.54185194223038e-08	0.282386159824409	0.356	0.12	0.000740145128743945
C8687	6.79686320332303e-08	0.560433673896925	0.797	0.632	0.000768997102823967
C983	7.53656066510164e-08	0.263682695615704	0.763	0.385	0.0008526864736496
C6628	7.67017346114997e-08	0.328532359994926	0.797	0.621	0.000867803425394507
C8409	8.3398654268797e-08	0.832259660483143	0.763	0.653	0.00094357237439717
C7670	8.9408856132364e-08	1.62284106736953	0.797	0.788	0.00101157179828157
C8653	8.96351277798657e-08	0.402945063884779	0.797	0.611	0.0010141318357014
C7886	9.45169307905924e-08	0.323905514045293	0.797	0.759	0.00106936455496476
C6985	9.72983599591168e-08	0.56505620084438	0.78	0.612	0.00110083364457745
C7920	1.16746920449678e-07	0.650711442349512	0.763	0.585	0.00132087465796765
C10623	1.21559573594507e-07	0.481664633444988	0.78	0.569	0.00137532501564825
C9895	1.33126483725415e-07	0.374686671699447	0.847	0.716	0.00150619303686934
C6908	1.51530622837328e-07	0.820444256556577	0.797	0.768	0.00171441746678153
C8032	1.57672158623688e-07	0.67136087309119	0.797	0.63	0.00178390280266841
C6610	2.00887152337416e-07	0.278535754417769	0.864	0.762	0.00227283724154553
C6977	2.3078944162801e-07	0.342328823570464	0.847	0.672	0.00261115174257931
C10595	2.58689185503709e-07	0.657111289393916	0.78	0.596	0.00292680944478897
C874	2.63320836752878e-07	0.414119428256396	0.356	0.133	0.00297921194702206
C6965	2.91000985792022e-07	0.369701350560692	0.814	0.59	0.00329238515325094
C11136	2.92193438461698e-07	0.670528717414658	0.78	0.568	0.00330587656275565
C8067	3.53255741184222e-07	0.635508524333362	0.797	0.715	0.00399673545575828
C8163	3.89484034977505e-07	1.0335017800458	0.78	0.751	0.0044066223717355
C9016	4.48744533270463e-07	0.408592810811061	0.763	0.64	0.00507709564942201
C10871	4.95868394010964e-07	0.838784125706618	0.746	0.503	0.00561025500984005
C7469	5.40564356989216e-07	0.596706020342587	0.746	0.655	0.00611594513497599
C8742	5.4768172000891e-07	0.746987025035203	0.78	0.728	0.00619647098018081
C7800	6.29938604690444e-07	0.32230776007109	0.78	0.56	0.00712712537346769
C10593	7.15866232801395e-07	0.631911922527127	0.763	0.565	0.00809931055791498
C10870	7.26925359235605e-07	0.573111372818911	0.746	0.555	0.00822443351439164
C6557	7.39534281497752e-07	0.520777551148672	0.814	0.757	0.00836709086086557
C6829	9.00425049088336e-07	0.802993548673527	0.797	0.738	0.0101874090053854
C10914	9.40537206189572e-07	0.926101132355299	0.729	0.565	0.0106412379508288
C872	1.02273755552884e-06	0.300343462303407	0.373	0.15	0.0115712527032533
C8108	1.05609468216838e-06	1.09427109409663	0.729	0.764	0.011948655234053
C1543	1.44901216764773e-06	0.250012391601466	0.356	0.138	0.0163941236647664
C7701	1.51142714509863e-06	0.417057004967154	0.729	0.641	0.0171002867196459
C7634	1.58580345425892e-06	0.539698487906978	0.814	0.586	0.0179417802814854
C7597	1.71764561112166e-06	0.351742032353533	0.797	0.589	0.0194334424442304
C9908	1.83272277300767e-06	0.494198205738128	0.763	0.683	0.0207354254538088
C7906	2.13316777750301e-06	1.84172238712923	0.797	0.642	0.024134660234669
C8232	2.36891527614745e-06	0.36278285891066	0.847	0.711	0.0268019074343322
C8103	2.72850913369302e-06	1.06498317953094	0.746	0.639	0.0308703523386029
C10160	2.76224583580457e-06	0.264121029867104	0.763	0.502	0.0312520493862928
C8797	2.86920142829769e-06	0.490251283775594	0.763	0.706	0.03246214495976
C6606	2.89170311533591e-06	0.725782826097472	0.78	0.793	0.0327167290469105
C6648	4.29295455581891e-06	0.405890762197451	0.746	0.499	0.0485704878445352
