id	p_val	avg_log2FC	pct.1	pct.2	p_val_adj
C774	3.50464403613956e-72	1.46514587534106	0.806	0.175	3.96515426248829e-68
C1446	1.38966545852897e-68	1.35605838184441	0.853	0.216	1.57226749977967e-64
C1487	4.6109709716439e-68	1.16704055885855	0.837	0.206	5.21685255731791e-64
C1255	9.526317051285e-67	1.53977945067551	0.845	0.219	1.07780751118238e-62
C395	2.7467994988055e-66	1.2524315541282	0.915	0.273	3.10772895294854e-62
C119	3.45396639542914e-65	1.30345026832513	0.783	0.18	3.90781757978853e-61
C1815	3.36368556145969e-61	1.44867732188595	0.69	0.144	3.80567384423549e-57
C1936	5.80629825871601e-60	1.20990354700724	0.791	0.204	6.56924584991129e-56
C895	6.28726622895474e-59	1.29629640923375	0.775	0.198	7.1134130114394e-55
C2353	4.61993957434001e-58	1.31013226857132	0.783	0.207	5.22699963440829e-54
C634	1.24155514155144e-57	1.19526995690879	0.791	0.206	1.4046954871513e-53
C1862	1.94700851066989e-54	1.34915178277967	0.891	0.289	2.20284542897192e-50
C8324	4.15504213200748e-53	1.5729035856534	1	0.578	4.70101466815326e-49
C1060	3.42154634003951e-51	1.06910082496507	0.791	0.23	3.8711375291207e-47
C1084	1.04465865127852e-49	1.35944963357232	0.651	0.159	1.18192679805652e-45
C7954	1.49437785245834e-49	1.3190874110057	0.977	0.573	1.69073910227137e-45
C6857	1.66441428172059e-49	1.40871975615439	1	0.711	1.88311831833867e-45
C927	1.21194536594972e-47	0.817891655532804	0.744	0.214	1.37119498703551e-43
C2314	4.47119878895539e-47	1.15509136782206	0.69	0.183	5.05871430982412e-43
C4783	7.15388195705491e-46	1.04891049623304	0.977	0.734	8.09390204621192e-42
C10812	1.9009674272697e-45	1.42845093016346	0.961	0.707	2.15075454721294e-41
C2741	5.06157095160307e-45	0.969407571425937	0.984	0.816	5.72666137464372e-41
C2311	9.87019968064279e-45	0.740323850788291	0.783	0.238	1.11671439186793e-40
C5465	1.34132534481585e-44	0.927296918174242	0.969	0.775	1.51757549512465e-40
C10314	1.71851348398206e-44	1.23868841184666	0.961	0.673	1.94432615577731e-40
C3390	2.95139283982067e-44	0.447887385414342	0.969	0.726	3.33920585897311e-40
C688	4.2756713537523e-44	1.22385540549841	0.69	0.186	4.83749456963535e-40
C5927	1.36975149415496e-43	0.93202872896674	0.984	0.802	1.54973684048692e-39
C10622	2.79665975367938e-43	1.40526308341791	0.946	0.692	3.16414084531285e-39
C7736	1.31171762533898e-42	1.44071196360975	0.969	0.58	1.48407732130852e-38
C3275	2.81537229425495e-42	0.726209900517262	0.969	0.755	3.18531221372005e-38
C1335	4.17029574614538e-42	1.0618163035487	0.744	0.225	4.71827260718889e-38
C10538	7.89432394653414e-42	1.0976810083381	0.946	0.659	8.93163811310873e-38
C6969	2.00520172386365e-41	1.19892403020515	0.992	0.618	2.26868523037933e-37
C7728	3.11233499574109e-41	1.36707989724901	0.969	0.578	3.52129581418147e-37
C5006	3.77015003129621e-41	0.780870128024126	0.946	0.758	4.26554774540854e-37
C11082	5.5407062661212e-41	1.07349817787991	0.953	0.694	6.26875506948953e-37
C1814	6.17655941206458e-41	0.367971896708947	0.636	0.174	6.98815931880986e-37
C3854	1.07389883156251e-40	1.1323567828365	0.961	0.784	1.21500913802983e-36
C7473	1.8606459932319e-40	0.960892065833043	0.961	0.601	2.10513487674257e-36
C4220	5.73526429700292e-40	1.10948498734889	0.946	0.749	6.4888780256291e-36
C3033	1.9644309920129e-39	1.01635702414198	0.946	0.772	2.2225572243634e-35
C2357	4.36430301621785e-39	0.6915317114354	0.643	0.19	4.93777243254887e-35
C10227	6.43695682508577e-39	1.30535727916696	0.93	0.674	7.28277295190204e-35
C3536	6.86708915384952e-39	0.915670544706957	0.946	0.794	7.76942466866535e-35
C8390	6.36890822100267e-38	0.533031322670167	0.992	0.815	7.20578276124242e-34
C4501	2.07225362840849e-37	0.82743004381873	0.953	0.818	2.34454775518136e-33
C6039	3.63706943981634e-37	0.895039891725001	0.938	0.759	4.1149803642082e-33
C10451	5.41679752100696e-37	1.29037754572559	0.938	0.664	6.12856471526727e-33
C2699	1.02806193167565e-36	0.661631297230107	0.977	0.798	1.16314926949783e-32
C6404	1.09625307382087e-36	0.940357783872985	0.938	0.733	1.24030072772093e-32
C8343	6.85858229823153e-36	0.839790972480751	0.961	0.607	7.75980001221915e-32
C2981	1.97536078520288e-35	0.786829462000466	0.946	0.835	2.23492319237854e-31
C2920	3.80231809468902e-35	1.04161566918007	0.938	0.781	4.30194269233116e-31
C711	5.51035024321349e-35	0.953587940266036	0.713	0.247	6.23441026517175e-31
C2963	7.12978096887307e-35	0.796534262861124	0.93	0.771	8.06663418818299e-31
C2469	8.09520153705421e-35	0.916740898202378	0.907	0.738	9.15891101902314e-31
C5321	8.61712753753974e-35	1.06760885088286	0.946	0.753	9.74941809597246e-31
C4038	1.20745290897565e-34	1.12805358926287	0.915	0.735	1.36611222121505e-30
C6376	1.66134491457149e-34	0.984311159842034	0.922	0.773	1.87964563634619e-30
C11019	1.73390852846886e-34	1.00269199912539	0.946	0.742	1.96174410910967e-30
C3399	1.73729310590937e-34	0.689720964438305	0.922	0.777	1.96557342002586e-30
C8216	1.94825800532021e-34	0.848260555937944	0.977	0.686	2.20425910721929e-30
C3743	3.05494632301767e-34	0.877496708595155	0.93	0.755	3.45636626986219e-30
C3898	5.22799640688265e-34	1.08605892073492	0.922	0.778	5.91495513474703e-30
C6444	5.84670970194663e-34	0.765483783166263	0.938	0.752	6.61496735678242e-30
C3341	7.22669698758155e-34	1.12170436106517	0.915	0.761	8.17628497174977e-30
C1914	7.58317462349453e-34	0.79890320255176	0.636	0.197	8.57960376902171e-30
C5716	8.59289006708273e-34	0.940708870216522	0.93	0.797	9.7219958218974e-30
C3047	9.55106287664357e-34	0.837747050644617	0.922	0.774	1.08060725386345e-29
C6451	1.00788935298862e-33	0.923222075592652	0.93	0.803	1.14032601397132e-29
C4454	1.18653119761023e-33	0.913502186549771	0.938	0.819	1.34244139697621e-29
C5273	1.53405352695318e-33	0.869418812246586	0.915	0.758	1.73562816039482e-29
C2667	3.07550328074674e-33	0.439070748993233	0.938	0.755	3.47962441183687e-29
C6104	3.20110784285647e-33	1.11437825263541	0.915	0.743	3.62173341340781e-29
C6087	4.54376718870509e-33	0.977984365825168	0.907	0.773	5.14081819730094e-29
C8134	5.07329810642849e-33	0.838766437003958	0.969	0.608	5.73992947761319e-29
C2796	8.72635753362077e-33	0.934370190721474	0.915	0.797	9.87300091353854e-29
C3798	9.75696797022367e-33	0.77321773901099	0.93	0.818	1.10390335615111e-28
C5854	1.33009320757798e-32	0.717270931126876	0.93	0.778	1.50486745505373e-28
C3837	1.36312805696522e-32	0.999868416073889	0.922	0.77	1.54224308365045e-28
C2585	1.40490675661339e-32	0.936804326904515	0.953	0.782	1.58951150443239e-28
C7790	2.05172311851306e-32	0.806040747807111	0.946	0.661	2.32131953628568e-28
C2809	3.68603746174219e-32	0.908365673754682	0.93	0.763	4.17038278421511e-28
C3880	8.41844910314945e-32	0.439638187647551	0.953	0.787	9.52463331530328e-28
C5146	9.18857818969189e-32	1.10086092814416	0.922	0.759	1.03959573638174e-27
C4862	1.09856289125723e-31	0.795565674817146	0.938	0.766	1.24291405516843e-27
C5503	1.20109178583727e-31	1.01886666519608	0.93	0.791	1.35891524649629e-27
C4325	1.28656022073495e-31	0.972082518683938	0.922	0.784	1.45561423373952e-27
C5700	1.54037396461484e-31	0.85228274462641	0.93	0.78	1.74277910356523e-27
C6112	1.96732151913664e-31	0.83756725698307	0.915	0.766	2.2258275667512e-27
C3142	2.16210189945371e-31	0.637805717052181	0.907	0.72	2.44620208904193e-27
C6341	3.99118834561331e-31	0.775882803697719	0.93	0.797	4.5156304942269e-27
C5940	4.97780572029116e-31	0.903879202164814	0.907	0.763	5.63188939193742e-27
C4913	6.46193491521205e-31	0.678034217530624	0.915	0.772	7.31103316307092e-27
C8309	7.67823610072575e-31	0.694479106712059	0.922	0.652	8.68715632436112e-27
C2682	9.30707428996696e-31	0.654040929552048	0.93	0.8	1.05300238516686e-26
C4538	9.81450845921922e-31	0.9225773369747	0.915	0.801	1.11041348707606e-26
C3593	1.04444967118917e-30	0.790470007947234	0.907	0.756	1.18169035798342e-26
C3696	2.02205128746246e-30	0.90481356922977	0.907	0.768	2.28774882663503e-26
C4819	2.66104951917589e-30	0.988556239447153	0.891	0.75	3.01071142599561e-26
C7210	3.37535731928215e-30	0.359980151701613	0.969	0.612	3.81887927103582e-26
C3302	3.67557143217235e-30	0.91626306172932	0.922	0.751	4.1585415183598e-26
C4773	4.2487177289415e-30	1.02924064077697	0.899	0.764	4.80699923852441e-26
C4284	4.31069613050891e-30	0.96834129672239	0.899	0.745	4.87712160205778e-26
C6286	5.01817836565508e-30	1.09404080135321	0.891	0.764	5.67756700290216e-26
C907	5.45595096184576e-30	0.638938083082804	0.837	0.405	6.17286291823229e-26
C4018	6.31228072657992e-30	1.05128641936411	0.922	0.768	7.14171441405252e-26
C3419	7.47867220326152e-30	1.2428052236114	0.891	0.723	8.46136973077008e-26
C5521	8.95486632873521e-30	1.1390661226416	0.907	0.785	1.0131535764331e-25
C6010	9.79797320678895e-30	0.754410209077726	0.915	0.763	1.1085426886161e-25
C5096	1.74018691827681e-29	0.967924436477125	0.891	0.78	1.96884747933838e-25
C5141	1.78117674460786e-29	0.981588500263949	0.884	0.701	2.01522336884934e-25
C3543	2.50194836184409e-29	1.09695937264825	0.891	0.78	2.8307043765904e-25
C6260	3.69738004456324e-29	0.855011828972403	0.891	0.772	4.18321578241885e-25
C5250	6.50535670149943e-29	0.939910943190503	0.876	0.784	7.36016057207645e-25
C3569	7.19679850855235e-29	0.502177074204675	0.953	0.724	8.14245783257613e-25
C6403	9.84328341365194e-29	0.816634920099681	0.899	0.757	1.11366908542058e-24
C5801	1.01793252565281e-28	0.986768169956495	0.891	0.766	1.15168885952358e-24
C4579	1.46915600486829e-28	1.02129123700665	0.899	0.791	1.66220310390799e-24
C4471	1.50318295091521e-28	1.09895315905237	0.884	0.717	1.70070119066547e-24
C6261	1.80191530907175e-28	0.774485172584878	0.884	0.771	2.03868698068378e-24
C4063	2.60546205432112e-28	0.926846135020678	0.899	0.747	2.94781976825891e-24
C7810	2.9714394930704e-28	0.933157980452248	0.93	0.655	3.36188664245986e-24
C3944	3.50900899674408e-28	1.0104889211012	0.884	0.714	3.97009277891625e-24
C5421	6.07009062999191e-28	0.74358658091486	0.907	0.763	6.86770053877285e-24
C4712	7.03790314406238e-28	0.925545871475404	0.884	0.715	7.96268361719218e-24
C5606	7.78464440525979e-28	0.737233488260309	0.899	0.776	8.80754668011093e-24
C4938	8.38850574658169e-28	0.97629269014039	0.884	0.69	9.49075540168253e-24
C3882	1.07136604107824e-27	0.664880023791811	0.884	0.713	1.21214353887592e-23
C5487	1.3052364307254e-27	1.0480494634732	0.899	0.756	1.47674449772272e-23
C4619	1.38911962481319e-27	1.10296513370711	0.884	0.764	1.57164994351364e-23
C1577	1.79547504962868e-27	0.554416591000716	0.628	0.217	2.03140047114989e-23
C4104	2.25246771329341e-27	0.96205406386728	0.884	0.702	2.54844197082017e-23
C2888	2.93600165669104e-27	0.748965367507143	0.884	0.753	3.32179227438025e-23
C3410	3.30554984804242e-27	0.371187501426641	0.907	0.762	3.7398990980752e-23
C2427	3.73396567231641e-27	0.573721096002309	0.884	0.78	4.22460876165879e-23
C4603	3.80509401333575e-27	0.780122748562004	0.884	0.735	4.30508336668806e-23
C5004	4.06827410330558e-27	0.859661442517547	0.891	0.728	4.60284532047993e-23
C4201	6.01014434823561e-27	1.21021901030299	0.884	0.781	6.79987731559377e-23
C2551	7.09279305040179e-27	0.744174496584163	0.899	0.758	8.02478605722458e-23
C5129	7.52917777942403e-27	0.960551249283335	0.891	0.751	8.51851173964034e-23
C4671	8.59978975949785e-27	1.06724993737394	0.891	0.749	9.72980213389587e-23
C6024	1.09319912174726e-26	1.00437490217727	0.884	0.702	1.23684548634485e-22
C4570	1.12525098631101e-26	0.800877787535122	0.884	0.774	1.27310896591228e-22
C6144	1.71970110302343e-26	0.927166279313672	0.884	0.758	1.94566982796071e-22
C6169	1.83087326510083e-26	0.796290134733691	0.891	0.792	2.07145001213507e-22
C5244	2.16095049053079e-26	0.783394504958425	0.876	0.804	2.44489938498654e-22
C4400	2.25801091251345e-26	0.768893927634195	0.876	0.791	2.55471354641771e-22
C4600	2.34350580793105e-26	0.987479409721522	0.884	0.709	2.65144247109319e-22
C7841	2.46944847042137e-26	0.537397414683383	0.922	0.66	2.79393399943473e-22
C5517	2.84064931601597e-26	0.904362571256895	0.876	0.758	3.21391063614047e-22
C5636	4.06587995035406e-26	0.939404186740379	0.876	0.782	4.60013657583058e-22
C4040	4.70571678139368e-26	0.678734642455612	0.891	0.759	5.32404796646881e-22
C4258	5.82282594954985e-26	0.863574420860582	0.884	0.762	6.58794527932069e-22
C7860	8.02898836244023e-26	0.348154871491191	0.946	0.637	9.08399743326487e-22
C5844	8.45574057585516e-26	0.532212622532554	0.891	0.806	9.56682488752253e-22
C2781	9.44063248671544e-26	0.770373095731356	0.891	0.793	1.06811315954699e-21
C5999	1.027883140262e-25	0.842717207103477	0.876	0.774	1.16294698489242e-21
C5787	1.05919441521109e-25	0.889741843544704	0.876	0.79	1.19837256136983e-21
C4684	1.13031544216928e-25	0.439690359928227	0.938	0.776	1.27883889127032e-21
C4360	1.24285602791604e-25	1.14807181722588	0.876	0.755	1.40616730998421e-21
C3474	1.27427370282299e-25	0.615153168842399	0.876	0.763	1.44171326737393e-21
C6771	1.60552281112832e-25	0.25696865667032	0.969	0.701	1.81648850851058e-21
C5922	1.82439626881719e-25	0.683340337188039	0.876	0.764	2.06412193853976e-21
C5764	2.07968512573711e-25	1.1324380413238	0.868	0.77	2.35295575125897e-21
C4614	2.13201248103231e-25	0.827583147594012	0.876	0.773	2.41215892103996e-21
C5832	2.34303076253106e-25	0.833419326634153	0.845	0.708	2.65090500472764e-21
C4496	2.58325821953677e-25	0.739933123455655	0.891	0.757	2.9226983495839e-21
C6249	3.02234743763419e-25	0.786780623636912	0.891	0.76	3.41948389093932e-21
C3941	3.41494304093532e-25	0.534454095395698	0.884	0.782	3.86366655651422e-21
C2681	3.64778177540651e-25	0.631741756760944	0.884	0.756	4.12710030069493e-21
C5081	4.48162361408105e-25	0.80545045650258	0.907	0.79	5.0705089569713e-21
C5448	4.52608483602833e-25	1.10744479741717	0.86	0.747	5.12081238348246e-21
C3336	6.16401057177379e-25	0.784264830916539	0.86	0.746	6.97396156090487e-21
C5294	7.14407275159122e-25	0.895140726279336	0.876	0.781	8.0828039111503e-21
C5030	8.10407108949501e-25	0.767054605005691	0.899	0.8	9.16894603065466e-21
C2622	8.21086069053511e-25	0.781236866592411	0.876	0.753	9.28976778527143e-21
C10212	8.67339016427108e-25	0.712015996475679	0.899	0.68	9.8130736318563e-21
C5983	9.99052195970328e-25	0.961294971896011	0.853	0.708	1.13032765452083e-20
C5167	1.23714844967793e-24	0.829540916928259	0.884	0.769	1.39970975596561e-20
C2475	1.35755608531377e-24	0.643319553883156	0.868	0.717	1.535938954924e-20
C10231	1.48616865811923e-24	0.594717709099758	0.876	0.661	1.6814512197961e-20
C2669	1.9288328032976e-24	0.303746811514809	0.961	0.812	2.18228143365091e-20
C3397	1.94455226325977e-24	0.956142936905721	0.868	0.742	2.2000664306521e-20
C5945	2.22843651995765e-24	1.28155124326039	0.853	0.706	2.52125307868008e-20
C4138	2.41652350028769e-24	0.767328502848116	0.891	0.786	2.7340546882255e-20
C2811	2.58660790358245e-24	0.530783924361123	0.868	0.742	2.92648818211319e-20
C4267	3.89917545296145e-24	0.924570294969363	0.868	0.759	4.41152710748059e-20
C4807	4.05956044263149e-24	0.750289128756953	0.853	0.725	4.59298668479327e-20
C5106	4.24012089640058e-24	0.801009523614932	0.868	0.782	4.79727278218761e-20
C6187	4.69295216619844e-24	0.627235803549669	0.868	0.742	5.30960608083692e-20
C4681	4.73087814098464e-24	0.666194111272677	0.86	0.773	5.35251552871002e-20
C4254	6.04061933817483e-24	0.734410261477122	0.876	0.79	6.83435671921101e-20
C5830	7.29976865516606e-24	0.683165357277861	0.86	0.727	8.25895825645488e-20
C5500	8.15309278810073e-24	0.571940210530933	0.876	0.738	9.22440918045717e-20
C3485	8.23180451014708e-24	0.70402702773039	0.876	0.768	9.31346362278041e-20
C3172	1.03143496520221e-23	0.793438710502069	0.876	0.766	1.16696551962978e-19
C4055	1.06662433511472e-23	0.731770660588285	0.884	0.781	1.2067787727488e-19
C740	1.17815221834529e-23	0.576138262021251	0.574	0.204	1.33296141983586e-19
C3737	1.78448353670745e-23	1.10922574579008	0.853	0.765	2.0189646734308e-19
C4567	2.01663999044464e-23	0.776828651693978	0.86	0.763	2.28162648518906e-19
C5319	2.16591173322015e-23	0.689588488939636	0.876	0.791	2.45051253496527e-19
C6768	3.23293023837361e-23	0.345604455090304	0.961	0.671	3.6577372716959e-19
C5153	4.76521991572767e-23	0.531938844402164	0.86	0.762	5.39136981265428e-19
C4458	4.90214152243068e-23	0.814328564201799	0.853	0.76	5.54628291847807e-19
C3749	5.22872961427316e-23	0.832939966311891	0.868	0.753	5.91578468558865e-19
C6139	6.33341240744514e-23	0.757470769994079	0.86	0.769	7.16562279778343e-19
C3365	6.44370040899118e-23	0.601695187508595	0.884	0.714	7.29040264273262e-19
C6027	8.13890503925378e-23	0.937615240021185	0.837	0.748	9.20835716141173e-19
C5757	8.47697647302002e-23	0.668372390329874	0.868	0.741	9.59085118157485e-19
C4883	1.02264354206709e-22	0.968497545431107	0.845	0.737	1.15701890349471e-18
C6052	1.44340014487987e-22	0.87288848836237	0.853	0.768	1.63306292391708e-18
C4083	1.48440861047883e-22	1.02031159194014	0.86	0.759	1.67945990189574e-18
C3273	4.26566545264892e-22	0.496932273413821	0.884	0.761	4.82617389312699e-18
C5564	8.67718868784087e-22	0.74613781718358	0.86	0.778	9.81737128142315e-18
C2451	1.03424294418685e-21	0.328299737391418	0.907	0.728	1.170142467053e-17
C3408	1.07607032859687e-21	0.602921512903482	0.891	0.759	1.2174659697745e-17
C4898	2.13481160067382e-21	0.823550153151293	0.822	0.722	2.41532584500236e-17
C3960	2.52876125356272e-21	0.749966966893686	0.837	0.756	2.86104048228086e-17
C2842	3.48142849446672e-21	0.783196355805499	0.845	0.799	3.93888819863964e-17
C4172	4.15751503748183e-21	0.868583668148926	0.853	0.787	4.70381251340695e-17
C5608	6.03934932275043e-21	0.943581803332361	0.845	0.753	6.83291982375984e-17
C4690	6.5670128568267e-21	0.812730718702839	0.853	0.755	7.42991834621372e-17
C4739	7.01337193100547e-21	0.799523505839886	0.837	0.727	7.93492900273958e-17
C8378	1.45403110942143e-20	0.325418060510835	0.992	0.716	1.6450907971994e-16
C4106	1.72902855384945e-20	0.761589728490949	0.837	0.784	1.95622290582527e-16
C3473	2.08283102350146e-20	0.652949111783261	0.86	0.737	2.35651501998955e-16
C2515	2.56407208512527e-20	0.683185219510686	0.853	0.742	2.90099115711073e-16
C7630	2.57163434788817e-20	0.440428143303877	0.93	0.678	2.90954710120067e-16
C2739	2.80079470209244e-20	0.511408173420326	0.876	0.738	3.16881912594738e-16
C4545	4.40093727892284e-20	0.78024593683159	0.845	0.766	4.9792204373733e-16
C6240	4.63216307555493e-20	0.736462052458246	0.837	0.758	5.24082930368284e-16
C6409	5.10879562684245e-20	0.800282761390379	0.822	0.736	5.78009137220955e-16
C3913	5.29106605692975e-20	0.73278953089515	0.845	0.771	5.98631213681032e-16
C5710	7.34472288102563e-20	0.822713656321885	0.86	0.784	8.3098194675924e-16
C3380	8.88492622083005e-20	0.360926271937768	0.86	0.737	1.00524055262471e-15
C3747	1.62177747896847e-19	0.868880278355446	0.822	0.774	1.83487903970493e-15
C5314	1.82510173032263e-19	0.713290255108947	0.837	0.786	2.06492009768702e-15
C4050	4.04191006677295e-19	0.714154242186086	0.86	0.758	4.57301704954691e-15
C2663	5.7438638858604e-19	0.657678259260719	0.845	0.722	6.49860760046245e-15
C6233	1.04633386947003e-18	0.504304688168988	0.814	0.745	1.18382213991839e-14
C4149	1.1994679016087e-18	0.640936509802315	0.837	0.765	1.35707798388008e-14
C5505	1.30139582283813e-18	0.487659983960679	0.845	0.789	1.47239923395906e-14
C5341	1.54237161039488e-18	0.62962020041561	0.837	0.77	1.74503924000077e-14
C4886	1.69424048371477e-18	0.634152440599013	0.822	0.762	1.91686368327489e-14
C5192	4.30728438431456e-18	0.3231254790034	0.884	0.772	4.87326155241349e-14
C3090	4.34321014189016e-18	0.404000851281313	0.837	0.745	4.91390795453453e-14
C3828	6.63547682270879e-18	0.975307758776374	0.814	0.772	7.50737847721272e-14
C4139	3.02925233164689e-17	0.544294341069768	0.837	0.755	3.42729608802529e-13
C6336	4.01408058705011e-17	0.326209390552244	0.845	0.737	4.54153077618849e-13
C3184	5.26380889988862e-17	0.531055183943091	0.814	0.777	5.95547338933399e-13
C6126	5.68117073593747e-17	0.559598667166993	0.814	0.74	6.42767657063966e-13
C4353	8.10257625480782e-17	0.445243717476694	0.814	0.743	9.16725477468957e-13
C4657	8.26599894926406e-17	0.314424126855324	0.845	0.723	9.35215121119735e-13
C4099	1.13690729040214e-16	0.716229049884083	0.822	0.779	1.28629690836098e-12
C5750	1.72833430628295e-16	0.550861579241151	0.814	0.742	1.95543743412853e-12
C4177	1.86795059248585e-16	0.730375914910566	0.791	0.729	2.1133993003385e-12
C3708	3.71969598290423e-16	0.830616859969413	0.814	0.736	4.20846403505784e-12
C2851	5.35930745865454e-16	0.678889092812197	0.829	0.717	6.06352045872175e-12
C5124	5.77002844875763e-16	0.652381201210671	0.829	0.76	6.52821018692438e-12
C5134	6.54142744582437e-16	0.453170950442342	0.814	0.75	7.4009710122057e-12
C3192	7.02307073929196e-16	0.410642536646723	0.907	0.769	7.94590223443492e-12
C3774	1.17930115997575e-15	0.711311209290487	0.798	0.695	1.33426133239656e-11
C4763	1.27021930964756e-15	0.678506504692997	0.806	0.771	1.43712612693525e-11
C5195	1.75673998760151e-15	0.721166167770144	0.814	0.766	1.98757562197235e-11
C3194	2.44738694310938e-15	0.441731454536418	0.891	0.728	2.76897358743396e-11
C5251	3.45140378540485e-15	0.666113172896498	0.798	0.747	3.90491824280705e-11
C5312	3.49077753991114e-15	0.363626954020555	0.829	0.765	3.94946570865546e-11
C6124	1.63671857533305e-14	0.719036259818987	0.806	0.786	1.85178339613182e-10
C5855	3.31440054231057e-14	0.55848027831656	0.791	0.739	3.74991277357018e-10
C4817	3.54347669640423e-14	0.448977435542517	0.798	0.716	4.00908953431175e-10
C6321	4.12358625353654e-14	0.582109206952996	0.791	0.755	4.66542548725124e-10
C6001	1.64376390895345e-13	0.53197025389284	0.829	0.766	1.85975448658994e-09
C2915	4.04420852115044e-13	0.615911163562279	0.798	0.726	4.57561752082961e-09
C5057	2.15948106982082e-12	0.394101408698526	0.791	0.751	2.44323688239527e-08
C5645	3.0129294183031e-12	0.56046280431604	0.775	0.778	3.40882834386813e-08
C5826	3.34755420205101e-12	0.502410307365179	0.822	0.739	3.78742282420052e-08
C4994	4.8854145030014e-12	0.523207939148531	0.775	0.723	5.52735796869578e-08
C6077	5.03413527831622e-12	0.392632134476794	0.791	0.753	5.69562065388697e-08
C4699	5.04532649626842e-12	0.417260737125802	0.791	0.72	5.70828239787809e-08
C4135	6.03092679069694e-12	0.491636226226433	0.791	0.75	6.82339057099451e-08
C5185	7.76491624734569e-12	0.269749660719773	0.837	0.741	8.78522624224691e-08
C4134	7.92027195443058e-12	0.464334166917475	0.806	0.769	8.96099568924275e-08
C5123	8.74406070202646e-11	0.503515612566417	0.775	0.745	9.89303027827273e-07
C4935	1.38782983198563e-10	0.508766006031386	0.752	0.743	1.57019067190855e-06
C4148	1.53898471944217e-10	0.471565435917673	0.783	0.786	1.74120731157687e-06
C3892	1.69044014945402e-10	0.636227798489341	0.752	0.749	1.91256398509228e-06
C4442	2.099836980444e-10	0.351376561324423	0.783	0.767	2.37575555967434e-06
C4799	2.3694812393426e-10	0.630182034419261	0.76	0.765	2.68083107419222e-06
C4566	4.36116535766346e-10	0.326406263663452	0.752	0.734	4.93422248566044e-06
C4069	1.99654582685334e-09	0.586522477570667	0.736	0.72	2.25889194850187e-05
C5607	2.34702178295999e-09	0.361522393746483	0.775	0.754	2.65542044524094e-05
C5624	3.40529820982937e-09	0.284380362554078	0.76	0.714	3.85275439460094e-05
C3012	5.23040283800592e-09	0.314640880723271	0.76	0.733	5.9176777709199e-05
C5302	2.72163273140324e-08	0.498482745732066	0.736	0.748	0.000307925527230963
C5582	2.86268099176152e-08	0.265239732385388	0.729	0.741	0.000323883727407898
C3617	1.02001487163512e-07	0.45029600366614	0.729	0.71	0.00115404482576798
C4911	1.24429014604667e-07	0.33577015729549	0.736	0.719	0.0014077898712372
C5320	1.06071141925486e-06	0.330218743600938	0.713	0.743	0.0120008889974495
