id	p_val	avg_log2FC	pct.1	pct.2	p_val_adj
C1500	3.09365315821431e-44	2.61479194203382	0.957	0.224	3.50015918320367e-40
C935	2.3233173266503e-38	2.41501935754675	0.894	0.207	2.62860122337214e-34
C269	3.18081595803475e-38	2.52285835361404	0.936	0.253	3.59877517492052e-34
C981	1.74096149095966e-37	1.97265993718958	0.915	0.219	1.96972383087176e-33
C615	2.50350426799576e-37	2.17559354725007	0.894	0.21	2.8324647288104e-33
C985	5.12552529243147e-37	2.17092864389011	0.872	0.201	5.79901931585696e-33
C1654	1.70994930001826e-36	1.28733689313247	0.936	0.232	1.93463663804066e-32
C547	1.12059466964051e-35	2.23824644446356	0.957	0.3	1.26784080923127e-31
C881	2.71683720948782e-34	2.83643325846315	0.851	0.216	3.07382961881452e-30
C1251	1.46281490197833e-32	1.81374021033331	0.979	0.316	1.65502878009829e-28
C205	2.74202154888413e-32	2.21054272927744	0.915	0.264	3.1023231804075e-28
C1510	3.69706305498646e-32	1.33911275969642	0.979	0.302	4.18285714041168e-28
C730	5.9794865079056e-32	2.61355968521461	0.872	0.237	6.76519103504439e-28
C313	9.06180770762875e-32	2.22233872653102	1	0.365	1.02525292404112e-27
C1870	3.43157537311231e-31	1.87256295259045	0.872	0.236	3.88248437713927e-27
C2014	3.62730913409065e-31	1.71865262556073	0.915	0.281	4.10393755431016e-27
C2260	3.93846574432464e-31	2.22408823863359	0.936	0.322	4.4559801431289e-27
C231	5.88670586123573e-31	1.88772330872615	1	0.341	6.6602190114021e-27
C206	1.11199728302311e-30	2.08925598973611	0.979	0.366	1.25811372601235e-26
C443	2.62490149336192e-29	1.63442359368215	0.957	0.318	2.96981354958968e-25
C1024	4.64512797575253e-29	2.12416025172314	0.809	0.224	5.25549779176642e-25
C2169	9.21282774911203e-29	1.49708549416162	0.915	0.248	1.04233933153453e-24
C2365	9.60092697775043e-29	1.78977449398838	0.979	0.351	1.08624887826268e-24
C1695	2.00560512903097e-28	1.30208191946543	0.894	0.235	2.26914164298564e-24
C233	1.77205161073927e-27	1.62373459136788	0.979	0.376	2.00489919239042e-23
C1686	6.25583183517381e-27	1.61581795101944	0.936	0.34	7.07784813831565e-23
C8632	1.07754173440744e-26	1.59814413975541	1	0.776	1.21913071830858e-22
C363	1.29948077056043e-26	1.62140645703616	0.936	0.366	1.47023254381207e-22
C4062	1.57113431363244e-26	1.74605431433162	1	0.749	1.77758136244374e-22
C1210	1.68530518956194e-26	1.66673115873127	0.936	0.312	1.90675429147038e-22
C11242	4.61513896017279e-26	2.08635019365794	1	0.719	5.22156821953949e-22
C1792	5.94566014426144e-26	1.37942160554741	1	0.403	6.72691988721739e-22
C457	7.06610906582246e-26	1.15745408611322	0.809	0.198	7.99459579707153e-22
C2322	1.85084019856772e-25	1.678440106038	1	0.408	2.09404060065952e-21
C779	2.13795630573194e-25	1.21019801628475	1	0.383	2.41888376430512e-21
C5288	2.75260119670726e-25	1.92025918292362	1	0.794	3.1142929939546e-21
C9873	2.76739381015667e-25	1.72809651104562	1	0.71	3.13102935681126e-21
C2651	3.0393939506566e-25	1.98038812529414	1	0.739	3.43877031577287e-21
C5330	3.56866473235975e-25	1.86287617587054	1	0.742	4.03758727819182e-21
C3414	3.77470827985195e-25	1.86259797958169	1	0.754	4.27070494782449e-21
C1011	3.99466901284389e-25	1.51653458376886	0.83	0.227	4.51956852113158e-21
C5355	6.69499992388967e-25	1.97983069414299	1	0.729	7.57472291388877e-21
C3616	6.82073817036481e-25	2.156937820308	1	0.719	7.71698316595074e-21
C6696	7.38665440442277e-25	2.37376477481357	1	0.711	8.35726079316393e-21
C2945	8.30180873659597e-25	1.9955183989938	1	0.754	9.39266640458468e-21
C4847	8.57032617098194e-25	1.89702435364251	1	0.743	9.69646702984897e-21
C1267	8.95312482312894e-25	1.73230145215248	0.936	0.335	1.01295654248881e-20
C1392	9.62662948224924e-25	1.64897942863912	0.936	0.335	1.08915685962168e-20
C2695	1.0565946432862e-24	1.94537225862351	1	0.737	1.19543117941401e-20
C3853	1.0565946432862e-24	2.04555055090451	1	0.772	1.19543117941401e-20
C7343	1.27823644413526e-24	1.78678903504933	1	0.738	1.44619671289464e-20
C5877	1.38000564653294e-24	1.81610990449484	1	0.76	1.56133838848736e-20
C7696	1.48194462831939e-24	1.82424762617797	1	0.69	1.67667215248056e-20
C3250	1.521577365424e-24	2.01214496589553	1	0.756	1.72151263124071e-20
C6973	1.60823407247225e-24	1.93488231450943	1	0.706	1.81955602959511e-20
C6672	1.65992907380863e-24	1.71507121963601	1	0.804	1.87804375410709e-20
C4236	2.20581859669111e-24	1.50841770273638	1	0.793	2.49566316029632e-20
C5861	2.39305470954228e-24	1.76722954297851	1	0.766	2.70750209837614e-20
C6446	2.41833346866789e-24	1.78825391686393	1	0.736	2.73610248645085e-20
C3193	2.52875231349249e-24	1.64241857107466	1	0.737	2.8610303674854e-20
C3679	3.0385214105347e-24	1.96644146259753	0.979	0.744	3.43778312387896e-20
C6424	3.90677103804892e-24	1.7830399855426	1	0.771	4.42012075244855e-20
C3318	4.40585191954952e-24	2.04644843893245	1	0.715	4.98478086177833e-20
C7614	4.41734681989373e-24	1.92596577783251	1	0.683	4.99778619202777e-20
C6096	4.56992085653737e-24	1.79282370355282	1	0.769	5.17040845708638e-20
C2947	4.66637670077963e-24	1.75545070407136	1	0.773	5.27953859926207e-20
C2613	4.76484866806413e-24	1.5759890149053	1	0.75	5.39094978304775e-20
C2549	5.33047445616365e-24	1.90849323308796	0.979	0.762	6.03089879970355e-20
C4884	5.71911581907583e-24	2.01111127391385	1	0.761	6.47060763770239e-20
C5961	6.80897833605043e-24	1.7384208425873	0.979	0.748	7.70367808940746e-20
C5614	6.84449322896823e-24	1.92526580518207	1	0.755	7.74385963925465e-20
C11075	7.8349361195473e-24	1.8868910311527	1	0.668	8.86444672565581e-20
C2893	7.95817372911657e-24	1.84668200539077	0.979	0.769	9.00387775712249e-20
C5460	8.31736191500041e-24	1.6812826958822	0.979	0.784	9.41026327063146e-20
C2844	9.9734242779054e-24	1.86062779547434	1	0.755	1.12839322280222e-19
C4610	1.20797916007082e-23	1.54273310467674	1	0.735	1.36670762170413e-19
C6813	1.21739014742802e-23	2.08379691966141	1	0.696	1.37735521280006e-19
C3298	1.28201248823836e-23	1.91253108125668	1	0.712	1.45046892919289e-19
C3236	1.33269795877987e-23	1.94006864411437	1	0.728	1.50781447056354e-19
C1771	1.4068988180637e-23	1.95924101793995	0.851	0.276	1.59176532275728e-19
C6501	1.51250430461062e-23	2.16077306230679	0.979	0.737	1.71124737023646e-19
C11299	1.62546045866125e-23	2.00158251841377	1	0.685	1.83904596292934e-19
C5367	1.68560444957567e-23	2.07038869023876	1	0.75	1.90709287424991e-19
C10553	1.69241324244945e-23	1.78739370530218	1	0.694	1.9147963425073e-19
C2883	1.69869392096856e-23	1.72587352288251	1	0.731	1.92190230218383e-19
C4211	2.06072250841925e-23	1.79506158641597	1	0.763	2.33150144602554e-19
C6476	2.39219826779875e-23	1.90284931021613	1	0.744	2.7065331201875e-19
C3045	2.56401191295644e-23	1.63971646802658	1	0.73	2.90092307831891e-19
C3147	2.56401191295644e-23	1.56854807126802	0.979	0.733	2.90092307831891e-19
C1613	2.63994294655112e-23	1.21119100353536	0.894	0.308	2.98683144972793e-19
C3061	3.06846342505809e-23	1.69315868341718	0.979	0.761	3.47165951911072e-19
C5282	3.0763394312612e-23	1.75978010394233	0.979	0.753	3.48057043252893e-19
C2474	3.22984464778346e-23	1.75071084067561	0.979	0.743	3.65424623450221e-19
C10797	3.50565715248154e-23	1.66866600685974	1	0.676	3.96630050231761e-19
C6239	3.9034482101293e-23	1.98822222976335	1	0.758	4.41636130494029e-19
C2923	5.20924916070276e-23	1.54937231247381	0.979	0.758	5.89374450041911e-19
C2558	5.4677988023331e-23	1.93762303771853	1	0.738	6.18626756495966e-19
C2581	5.58042584430308e-23	1.74060813177	0.979	0.785	6.31369380024451e-19
C2621	5.65198093252934e-23	1.65976980512849	1	0.739	6.39465122706369e-19
C5653	6.10078915812701e-23	1.64258756766525	0.979	0.76	6.9024328535049e-19
C11206	7.42000975697267e-23	1.81711558777224	0.979	0.659	8.39499903903888e-19
C6720	7.90727737269247e-23	1.85121494094137	0.979	0.719	8.94629361946426e-19
C2899	8.8191204218467e-23	1.47583184878607	0.979	0.743	9.97795284527735e-19
C6184	8.86397618340428e-23	1.9750677925131	0.979	0.775	1.00287026539036e-18
C4456	9.83493788472938e-23	1.78914744545284	1	0.757	1.11272487227828e-18
C2634	1.05044772239685e-22	1.32997844106699	1	0.74	1.1884765531198e-18
C3713	1.06383141054588e-22	1.74736904666353	1	0.76	1.2036188578916e-18
C5475	1.17121717287282e-22	1.99350371385449	0.979	0.753	1.32511510938831e-18
C5383	1.35272120413561e-22	1.69360879902191	1	0.778	1.53046877035902e-18
C2008	1.38242290670975e-22	1.21433425376592	0.894	0.299	1.56407327665141e-18
C2654	1.62223852588086e-22	1.81200736745658	0.979	0.743	1.83540066818161e-18
C4624	1.67205908821771e-22	2.05988476862251	0.979	0.767	1.89176765240952e-18
C10181	1.73637639389869e-22	1.98610841558266	1	0.684	1.96453625205698e-18
C4357	2.004417221699e-22	1.84230993181258	0.979	0.749	2.26779764463025e-18
C2678	2.10782005200314e-22	1.76198371270228	0.979	0.747	2.38478760683635e-18
C10104	2.18488372416992e-22	1.78066178479325	0.979	0.676	2.47197744552584e-18
C4077	2.22766817285355e-22	1.80087544694687	0.979	0.739	2.5203837707665e-18
C2835	2.27861894901822e-22	1.39495835993096	1	0.752	2.57802947891922e-18
C4291	2.47550222416272e-22	1.27330640679919	1	0.736	2.80078321641771e-18
C10042	2.48854913254875e-22	1.46832665731582	0.979	0.69	2.81554448856566e-18
C6694	2.89925946964491e-22	1.82685488496755	0.979	0.71	3.28022216395625e-18
C3508	2.92115620008199e-22	1.70898875186937	0.979	0.734	3.30499612477276e-18
C2481	3.40322849967764e-22	1.61401978426535	1	0.727	3.85041272453528e-18
C9429	3.7801104054072e-22	1.39188706056361	1	0.821	4.27681691267771e-18
C3311	3.94414652856213e-22	1.80433707611978	0.979	0.733	4.4624073824152e-18
C2696	4.12551236992102e-22	1.45734210167932	1	0.756	4.66760469532864e-18
C10420	4.29409855082778e-22	1.84131017142438	1	0.699	4.85834310040655e-18
C3282	4.50211758043481e-22	1.44153157879621	0.979	0.759	5.09369583050394e-18
C6735	4.52463690300787e-22	1.836307435486	1	0.708	5.1191741920631e-18
C5626	4.53593832922234e-22	1.68250472120222	1	0.741	5.13196062568215e-18
C5305	5.26769010674273e-22	1.86254799784103	0.979	0.741	5.95986458676873e-18
C3141	5.41398831337464e-22	1.67031941497587	0.979	0.742	6.12538637775207e-18
C2829	5.74728611643529e-22	1.61063834019408	1	0.743	6.50247951213488e-18
C2834	5.76160564712134e-22	1.51393130555786	0.979	0.766	6.51868062915308e-18
C3191	5.8482672357982e-22	1.48105902945334	1	0.772	6.61672955058209e-18
C9244	5.96582545600912e-22	0.937660372813102	1	0.81	6.74973492092871e-18
C3394	6.13129470757196e-22	1.91782562378024	0.957	0.712	6.93694683214691e-18
C2966	6.23894951174958e-22	1.54084553235924	0.979	0.746	7.05874747759347e-18
C2464	6.28565790738002e-22	1.83693010599706	1	0.726	7.11159335640975e-18
C2596	6.34847442859646e-22	1.71387317901531	0.979	0.759	7.18266396851403e-18
C6471	7.0118237961189e-22	1.81597778429908	0.979	0.749	7.93317744292892e-18
C2707	7.42383955529301e-22	1.36914701157575	1	0.747	8.39933207285851e-18
C2875	7.62927095478114e-22	1.77856013625444	0.979	0.763	8.63175715823939e-18
C7036	7.66722079778396e-22	1.53628681950912	0.979	0.728	8.67469361061277e-18
C835	7.7247096743108e-22	1.34665524710277	0.936	0.335	8.73973652551524e-18
C6475	7.8597965367687e-22	1.53481875862946	0.979	0.763	8.89257380170011e-18
C3951	8.21856733798336e-22	1.59578904438077	1	0.73	9.29848708619438e-18
C2556	9.55919740883084e-22	1.44547621393095	0.979	0.739	1.08152759483512e-17
C2453	9.75035162129686e-22	1.60741721372197	0.979	0.742	1.10315478243353e-17
C4413	1.0094014764566e-21	1.3409482200091	1	0.718	1.142036830463e-17
C7533	1.07112525128353e-21	1.83968834554601	0.979	0.754	1.21187110930218e-17
C3652	1.10064939554454e-21	1.86052518372906	1	0.701	1.24527472611909e-17
C9477	1.12818746602119e-21	1.29773703746586	1	0.842	1.27643129905637e-17
C3580	1.21495791401516e-21	1.58926284041458	0.979	0.711	1.37460338391675e-17
C2931	1.35429351011357e-21	1.44991375551845	0.979	0.76	1.5322476773425e-17
C3475	1.38810231855644e-21	1.64866985333869	0.979	0.754	1.57049896321476e-17
C3366	1.74962846220146e-21	1.20023498227674	1	0.747	1.97952964213473e-17
C3112	1.83330382137e-21	1.73951866902879	0.979	0.716	2.07419994349802e-17
C8241	1.86511939832128e-21	1.72636248444868	0.979	0.678	2.1101960872607e-17
C2746	1.9590620291749e-21	1.62800728139455	0.957	0.749	2.21648277980849e-17
C3259	2.09334814043332e-21	1.63542055717151	0.979	0.744	2.36841408608626e-17
C3623	2.30353920569123e-21	1.44295995310107	1	0.746	2.60622425731906e-17
C6160	3.21342564310624e-21	1.26708255688244	1	0.719	3.6356697726104e-17
C3969	3.31711483798482e-21	1.91645552682637	0.979	0.736	3.75298372769603e-17
C4687	3.34968001565224e-21	1.34133766322483	0.979	0.729	3.78982796970894e-17
C4263	3.62184343502538e-21	1.57877544092251	0.979	0.742	4.09775366238772e-17
C11023	4.01243212590243e-21	1.62041380615351	1	0.677	4.539665707246e-17
C3808	4.01249384117054e-21	1.65902172482553	1	0.741	4.53973553190034e-17
C2859	4.99541975685964e-21	1.34437885801845	0.979	0.722	5.651817912911e-17
C3604	5.03199256952905e-21	1.56902468100334	0.979	0.753	5.69319639316517e-17
C4553	5.7934652637919e-21	1.46858100404251	1	0.744	6.55472659945416e-17
C2579	5.97918978163426e-21	1.63466573784809	0.979	0.747	6.764855318941e-17
C3781	6.54063429787788e-21	2.24747973221138	0.957	0.735	7.40007364461903e-17
C2956	8.07454978423459e-21	1.43815284797261	0.979	0.702	9.13554562588301e-17
C2777	1.08409819670581e-20	1.81351603804502	1	0.76	1.22654869975295e-16
C384	1.14932507947939e-20	1.32715216603252	0.851	0.297	1.30034639492298e-16
C7078	1.19092015996412e-20	1.99102374448578	0.957	0.716	1.3474070689834e-16
C3053	1.21701296710256e-20	1.44213411137314	0.979	0.745	1.37692847097983e-16
C3448	1.36930903540628e-20	1.41098182451128	0.957	0.735	1.54923624265866e-16
C7476	1.45762155392636e-20	1.91052944057198	0.957	0.731	1.64915302611228e-16
C2045	1.70824317840659e-20	1.32886448258475	0.936	0.388	1.93270633204922e-16
C2583	1.76198527314503e-20	1.55077817057464	0.957	0.77	1.99351013803629e-16
C3500	1.80041929849924e-20	1.62969674800573	0.979	0.739	2.03699439432204e-16
C5720	1.82650130431142e-20	1.70152209044775	0.957	0.742	2.06650357569794e-16
C4762	1.9910250914781e-20	1.8123267494229	0.979	0.723	2.25264578849832e-16
C1000	1.99365653974771e-20	1.38338550903283	0.936	0.394	2.25562300907056e-16
C6452	2.02467707625866e-20	1.6576012730103	0.979	0.7	2.29071964407905e-16
C6046	2.06382550989079e-20	1.71907120355402	0.957	0.716	2.33501218189044e-16
C2905	2.08367944702848e-20	1.37362774755316	0.979	0.758	2.35747492636802e-16
C6178	2.25484509455281e-20	1.33429104159627	0.979	0.756	2.55113173997705e-16
C3239	2.29290218949355e-20	1.16795890771545	0.979	0.73	2.59418953719301e-16
C5550	2.50486069024129e-20	1.64779554975032	0.979	0.703	2.83399938493899e-16
C1917	2.51421268444617e-20	1.03536733143233	0.894	0.327	2.84458023118239e-16
C3483	2.72965000801849e-20	1.62716416611915	0.957	0.704	3.08832601907212e-16
C5717	2.87672137170683e-20	1.66492384477093	0.979	0.771	3.25472255994911e-16
C2597	3.02440548325168e-20	1.98719624655841	0.979	0.725	3.42181236375095e-16
C6673	3.24846999524966e-20	1.09794589702727	1	0.754	3.67531895262546e-16
C5939	3.32674512007215e-20	1.84368967704274	0.979	0.736	3.76387942884963e-16
C3028	3.3505891818469e-20	1.77737151444748	0.957	0.716	3.79085660034159e-16
C3319	3.69390000749165e-20	1.46090848009662	0.979	0.736	4.17927846847606e-16
C7867	3.74697487922156e-20	1.82924975833007	0.957	0.735	4.23932737835128e-16
C506	3.92747705679027e-20	1.32477477917483	0.851	0.288	4.44354754205251e-16
C7680	4.15991690840456e-20	1.38557223074144	0.979	0.771	4.70652999016891e-16
C923	4.17490929260382e-20	1.41768884516424	0.915	0.4	4.72349237365196e-16
C659	5.02728632956957e-20	1.56353474190232	0.957	0.421	5.68787175327501e-16
C6315	5.55511550252554e-20	1.50743159299775	0.979	0.708	6.28505767955739e-16
C7727	6.26725377118342e-20	1.46999706665342	0.979	0.72	7.09077091671692e-16
C2527	6.95366461606077e-20	1.66580981617233	0.957	0.755	7.86737614661115e-16
C1609	6.97000903125741e-20	1.43429094684522	0.894	0.383	7.88586821796463e-16
C156	7.48225057565947e-20	0.893794275441597	0.915	0.356	8.46541830130113e-16
C6454	7.86115271422122e-20	1.87015344190909	0.957	0.758	8.89410818086989e-16
C1135	9.90414475343142e-20	1.07218462350335	0.702	0.19	1.12055493740323e-15
C10065	1.04058270875736e-19	1.73620849448729	0.936	0.692	1.17731527668807e-15
C4375	1.09278600749388e-19	1.48334551689645	0.979	0.77	1.23637808887858e-15
C4068	1.13728133397743e-19	1.771989476249	0.957	0.767	1.28672010126207e-15
C2506	1.15883528658473e-19	1.19662430874841	1	0.812	1.31110624324197e-15
C3349	1.34014807663426e-19	1.10043608126672	0.979	0.73	1.516243533904e-15
C7967	1.42427883026377e-19	1.30531971244652	0.979	0.662	1.61142906856043e-15
C4001	1.64654290049359e-19	1.42478366367324	0.957	0.758	1.86289863761845e-15
C7621	2.07932953264461e-19	1.43932315533347	0.979	0.636	2.35255343323411e-15
C6552	2.49914654863121e-19	1.4859061053238	0.957	0.738	2.82753440512135e-15
C6608	2.76179113895175e-19	1.75594933886719	0.979	0.778	3.12469049461001e-15
C3416	3.18176461911249e-19	1.27222895742117	1	0.747	3.59984849006387e-15
C2694	3.24132734866368e-19	1.48973489151961	0.957	0.735	3.66723776227809e-15
C4792	3.55606915365764e-19	1.2691343877685	0.957	0.734	4.02333664044825e-15
C6774	3.80295718340848e-19	1.2556405483101	1	0.769	4.30266575730835e-15
C2526	4.25915441185694e-19	1.6927205609745	0.957	0.725	4.81880730157494e-15
C2463	4.31860503541229e-19	1.31146134029756	0.957	0.732	4.88606973706546e-15
C3923	4.52275644087405e-19	2.08263362476066	0.936	0.729	5.1170466372049e-15
C4243	4.6713061005462e-19	1.61623732389455	0.979	0.743	5.28511572215797e-15
C5578	4.71462715226339e-19	1.79184862457131	0.957	0.747	5.3341291600708e-15
C4926	5.04079895940489e-19	1.64202212380045	0.957	0.742	5.7031599426707e-15
C6276	5.82815551983202e-19	1.35853427184254	0.957	0.71	6.59397515513795e-15
C3839	6.18745131690733e-19	1.5421373413994	0.957	0.769	7.00048241994895e-15
C5593	6.38989220041416e-19	1.6777841426963	0.957	0.737	7.22952403554859e-15
C4813	8.24430805371188e-19	1.39479785164469	0.957	0.746	9.32761013196962e-15
C3632	8.47416343979559e-19	1.46899231578531	0.936	0.695	9.58766851578473e-15
C6115	8.53260932206557e-19	1.5715032935579	0.957	0.737	9.65379418698499e-15
C7217	9.96953164369164e-19	1.17832501725462	1	0.663	1.12795281016727e-14
C10357	1.12904257211912e-18	1.35570309568616	0.957	0.695	1.27739876609557e-14
C5259	1.15391329072955e-18	1.39253335947274	1	0.716	1.30553749713141e-14
C6061	1.22164791180963e-18	1.29816136923367	0.957	0.707	1.38217244742142e-14
C6206	1.26415805304465e-18	1.92404794751963	0.936	0.76	1.43026842121472e-14
C2898	1.40704243533558e-18	1.52072556624196	0.957	0.745	1.59192781133868e-14
C5735	1.44600934048377e-18	1.29446142876522	0.957	0.718	1.63601496782334e-14
C3497	1.47929435588898e-18	1.63808202320157	0.936	0.721	1.67367363425279e-14
C3517	1.63496592759401e-18	1.42493408459276	0.979	0.74	1.84980045047986e-14
C9274	1.6461503936407e-18	1.06504466608016	1	0.777	1.86245455536509e-14
C9997	1.6772393916414e-18	1.62726038059581	0.957	0.687	1.89762864770308e-14
C3199	1.7622343881158e-18	1.63413041231887	0.957	0.711	1.99379198671421e-14
C3583	1.92529980173301e-18	1.47192071864568	0.936	0.743	2.17828419568072e-14
C3488	2.00096092743801e-18	1.45024977647958	0.957	0.728	2.26388719330336e-14
C3685	2.30262179674389e-18	1.18101741847417	0.979	0.719	2.60518630083603e-14
C4937	2.36599336220232e-18	1.91035009317038	0.936	0.727	2.67688488999571e-14
C3051	2.41464925904253e-18	1.33530479686816	0.957	0.777	2.73193417168071e-14
C2395	2.58408090348713e-18	0.800945245961904	0.979	0.734	2.92362913420533e-14
C3062	2.6913193188566e-18	1.92282353028936	0.936	0.748	3.04495867735436e-14
C5670	2.90600643989004e-18	1.09965679441933	0.979	0.718	3.28785568609159e-14
C5117	2.93234980546954e-18	0.954538007450196	0.979	0.795	3.31766056990824e-14
C1623	3.33479671923514e-18	1.37740490983223	0.915	0.405	3.77298900814264e-14
C3434	3.487972583491e-18	1.80987490487427	0.957	0.736	3.94629218096171e-14
C2698	3.85954496077373e-18	1.25129072393539	0.979	0.747	4.3666891686194e-14
C5239	4.194121246673e-18	1.74476952014337	0.936	0.744	4.74522877848584e-14
C8631	4.4362340372079e-18	0.294131278805631	1	0.776	5.01915518969702e-14
C4256	4.6921339686898e-18	1.00226115934371	0.979	0.722	5.30868037217564e-14
C4424	4.6921339686898e-18	1.24021795114391	0.957	0.751	5.30868037217564e-14
C6994	5.39135081153184e-18	1.56930679692914	0.936	0.756	6.09977430816713e-14
C7527	5.57540855129507e-18	1.35732856300585	0.979	0.685	6.30801723493525e-14
C2386	5.65121451903932e-18	1.59909436833822	0.894	0.406	6.39378410684109e-14
C2816	5.75278539311723e-18	0.964344542574929	0.979	0.748	6.50870139377284e-14
C7701	5.90924790491111e-18	1.2267749986571	0.957	0.636	6.68572307961643e-14
C8076	6.12441483622899e-18	1.28505926114319	0.979	0.642	6.92916294570948e-14
C8070	8.07602844674344e-18	1.06786911667039	0.979	0.654	9.13721858464553e-14
C3417	8.36888337581428e-18	1.33339090111363	0.979	0.716	9.46855465139628e-14
C10636	8.94600580684408e-18	1.27020595183209	0.979	0.732	1.01215109698634e-13
C3335	9.97571204969122e-18	1.30935780410845	0.957	0.739	1.12865206130206e-13
C2839	1.01319756878456e-17	1.27938825352815	0.957	0.729	1.14633172932285e-13
C5454	1.12206669109635e-17	1.21742731072925	0.957	0.746	1.26950625430641e-13
C2566	1.22064640177195e-17	1.32049425843058	0.957	0.722	1.38103933896478e-13
C2225	1.48426435410813e-17	1.04571560601012	0.851	0.327	1.67929669023794e-13
C3277	1.50938524763414e-17	1.39832447958456	0.957	0.758	1.70771846917327e-13
C2968	1.51941885210714e-17	1.41138859585025	0.957	0.738	1.71907048927402e-13
C7240	1.53628798134521e-17	1.65115408219589	0.979	0.62	1.73815622209398e-13
C7406	1.60563238677387e-17	1.31439724486795	0.936	0.704	1.81661248239596e-13
C5265	1.60917953159913e-17	1.54245640227045	0.979	0.727	1.82062572205125e-13
C2669	1.69293199633951e-17	0.840534263208229	0.979	0.818	1.91538326065852e-13
C3175	1.89846756795374e-17	1.28567376104378	0.979	0.711	2.14792620638286e-13
C3463	1.90265231437423e-17	1.29238397058708	0.957	0.743	2.15266082848301e-13
C8078	1.98391420693497e-17	0.902879991767382	0.957	0.716	2.24460053372622e-13
C4719	2.03699204306728e-17	1.51139887249456	0.957	0.747	2.30465279752632e-13
C5050	2.03699204306728e-17	1.68570967224791	0.936	0.74	2.30465279752632e-13
C10906	2.0504474227129e-17	1.36145580028919	0.979	0.647	2.31987621405737e-13
C5204	2.34463685611685e-17	1.74104557329992	0.936	0.749	2.65272213901061e-13
C10803	2.57649628345928e-17	1.52665445473409	0.957	0.713	2.91504789510583e-13
C2259	2.58854016065812e-17	0.772008527485489	0.872	0.348	2.92867433776859e-13
C5545	2.85616988680917e-17	1.51278977844765	0.957	0.755	3.2314706099359e-13
C9752	3.3288124310796e-17	0.955744340205649	1	0.848	3.76621838452346e-13
C5926	3.34339323447219e-17	1.10070668362961	0.957	0.727	3.78271510548183e-13
C3317	3.62478912015387e-17	0.7647975925711	0.979	0.79	4.10108641054209e-13
C6065	4.34380728451902e-17	1.08273287014454	0.957	0.73	4.91458356170482e-13
C10903	4.82193542833102e-17	0.900861004678949	1	0.821	5.45553774361372e-13
C3136	5.49339161810676e-17	0.637338730208432	0.979	0.754	6.21522327672599e-13
C3579	5.55333003056475e-17	0.718619832707056	1	0.745	6.28303759658096e-13
C7044	5.63832883610058e-17	1.03620163510988	0.979	0.723	6.37920524516419e-13
C7872	5.81219422862616e-17	0.757869504230668	0.957	0.737	6.57591655026763e-13
C6116	6.05663877123038e-17	1.39305849810434	0.936	0.731	6.85248110577005e-13
C5452	6.33862103388032e-17	1.38603577551799	0.957	0.72	7.17151583773219e-13
C8103	6.39378149549106e-17	0.999529771024313	0.957	0.634	7.23392438399859e-13
C3093	6.51962939253658e-17	1.34844530041085	0.957	0.731	7.37630869471589e-13
C3526	6.60488197578404e-17	1.63692596019608	0.915	0.744	7.47276346740206e-13
C5886	7.03268646651089e-17	0.954467357889502	0.957	0.743	7.95678146821042e-13
C4438	7.43939854724832e-17	1.11912098620884	0.957	0.738	8.41693551635675e-13
C3515	7.73446925628171e-17	1.52501903647173	0.957	0.746	8.75077851655713e-13
C2652	8.12835051669632e-17	1.42053342469582	0.957	0.728	9.19641577459022e-13
C2894	8.2343143281346e-17	1.49427208984097	0.936	0.746	9.31630323085149e-13
C6730	8.78491195410229e-17	1.37759375007217	0.936	0.654	9.93924938487133e-13
C1268	9.97877354465343e-17	1.287149539156	0.894	0.387	1.12899843884209e-12
C5021	1.10371647257604e-16	1.65338860276536	0.936	0.743	1.24874481707253e-12
C4952	1.18736472299298e-16	1.08537417620675	0.957	0.739	1.34338444759426e-12
C5001	1.19247533691533e-16	0.960150438268702	0.957	0.716	1.349166596186e-12
C3595	1.21574280324495e-16	1.68746860083315	0.915	0.703	1.37549140759134e-12
C3730	1.28826440819614e-16	1.39355066172623	0.957	0.732	1.45754235143311e-12
C3513	1.3077523108561e-16	1.68769136032146	0.936	0.739	1.47959096450259e-12
C3004	1.31337347406721e-16	1.55172368154642	0.915	0.739	1.48595074855965e-12
C3413	1.48081099580989e-16	0.89785232176164	0.957	0.74	1.67538956065931e-12
C7234	1.56554071365734e-16	1.2316165019619	0.957	0.639	1.77125276343192e-12
C4562	1.6409550012093e-16	1.17563675721505	0.957	0.768	1.8565764883682e-12
C1336	1.71529378865905e-16	0.880633440268178	0.915	0.413	1.94068339248885e-12
C7699	1.76083932850286e-16	1.87762167540415	0.936	0.677	1.99221361626813e-12
C4428	2.05756402598379e-16	1.22167384227889	0.957	0.737	2.32792793899807e-12
C8212	2.42399056411333e-16	1.38441658583963	0.936	0.721	2.74250292423782e-12
C8125	2.50784514852772e-16	0.942891977696845	0.957	0.725	2.83737600104426e-12
C7970	2.73019006060436e-16	1.06294870497219	0.979	0.643	3.08893703456778e-12
C8059	3.68806413182162e-16	1.0013101233112	0.957	0.652	4.17267575874298e-12
C2848	3.96265718353735e-16	1.29722470769965	0.957	0.758	4.48335033745415e-12
C7111	4.02164335237464e-16	0.842028890906163	0.957	0.724	4.55008728887666e-12
C3681	4.03014028324532e-16	1.80781808854989	0.915	0.747	4.55970071646375e-12
C2706	4.99651712165702e-16	1.07289321163641	0.979	0.803	5.65305947144276e-12
C4606	5.02815294795288e-16	1.04369350531926	0.957	0.761	5.68885224531388e-12
C3312	5.24416132542117e-16	1.51585939789037	0.915	0.734	5.93324412358151e-12
C5437	5.31072887486998e-16	1.21504112362018	0.936	0.735	6.0085586490279e-12
C5087	5.48081245015088e-16	1.58915939195459	0.936	0.757	6.20099120610071e-12
C5438	5.53869111487572e-16	1.2987386971797	0.915	0.725	6.26647512737039e-12
C6670	5.71596503701103e-16	1.63406387068525	0.915	0.688	6.46704284287428e-12
C4674	6.17749801874029e-16	1.26354688747451	0.936	0.753	6.98922125840276e-12
C4718	6.78852656923258e-16	1.19509472497982	0.936	0.717	7.68053896042974e-12
C993	7.26097596540436e-16	1.06369711737362	0.894	0.388	8.2150682072585e-12
C3447	7.64857536728393e-16	0.439220625682308	1	0.757	8.65359817054504e-12
C3383	7.85928439819485e-16	0.999544628744078	0.957	0.727	8.89199436811766e-12
C9863	8.28069416018728e-16	0.676955180731168	1	0.806	9.36877737283589e-12
C5186	8.31535296535852e-16	1.67338450748548	0.936	0.72	9.40799034500663e-12
C3382	8.7791360306922e-16	1.28398110240904	0.915	0.714	9.93271450512515e-12
C5352	8.79747377982039e-16	1.57883043254355	0.936	0.773	9.95346183448879e-12
C4667	9.28772686191033e-16	1.02741119806277	0.979	0.779	1.05081341715653e-11
C7671	9.52298191112053e-16	1.30403807540659	0.936	0.713	1.07743017342418e-11
C3528	1.02431901159108e-15	0.55033995500834	0.979	0.732	1.15891452971415e-11
C4495	1.23764701426922e-15	1.27810833645934	0.957	0.746	1.4002738319442e-11
C4299	1.32261589140096e-15	1.41214903137759	0.915	0.706	1.49640761953105e-11
C6885	1.35313092528463e-15	1.0864916693862	0.957	0.706	1.53093232886704e-11
C7421	1.58048765012174e-15	1.56667665223599	0.979	0.733	1.78816372734773e-11
C2418	1.67814738161196e-15	0.740071450466662	0.979	0.796	1.89865594755577e-11
C2480	1.7345482038056e-15	1.3583599899119	0.936	0.732	1.96246783778566e-11
C2637	1.88384748378885e-15	0.941652248513259	0.979	0.742	2.13138504315871e-11
C3073	2.01648982642973e-15	1.07274979842511	0.957	0.79	2.2814565896226e-11
C4437	2.13182180962014e-15	1.2230772236574	0.936	0.729	2.41194319540423e-11
C7926	2.86571241942297e-15	1.40520447617118	0.936	0.653	3.24226703133515e-11
C7984	2.94308711148761e-15	0.970585059014522	0.957	0.668	3.32980875793709e-11
C4447	2.95517208760174e-15	0.991312162655419	0.936	0.739	3.34348169991261e-11
C7854	3.11679450872714e-15	1.51369584813074	0.894	0.69	3.52634130717389e-11
C7985	3.54539316507397e-15	1.27908464955057	0.915	0.687	4.01125782696469e-11
C6114	3.85496788061546e-15	1.35566907653618	0.936	0.742	4.36151066012833e-11
C5147	3.99914590592934e-15	0.76080825543666	0.957	0.794	4.52463367796846e-11
C5138	4.37430860306455e-15	0.994929924317916	0.915	0.726	4.94909275350723e-11
C6322	4.47338735206759e-15	1.3099178312105	0.915	0.7	5.06119045012927e-11
C4801	4.53758432352543e-15	1.13374373025695	0.957	0.739	5.13382290363668e-11
C2954	4.8329593839128e-15	1.3122892001541	0.936	0.731	5.46801024695894e-11
C6575	5.28495064746271e-15	1.41516869121685	0.915	0.681	5.97939316253931e-11
C9	5.39250660493953e-15	0.787079865808304	0.936	0.452	6.10108197282859e-11
C5412	5.54877255823237e-15	1.50725481128009	0.957	0.758	6.27788127238411e-11
C6013	5.98109724600203e-15	1.27965628627724	0.936	0.727	6.7670134241267e-11
C4947	6.16566137374638e-15	1.55616821332983	0.915	0.709	6.97582927825665e-11
C5126	6.22841975361417e-15	1.56012087984978	0.936	0.708	7.04683410923907e-11
C3799	6.33014338127489e-15	0.892401535120712	0.957	0.79	7.16192422157441e-11
C3581	6.63179580625358e-15	0.905335725593936	0.936	0.831	7.5032137751953e-11
C7340	6.78102282042046e-15	1.46484355334861	0.936	0.682	7.67204921902371e-11
C2926	8.78013345664008e-15	0.28428310057042	1	0.816	9.93384299284258e-11
C6480	9.92688892360355e-15	1.47474808710048	0.894	0.717	1.12312821281651e-10
C5583	1.08443420099124e-14	1.46884955414086	0.915	0.75	1.22692885500149e-10
C7389	1.14022781618146e-14	0.920385958932266	0.957	0.72	1.29005375122771e-10
C2821	1.20849352556777e-14	1.16067507752101	0.936	0.716	1.36728957482737e-10
C3540	1.21821968967132e-14	0.845106297760034	0.957	0.822	1.37829375689413e-10
C4222	1.31454525316363e-14	1.15081543053746	0.936	0.694	1.48727649942934e-10
C3598	1.33575952543897e-14	1.39602996044871	0.894	0.718	1.51127832708165e-10
C5493	1.8346070425402e-14	0.828135084252664	0.936	0.782	2.07567440792998e-10
C5197	2.22470229662397e-14	0.807461749581783	0.957	0.773	2.51702817840036e-10
C6503	2.35642275114432e-14	1.40757195137274	0.936	0.777	2.66605670064468e-10
C6583	2.43717379024792e-14	0.725542845757388	0.957	0.692	2.7574184262865e-10
C7132	2.71215920245852e-14	1.50789243830797	0.915	0.654	3.06853692166157e-10
C8325	2.84396342102828e-14	1.62404547189196	0.894	0.689	3.2176602145514e-10
C2729	3.1764989212609e-14	0.894753521836847	0.936	0.729	3.59389087951458e-10
C8291	3.25258254083004e-14	1.02769799766953	0.957	0.661	3.6799718866951e-10
C3928	3.52630603621526e-14	1.18101738621884	0.957	0.704	3.98966264937394e-10
C5477	3.62486446023377e-14	0.961966247471316	0.957	0.781	4.10117165030848e-10
C3873	3.74818972159881e-14	0.488764153832894	1	0.766	4.24070185101689e-10
C3035	3.80016169286713e-14	0.987662871168275	0.936	0.726	4.29950293930987e-10
C5724	3.83017745797211e-14	1.32009937326943	0.936	0.692	4.33346277594965e-10
C5051	3.83771775337488e-14	1.30256240548071	0.915	0.735	4.34199386616834e-10
C7975	5.33545384174181e-14	1.03062475656662	0.915	0.667	6.03653247654668e-10
C5637	5.6687890597138e-14	0.972652043336461	0.936	0.723	6.41366794216019e-10
C4373	5.89462271318305e-14	1.48561694923583	0.894	0.741	6.66917613769531e-10
C2450	7.10781327711312e-14	0.394947559009997	0.936	0.746	8.04177994172578e-10
C6505	9.13168445428315e-14	1.13617237499961	0.936	0.731	1.0331587791576e-09
C4652	9.36463757338682e-14	0.81321809642169	0.957	0.761	1.05951509505298e-09
C4889	9.92474382977402e-14	0.895932484436932	0.894	0.716	1.12288551690063e-09
C6772	9.98253306801719e-14	0.855969285200556	0.957	0.644	1.12942379131547e-09
C6504	1.00406529908226e-13	1.65327594556128	0.936	0.714	1.13599947938167e-09
C3673	1.00601001047052e-13	1.02286024266176	0.936	0.746	1.13819972584634e-09
C7289	1.04771481727138e-13	1.07886474300491	0.936	0.693	1.18538454426084e-09
C1560	1.12759424227423e-13	0.876492659086611	0.851	0.463	1.27576012570907e-09
C3306	1.14509572936163e-13	0.772490499323284	0.979	0.791	1.29556130819975e-09
C3396	1.18786615031769e-13	0.734539326820733	0.936	0.727	1.34395176246943e-09
C6399	1.30554722584408e-13	1.41709149874646	0.936	0.731	1.47709613131999e-09
C3314	1.62859384946645e-13	0.987314257597431	0.915	0.715	1.84259108128635e-09
C3238	1.99522348207936e-13	1.06206683785308	0.957	0.773	2.25739584762459e-09
C6317	2.12104531146144e-13	1.01334461975641	0.936	0.821	2.39975066538747e-09
C3113	2.25035561076727e-13	1.15158132918622	0.936	0.72	2.54605233802209e-09
C8273	2.33340569500131e-13	0.898617925346245	0.915	0.713	2.64001520332448e-09
C3699	2.41026098283385e-13	1.40449032421301	0.894	0.774	2.72696927597821e-09
C3011	2.61593267690773e-13	1.08232675121405	0.915	0.739	2.9596662306534e-09
C4803	2.95434542694746e-13	0.760823911392932	0.957	0.771	3.34254641604836e-09
C7538	3.2792522146681e-13	0.758627189439602	0.957	0.66	3.71014595567549e-09
C7573	3.45788961910956e-13	1.20926222184277	0.894	0.628	3.91225631506056e-09
C4842	3.80095737465536e-13	0.95520653434942	0.915	0.731	4.30040317368507e-09
C2994	4.32167851810851e-13	0.943260228576098	0.915	0.741	4.88954707538796e-09
C10347	4.42259547203555e-13	1.22475302992386	0.894	0.662	5.00372451706102e-09
C1266	5.22454307652572e-13	0.718184901767445	0.702	0.257	5.9110480367812e-09
C8284	5.30594302381116e-13	0.340356017002646	0.957	0.775	6.00314393713995e-09
C6440	7.36438372344103e-13	0.923968014211345	0.915	0.785	8.33206374470118e-09
C7974	7.75955808352322e-13	1.454614366143	0.915	0.609	8.77916401569817e-09
C674	8.1942676958077e-13	0.901773747165744	0.809	0.366	9.27099447103684e-09
C5486	8.32932789843413e-13	1.31745627243603	0.894	0.685	9.42380158428837e-09
C4673	1.21653380363263e-12	0.826130776353764	0.936	0.75	1.37638634542996e-08
C32	1.21769393456555e-12	0.571047285356735	0.894	0.415	1.37769891756746e-08
C2375	1.22313180266582e-12	0.70105423313901	0.787	0.357	1.38385132153611e-08
C7300	1.23467337895831e-12	0.526973595564274	0.936	0.706	1.39690946095343e-08
C6961	1.26238142301404e-12	0.858386030280155	0.894	0.647	1.42825834199808e-08
C7048	1.40773714106224e-12	1.35184619690332	0.894	0.672	1.59271380139782e-08
C4114	1.77531940302749e-12	0.289847558212764	0.957	0.781	2.0085963725853e-08
C7505	1.77531940302749e-12	0.947628453847795	0.894	0.678	2.0085963725853e-08
C3880	1.90360170424225e-12	0.51343086672197	0.936	0.794	2.15373496817968e-08
C3369	2.08632838164764e-12	0.72743171388717	0.936	0.783	2.36047193099614e-08
C6590	2.11324587238373e-12	1.53259100152895	0.872	0.697	2.39092638001495e-08
C3932	2.23660394443775e-12	0.99238256703799	0.872	0.722	2.53049370273687e-08
C4378	2.32415372540479e-12	1.18161135177278	0.894	0.721	2.62954752492298e-08
C2855	2.38437851895582e-12	1.04816259965495	0.915	0.715	2.69768585634662e-08
C4368	2.51403968833445e-12	0.501665338938656	0.957	0.754	2.8443845033816e-08
C7161	2.6074646596981e-12	0.758478612725858	0.936	0.669	2.95008551598243e-08
C3884	2.70429204255047e-12	1.15827466568032	0.872	0.707	3.0596360169416e-08
C4932	2.7842850502543e-12	1.18652167868677	0.872	0.725	3.15014010585771e-08
C5533	2.85098400364442e-12	0.895072931244992	0.936	0.779	3.2256033017233e-08
C8158	3.37603386956216e-12	0.607775377564663	0.957	0.666	3.81964472002263e-08
C10458	4.46860881918008e-12	1.24881428119438	0.915	0.688	5.05578401802035e-08
C5873	4.7346851365996e-12	1.55981736831031	0.894	0.704	5.35682276354878e-08
C3160	4.96176755699793e-12	1.13461206795795	0.915	0.715	5.61374381398746e-08
C4012	5.1344300338493e-12	1.07652703571952	0.894	0.761	5.8090941402971e-08
C4100	5.16222557329658e-12	1.60012978421785	0.894	0.758	5.84054201362775e-08
C7077	5.22765668261275e-12	0.942321227082953	0.915	0.621	5.91457077070807e-08
C4292	6.60155649741395e-12	1.04744537813263	0.894	0.723	7.46900102117415e-08
C8090	7.11682319420582e-12	1.43122047220126	0.894	0.683	8.05197376192447e-08
C7845	7.6032563312769e-12	0.698145341262154	0.936	0.752	8.60232421320668e-08
C2919	7.61684543466415e-12	0.634354670611168	0.915	0.733	8.61769892477902e-08
C7630	7.75405213330433e-12	0.435531232887447	0.957	0.688	8.77293458362052e-08
C3395	8.28309683081886e-12	1.01725356789476	0.894	0.713	9.37149575438846e-08
C3332	9.02239252826982e-12	0.748794188714615	0.936	0.792	1.02079349064845e-07
C564	1.02418277328593e-11	0.970513219664733	0.809	0.38	1.1587603896957e-07
C6443	1.12844452526795e-11	0.86350186041411	0.894	0.744	1.27672213588816e-07
C5192	1.19422192225865e-11	0.623181909757823	0.936	0.775	1.35114268284344e-07
C2588	1.2438045978289e-11	0.948843968617044	0.915	0.755	1.40724052198362e-07
C4241	1.78785316642063e-11	1.10678619360002	0.872	0.718	2.0227770724883e-07
C3166	1.86472101943525e-11	0.890084596869937	0.915	0.711	2.10974536138904e-07
C4262	2.29628371572649e-11	0.838874575168096	0.894	0.707	2.59801539597295e-07
C4338	2.34897605076021e-11	0.562547453331383	0.936	0.76	2.6576315038301e-07
C3263	2.40285150129825e-11	0.557365602882431	0.936	0.739	2.71858618856884e-07
C9788	2.658327182024e-11	0.451497695313189	1	0.783	3.00763137374195e-07
C7654	2.68622606185226e-11	1.10900131253856	0.872	0.683	3.03919616637965e-07
C7986	2.90985223339438e-11	1.13680024695203	0.872	0.651	3.2922068168624e-07
C3401	2.93013758808379e-11	0.806333828818449	0.894	0.798	3.315157667158e-07
C7576	3.59494031689595e-11	1.16636129561656	0.872	0.695	4.06731547453607e-07
C6876	3.96004706686977e-11	0.902883804118824	0.915	0.731	4.48039725145646e-07
C7211	5.25979783533242e-11	0.480702527836071	0.915	0.73	5.9509352708951e-07
C1067	6.57082591209972e-11	0.358963232548806	0.745	0.324	7.43423243694963e-07
C2717	7.08177007625722e-11	1.02305007593555	0.894	0.777	8.01231466427742e-07
C4790	8.87789624296046e-11	1.0307589480136	0.915	0.818	1.00444518092855e-06
C4879	1.03911132553467e-10	0.841094194622473	0.915	0.774	1.17565055370992e-06
C7991	1.39987001537077e-10	1.29034740433224	0.851	0.67	1.58381293539049e-06
C3486	1.48697989311528e-10	0.503732556261654	0.894	0.701	1.68236905107063e-06
C7000	1.54021713902907e-10	1.12622400366151	0.894	0.738	1.74260167109749e-06
C5802	1.66899293731674e-10	0.567333781141509	0.915	0.775	1.88829860928016e-06
C7258	1.81734127224898e-10	1.21581563667074	0.851	0.693	2.0561399154225e-06
C7690	1.90736259062843e-10	1.34895409828808	0.872	0.678	2.15799003503701e-06
C6088	1.98845234191027e-10	0.476549923100938	0.915	0.777	2.24973497963727e-06
C941	2.84855802024056e-10	1.37650881352397	0.702	0.333	3.22285854410016e-06
C4990	2.8967110632824e-10	0.504502905540585	0.936	0.789	3.27733889699771e-06
C5144	3.11979042032692e-10	0.427831929856197	0.936	0.744	3.52973088155787e-06
C5413	3.8690314971086e-10	1.34777447334204	0.872	0.727	4.37742223582867e-06
C6415	4.11072000509117e-10	0.704886294016771	0.872	0.718	4.65086861376015e-06
C5993	4.16488265253396e-10	0.743592914329944	0.894	0.805	4.71214823307693e-06
C7806	4.31744701034001e-10	0.842303626110257	0.872	0.705	4.88475954749869e-06
C5249	4.56401614231794e-10	0.722701109328261	0.894	0.751	5.16372786341851e-06
C7810	4.6089324324974e-10	0.585040973989545	0.894	0.668	5.21454615412756e-06
C522	5.3262045337372e-10	0.939212676477328	0.809	0.448	6.02606780947027e-06
C503	6.36447097443802e-10	1.37596271041266	0.723	0.363	7.20076246047918e-06
C2659	6.89484542296443e-10	0.499089754435315	0.872	0.707	7.80082811154195e-06
C6603	1.06591307978158e-09	0.615790496993782	0.872	0.701	1.20597405846487e-05
C3793	1.14353139691251e-09	0.565612071495319	0.936	0.776	1.29379142246682e-05
C5066	1.14901970930374e-09	0.661294595294791	0.894	0.793	1.30000089910625e-05
C2974	1.35169340096831e-09	0.90462746725123	0.915	0.774	1.52930591385555e-05
C3426	1.35169340096831e-09	0.927287687879707	0.894	0.691	1.52930591385555e-05
C4414	1.52254390019511e-09	0.304083434458491	0.936	0.779	1.72260616868074e-05
C4385	1.58906134974487e-09	0.522765802271148	0.894	0.758	1.79786401110134e-05
C7083	1.66629253495162e-09	0.706357962690482	0.872	0.678	1.88524337404426e-05
C7447	1.96030903149149e-09	0.708872438799933	0.851	0.691	2.21789363822947e-05
C658	2.01968590539247e-09	0.593163325281391	0.532	0.189	2.28507263336104e-05
C3862	2.12402606790162e-09	0.622378054310388	0.894	0.762	2.40312309322389e-05
C2338	2.37178243623652e-09	0.67947939469472	0.66	0.313	2.683434648358e-05
C4154	2.38175348794916e-09	0.860480559778168	0.851	0.712	2.69471589626568e-05
C2117	2.38456458239718e-09	0.64291085468602	0.766	0.401	2.69789636852417e-05
C7279	2.50410652900416e-09	0.340097400101075	0.957	0.762	2.83314612691531e-05
C3942	2.92267737378193e-09	0.87870669523036	0.872	0.789	3.30671718069687e-05
C6217	3.15431828071901e-09	0.478056671946602	0.915	0.785	3.56879570280549e-05
C5489	3.43563539042137e-09	0.763524547884493	0.915	0.804	3.88707788072274e-05
C1959	3.62290093890177e-09	1.1459608364596	0.745	0.353	4.09895012227346e-05
C3905	3.7471163855753e-09	0.254824282789034	0.894	0.769	4.2394874786399e-05
C4158	3.99859868641358e-09	0.526716851447581	0.851	0.755	4.52401455380832e-05
C1379	4.13486964394774e-09	0.824922489010442	0.702	0.337	4.67819151516248e-05
C6340	4.27966197308158e-09	0.611038082385352	0.936	0.816	4.8420095563445e-05
C1824	5.42537159352239e-09	1.68958130963586	0.574	0.259	6.13826542091123e-05
C4226	5.55763319901761e-09	0.937566368587683	0.872	0.751	6.28790620136852e-05
C4436	6.05475574441972e-09	0.435135546344733	0.872	0.767	6.85035064923647e-05
C3694	6.25211270713023e-09	0.538296422273877	0.894	0.753	7.07364031684715e-05
C958	6.40324710030641e-09	0.803854611047755	0.745	0.391	7.24463376928668e-05
C887	6.66629867805663e-09	1.02251044941458	0.638	0.309	7.54225032435327e-05
C5900	7.50574549008354e-09	0.623979930988342	0.915	0.83	8.49200044748052e-05
C1217	8.66388162089682e-09	1.10237400891839	0.66	0.315	9.80231566588267e-05
C5491	1.18939661211481e-08	0.445607797251645	0.894	0.79	0.00013456833269467
C6309	1.20194651239631e-08	0.889542996435909	0.851	0.712	0.000135988228412518
C6037	1.35483217805772e-08	0.582745591714433	0.894	0.779	0.000153285712625451
C6056	1.40008565268792e-08	0.319857491858084	0.872	0.774	0.000158405690745111
C6221	1.41268019988235e-08	0.3389451022638	0.936	0.833	0.00015983063781469
C6259	1.65666697221435e-08	0.561204509397423	0.894	0.78	0.000187435301236331
C1535	2.21505843877481e-08	1.52313356322154	0.702	0.367	0.000250611711762982
C2055	2.49809741739176e-08	0.548575293587735	0.745	0.385	0.000282634741803704
C5345	2.57576922411281e-08	1.14204713389407	0.851	0.732	0.000291422530016124
C4967	2.7153012853427e-08	0.579584091546823	0.936	0.774	0.000307209187423673
C5613	2.77558000604353e-08	0.537001942578745	0.894	0.805	0.000314029121883764
C10781	3.37000690673443e-08	0.420865847875547	0.894	0.707	0.000381282581427934
C2808	3.3798380132251e-08	0.462365171482917	0.936	0.757	0.000382394872816287
C4348	3.39461957459091e-08	0.355453452868006	0.872	0.739	0.000384067258669216
C4702	3.6769938348064e-08	1.04114070797545	0.851	0.736	0.000416015082469996
C7309	4.16472798411899e-08	0.3751189853755	0.936	0.746	0.000471197324123222
C4756	4.17075268701722e-08	0.43329489238492	0.915	0.788	0.000471878959009129
C4095	4.53502295155685e-08	0.712699379419686	0.872	0.785	0.000513092496739141
C3532	4.95137028517815e-08	0.703356864947092	0.894	0.767	0.000560198034065055
C7357	4.99426889325932e-08	0.67074424840998	0.936	0.735	0.00056505158258336
C5528	5.49845386479793e-08	1.12530572882681	0.83	0.728	0.000622095070263238
C7194	5.67451410844544e-08	0.378220067530211	0.894	0.739	0.000642014526229517
C4677	6.02592122099439e-08	0.873325208657239	0.851	0.767	0.000681772726943305
C6308	6.191733470242e-08	0.31594371513302	0.894	0.805	0.00070053272482318
C2002	6.22051225165908e-08	0.940668643438743	0.596	0.274	0.000703788756152708
C4686	7.17045674608567e-08	0.302512979953213	0.915	0.783	0.000811265476252133
C7473	7.91944460191822e-08	0.605976369184918	0.809	0.62	0.000896005962261027
C1181	7.96742324295055e-08	0.374576996260148	0.638	0.293	0.000901434265707425
C6407	8.26314469279147e-08	0.263801809212959	0.872	0.767	0.000934892190542427
C1551	8.5777093532701e-08	2.35815403661257	0.638	0.331	0.000970482036228979
C11166	9.74672189455954e-08	0.306852619469535	0.872	0.727	0.00110274411515047
C5846	1.09525703021989e-07	0.731672560471142	0.83	0.75	0.00123917380399079
C4866	1.4520864760291e-07	0.445227535231037	0.872	0.761	0.00164289063897932
C1352	1.72171784966069e-07	0.725352196402652	0.702	0.396	0.00194795157510611
C4590	1.87834226008704e-07	0.637137681237265	0.872	0.791	0.00212515643306247
C11222	1.89132073531364e-07	0.277653740979275	0.872	0.703	0.00213984027993385
C5553	2.05688788285531e-07	1.02941241507746	0.83	0.767	0.00232716295066249
C4486	2.23029595653495e-07	0.397700600227417	0.894	0.782	0.00252335684522364
C3148	2.51201356315516e-07	1.33681520922755	0.915	0.8	0.00284209214535375
C1243	3.14240902946609e-07	0.380077869156926	0.702	0.368	0.00355532157593793
C624	3.31669169899398e-07	1.21376603213043	0.723	0.401	0.00375250498824179
C6990	3.38174053202361e-07	0.618415310007154	0.83	0.695	0.00382610123793151
C6328	3.73152912090553e-07	0.472056568560053	0.872	0.807	0.00422185204739252
C4890	3.79227353102276e-07	0.420241592527729	0.894	0.788	0.00429057827299915
C1604	4.24520880064627e-07	2.19765574130306	0.638	0.351	0.00480302923705119
C7295	4.25070099057733e-07	0.613225232202022	0.936	0.758	0.00480924310073919
C1117	4.47445855630092e-07	2.10327121513032	0.638	0.346	0.00506240241059886
C283	4.59558445478186e-07	0.591704036329565	0.617	0.328	0.0051994442521402
C5451	4.90418546241747e-07	0.787039557942274	0.83	0.756	0.00554859543217913
C3480	5.05007059441278e-07	0.27958298762233	0.936	0.791	0.00571364987051862
C6384	5.27677262000338e-07	0.952663916176286	0.83	0.732	0.00597014054227183
C8323	5.40453217307062e-07	0.58640474512613	0.809	0.712	0.0061146877006121
C7041	6.11359530121408e-07	0.665766253053494	0.851	0.715	0.00691692172379361
C11247	6.40292728078244e-07	0.418281820908929	0.851	0.698	0.00724427192547725
C3167	8.05967029530102e-07	0.659015638577703	0.872	0.824	0.00911871097210357
C6906	8.24100734144928e-07	1.03536229188304	0.809	0.692	0.00932387570611572
C3464	1.02177852680292e-06	0.41454540337755	0.915	0.773	0.0115604022522483
C5122	1.04863515849932e-06	1.14009306571705	0.83	0.755	0.0118642581832613
C1721	1.05955657307813e-06	1.12006194762148	0.574	0.303	0.0119878230678059
C7594	1.11878222573051e-06	0.869887237644897	0.872	0.732	0.012657902101915
C10571	1.1735732776897e-06	0.38501089875682	0.851	0.7	0.0132778080637813
C1704	1.19218329011902e-06	2.77302062222882	0.596	0.298	0.0134883617444066
C4625	1.20115674656168e-06	0.469860120849755	0.83	0.733	0.0135898874305988
C5892	1.30940392438019e-06	0.349910011760842	0.83	0.751	0.0148145960004374
C5955	1.37138092873878e-06	0.412600754864644	0.83	0.719	0.0155158038277506
C6162	1.40521872699603e-06	0.499753404755139	0.83	0.784	0.0158986446772331
C6752	1.47343184356941e-06	0.693268737294376	0.787	0.636	0.0166704078781443
C6413	1.60104698602947e-06	0.317393901197169	0.83	0.759	0.0181142455999374
C4491	1.65923540502993e-06	0.969046984888942	0.851	0.788	0.0187725893725086
C6188	1.69555012561197e-06	0.682350941760074	0.809	0.748	0.0191834541211738
C3965	1.73925162650481e-06	0.71666743277481	0.851	0.773	0.0196778929022755
C4427	2.34984043318452e-06	0.330445471230694	0.915	0.793	0.0265860946610497
C728	2.47738403616343e-06	0.867528169184325	0.66	0.382	0.0280291229851531
C5379	2.60762884146471e-06	0.377203998228593	0.851	0.79	0.0295027127123318
C361	2.60897509797468e-06	0.614831359654465	0.596	0.325	0.0295179442584855
C501	2.6600278810435e-06	0.796518291530767	0.617	0.357	0.0300955554461262
C4153	2.71070429562357e-06	0.552823048044423	0.851	0.768	0.0306689084006851
C5200	2.78621478527208e-06	0.507794303023994	0.83	0.755	0.0315232340805683
C4853	3.01753230396135e-06	0.444007705159698	0.851	0.803	0.0341403604870187
C1381	3.23016818255792e-06	2.041426079618	0.617	0.363	0.0365461228174603
C7851	3.34507193515877e-06	0.919227705509436	0.787	0.693	0.0378461438743863
C1187	3.94669406635167e-06	1.44992254521562	0.574	0.284	0.0446528966667028
C3744	4.37041099189075e-06	0.43881799014317	0.83	0.767	0.0494468299622519
C8145	4.41886166218159e-06	0.734135903191576	0.83	0.738	0.0499950008459225
