id	p_val	avg_log2FC	pct.1	pct.2	p_val_adj
C128	4.47445305669943e-40	2.90214964906533	0.926	0.119	5.06239618834973e-36
C1981	2.85280005443519e-39	1.98886260029388	0.963	0.127	3.22765798158798e-35
C755	1.7578436153145e-38	2.48914028008481	1	0.155	1.98882426636683e-34
C1148	1.28038702929278e-37	2.76125575625233	0.926	0.129	1.44862988494185e-33
C1040	4.48159706753497e-33	2.28948192752101	0.926	0.135	5.07047892220906e-29
C1690	2.51073484825547e-32	2.6892683763898	0.815	0.109	2.84064540731624e-28
C1302	2.72947903483844e-31	1.74902408109217	0.889	0.133	3.08813258001621e-27
C1175	7.24690686817665e-31	2.45122959385911	0.889	0.136	8.19915043065506e-27
C1105	1.5999455201973e-29	1.72740745933806	0.926	0.156	1.81017836155122e-25
C998	6.07029864218324e-29	2.00099648530073	0.852	0.132	6.86793588376612e-25
C908	1.38266933042143e-28	2.10424955451625	0.889	0.146	1.5643520804388e-24
C760	8.79139599812186e-28	1.95706225616996	0.926	0.164	9.94658543227507e-24
C1295	1.06887419993233e-27	1.73759207954664	0.852	0.139	1.20932426980344e-23
C791	6.39153356148978e-27	1.70055684101939	0.815	0.129	7.23138107146953e-23
C978	8.78698588279068e-27	1.93835381315685	0.852	0.152	9.94159582778937e-23
C178	1.44159941382817e-26	1.35122722162438	0.889	0.156	1.63102557680519e-22
C1776	1.75695350436784e-26	1.40880964011047	0.926	0.166	1.98781719484177e-22
C1559	3.7196066800305e-26	1.10841913596431	0.889	0.149	4.20836299778651e-22
C818	9.69535063595466e-26	1.74893908351899	0.852	0.154	1.09693197095191e-21
C2262	1.72024605254205e-24	1.70728677575243	0.778	0.127	1.94628638384608e-20
C127	1.73341522932692e-24	1.77908504456034	0.889	0.195	1.96118599046047e-20
C1127	3.18234004372962e-24	1.87013063731602	0.815	0.15	3.60049952547569e-20
C1712	5.47709279544191e-24	1.41792649149544	0.778	0.122	6.19678278876298e-20
C1367	5.51918064536438e-24	2.09814703578831	0.815	0.148	6.24440098216526e-20
C2026	7.64823907560082e-24	1.58212732450932	0.852	0.159	8.65321769013477e-20
C2197	2.6467288146319e-23	1.31661395585187	0.889	0.188	2.99450898087453e-19
C1847	2.94278953509826e-23	2.54660585860422	0.778	0.134	3.32947208001017e-19
C2377	6.66197728772666e-23	1.88989134511457	0.889	0.173	7.53736110333395e-19
C184	1.18199994178437e-22	0.987550709291701	0.815	0.145	1.33731473413484e-18
C2266	2.44379101587497e-22	1.86258239414529	0.741	0.12	2.76490515536094e-18
C1597	3.44756197129522e-22	1.41792692514097	0.741	0.122	3.90057161432341e-18
C608	4.66579289132023e-22	1.16877099962383	0.778	0.138	5.27887807723971e-18
C1512	4.71959563552573e-22	1.46083933588213	0.778	0.137	5.33975050203381e-18
C215	1.20148968266867e-21	1.51072982821738	0.778	0.145	1.35936542697133e-17
C1124	2.06206504117041e-21	2.02569391721275	0.778	0.154	2.33302038758021e-17
C647	2.95599836345315e-21	1.66034295611672	0.741	0.138	3.34441654841089e-17
C1233	4.23899923524317e-21	1.15743058437175	0.852	0.175	4.79600373475412e-17
C343	9.31346786607e-21	2.2483444905345	0.889	0.212	1.05372575436716e-16
C322	9.40144576083452e-21	1.59320144399318	0.741	0.133	1.06367957338082e-16
C1005	1.67393164321328e-20	2.00805206645411	0.778	0.164	1.89388626113151e-16
C1555	5.02692345581975e-20	1.2513002867964	0.889	0.2	5.68746119791447e-16
C2202	6.04635558671939e-20	1.38558444787493	0.926	0.229	6.84084671081431e-16
C742	1.00701121794819e-19	0.775181740324663	0.741	0.13	1.13933249198659e-15
C2104	1.59344732548477e-19	0.975632853445435	0.741	0.136	1.80282630405347e-15
C1524	1.61469352787335e-19	1.60777052234866	0.704	0.13	1.82686425743591e-15
C146	1.85919635401818e-19	1.86512550689031	0.815	0.183	2.10349475493617e-15
C371	2.30034435314845e-19	1.6831688690725	0.778	0.164	2.60260960115215e-15
C1508	2.81487819392509e-19	1.75735977365673	0.63	0.106	3.18475318860685e-15
C1641	2.99594795078418e-19	0.313583940050903	0.778	0.14	3.38961551151723e-15
C314	4.275755554404e-19	1.18310484731332	0.741	0.133	4.83758983425268e-15
C926	6.22373691172539e-19	1.09591409977043	0.778	0.166	7.04153594192611e-15
C826	6.64570779661059e-19	0.802516200769023	0.741	0.138	7.51895380108522e-15
C256	2.05977624081546e-18	0.967139541815721	0.741	0.142	2.33043083885862e-14
C2093	2.59066080338091e-18	1.45016466841196	0.704	0.135	2.93107363294516e-14
C2120	2.61315203487676e-18	0.620392852620472	0.815	0.174	2.95652021225956e-14
C1434	2.85119444565828e-18	1.5903506920081	0.815	0.206	3.22584139581778e-14
C616	2.89722021612574e-18	1.6022975077286	0.63	0.111	3.27791495252466e-14
C1455	2.95459364208402e-18	1.92442516939725	0.704	0.137	3.34282724665386e-14
C562	3.1839085591361e-18	0.866548249822717	0.778	0.157	3.60227414380659e-14
C661	4.91565541832153e-18	0.977197304560431	0.815	0.186	5.56157254028898e-14
C2175	7.09278426488752e-18	1.43697880546441	0.778	0.172	8.02477611729375e-14
C1782	8.62253659867021e-18	0.784383976977085	0.667	0.116	9.75553790773548e-14
C1671	9.76288382863827e-18	0.74055466415839	0.926	0.243	1.10457267637213e-13
C121	2.85699116864434e-17	0.856910571481379	0.815	0.187	3.2323998082042e-13
C852	3.38316272760663e-17	0.973768148747469	0.667	0.13	3.82771031001414e-13
C1913	3.79905480745242e-17	1.09771574803824	0.704	0.142	4.29825060915166e-13
C1563	4.08513171316348e-17	0.803054669993169	0.741	0.156	4.62191802027316e-13
C1873	6.58132443246873e-17	0.810422407073036	0.852	0.209	7.44611046289512e-13
C172	6.91888759764821e-17	1.47016375511969	0.704	0.137	7.82802942797919e-13
C1882	7.58707703092753e-17	0.785963473326579	0.963	0.279	8.58401895279141e-13
C9964	8.90011692028814e-17	2.17798229539561	1	0.65	1.0069592283614e-12
C1869	1.23140467688077e-16	0.753845606146782	0.667	0.128	1.3932112514229e-12
C2312	1.48923471407218e-16	0.963726025510113	0.852	0.214	1.68492015550127e-12
C8869	1.99612935649959e-16	2.24784488086586	1	0.657	2.25842075394363e-12
C1490	4.80056976565763e-16	0.88573510533022	0.741	0.168	5.43136463286505e-12
C1922	4.83488418940685e-16	0.8353643841797	0.741	0.158	5.47018797189491e-12
C9415	5.92791433998854e-16	1.90406836598987	1	0.638	6.70684228426303e-12
C5876	6.1609482736391e-16	1.29569568664918	1	0.781	6.97049687679527e-12
C2374	6.83049337916099e-16	0.849660687400212	0.667	0.132	7.72802020918274e-12
C3237	7.18679874887301e-16	2.07443843318632	1	0.655	8.13114410447493e-12
C1014	7.34475478252838e-16	1.01777875598433	0.889	0.28	8.30985556095261e-12
C578	9.13550434922424e-16	0.996859852387875	0.704	0.145	1.03359096207123e-11
C2324	9.63375059152513e-16	1.25090428574006	0.667	0.137	1.08996254192515e-11
C235	1.14684981290302e-15	1.34574612403325	0.704	0.141	1.29754587831847e-11
C1622	1.23875185806349e-15	1.16395338737882	0.667	0.142	1.40152385221303e-11
C7191	1.34793243778664e-15	1.51180302633461	1	0.657	1.52505076011181e-11
C6636	1.58672333531126e-15	1.76735885584362	1	0.649	1.79521878157116e-11
C2261	1.63158735037562e-15	0.859040590263823	0.704	0.151	1.84597792821498e-11
C9973	1.66616241254954e-15	2.24225001792742	1	0.627	1.88509615355855e-11
C900	1.69742208236546e-15	0.892653299549402	0.815	0.213	1.92046334398828e-11
C7510	1.82206667616836e-15	1.80334512967955	1	0.618	2.06148623741689e-11
C21	2.21884111525737e-15	1.27709119379894	0.778	0.186	2.51039683780219e-11
C1340	2.33553723178716e-15	0.989825565200889	0.741	0.175	2.64242682404399e-11
C4332	2.86793364634816e-15	1.06328910062865	1	0.733	3.24478012747831e-11
C415	3.24624369338716e-15	1.02322359883894	0.778	0.201	3.67280011469823e-11
C759	3.88228187701209e-15	0.962322435813564	0.667	0.141	4.39241371565147e-11
C569	3.96822584068413e-15	0.934611507542073	0.704	0.152	4.48965071615003e-11
C1329	3.98331505296869e-15	1.00971887422005	0.667	0.137	4.50672265092877e-11
C2264	4.13668770679042e-15	1.37624263586617	0.852	0.269	4.68024847146268e-11
C7526	4.96716793203893e-15	1.64559009319831	1	0.644	5.61985379830884e-11
C451	5.99541813783447e-15	0.622484958866699	0.889	0.276	6.78321608114592e-11
C9147	6.08176951488076e-15	1.39279074512517	1	0.748	6.8809140291361e-11
C1025	7.2374279490639e-15	0.758655011573805	0.852	0.235	8.1884259815709e-11
C6297	7.99357611224808e-15	0.927991411187573	1	0.776	9.04393201339747e-11
C2060	8.61173183277727e-15	1.18007158001582	0.667	0.147	9.7433133956042e-11
C1068	9.59733299563968e-15	1.17075979704523	0.593	0.114	1.08584225512667e-10
C1765	1.1776957029447e-14	0.364689130888968	0.778	0.187	1.33244491831164e-10
C10252	1.19955957728847e-14	2.74723659876473	0.963	0.531	1.35718170574418e-10
C81	1.40593773634606e-14	0.783791930015973	0.926	0.294	1.59067795490194e-10
C1586	1.50147378639502e-14	0.636085180320378	0.852	0.245	1.69876744192733e-10
C9672	1.66622157951996e-14	1.74928971134584	1	0.685	1.88516309506888e-10
C242	1.66755532454683e-14	1.14258851720209	0.667	0.155	1.88667209419228e-10
C11032	1.92063419846505e-14	1.34760085753363	1	0.62	2.17300553214335e-10
C195	1.94060139973784e-14	1.07852336555981	0.593	0.11	2.1955964236634e-10
C2836	2.03755847036765e-14	1.05336177803138	1	0.7	2.30529365337396e-10
C1979	2.14441157981338e-14	0.823025571350641	0.667	0.15	2.42618726140086e-10
C1787	2.19662061539948e-14	0.415194470654215	0.63	0.123	2.48525656426297e-10
C1033	2.22264390666629e-14	0.82500060832947	0.741	0.173	2.51469931600224e-10
C1939	2.30667916739004e-14	0.721397334919728	0.926	0.306	2.60977680998509e-10
C9262	2.40097900855204e-14	1.26456366907834	1	0.693	2.71646765027578e-10
C8183	2.58229699438997e-14	1.32942490430549	1	0.658	2.92161081945281e-10
C9204	2.6160640522392e-14	1.17429784030242	1	0.756	2.95981486870343e-10
C2224	2.74909836660752e-14	0.613647829221609	0.852	0.232	3.11032989197975e-10
C9478	2.94780625419232e-14	1.242552732001	1	0.7	3.33514799599319e-10
C7117	3.30369708264848e-14	0.995700336477843	1	0.663	3.73780287930849e-10
C8000	3.41670419735931e-14	1.21572638893902	1	0.654	3.86565912889232e-10
C1539	3.55640669830638e-14	0.915683301927707	0.778	0.221	4.02371853846384e-10
C7928	3.68268158393995e-14	2.04660306179021	0.963	0.649	4.16658594406966e-10
C1977	3.80176338433837e-14	0.568591189083928	0.63	0.13	4.30131509304043e-10
C2033	3.84518851843257e-14	0.909973449550564	0.593	0.118	4.35044628975461e-10
C9833	4.77782396791805e-14	1.04482096265576	1	0.641	5.40563003730248e-10
C590	4.81659383903565e-14	0.636444848518521	0.741	0.167	5.44949426948494e-10
C1738	5.21984051062336e-14	0.887802641715923	0.815	0.233	5.90572755371927e-10
C8543	6.20765533951727e-14	0.94048793215006	1	0.674	7.02334125112984e-10
C989	6.4132011578691e-14	0.512196784128952	0.741	0.182	7.2558957900131e-10
C636	6.92957821596751e-14	0.568229509684302	0.889	0.265	7.84012479354564e-10
C5951	7.34897833258563e-14	1.48341502553594	1	0.732	8.31463408548738e-10
C9729	7.61631561020694e-14	1.3802336363715	1	0.642	8.61709948138813e-10
C9658	7.83316081355156e-14	0.954739457439709	1	0.583	8.86243814445224e-10
C1436	8.16462286815129e-14	0.86102401532234	0.778	0.206	9.23745431302637e-10
C11034	8.25635299735742e-14	1.13273410620139	1	0.568	9.34123778121018e-10
C652	8.69481552660033e-14	1.49037990216202	0.63	0.141	9.83731428679561e-10
C1523	1.00781845486633e-13	0.749239838300054	0.778	0.224	1.14024579983576e-09
C4467	1.12969669648924e-13	0.629887719939941	1	0.758	1.27813884240793e-09
C1889	1.14424668186596e-13	1.70923582535114	0.667	0.163	1.29460069586315e-09
C14	1.15783969620735e-13	1.21669274898813	0.593	0.131	1.309979832289e-09
C7770	1.1914328471675e-13	1.49209669911072	0.963	0.606	1.34798712328531e-09
C7705	1.41855408073158e-13	1.72191061567071	0.963	0.636	1.60495208693971e-09
C7444	1.44020031801159e-13	2.00543445257017	0.963	0.6	1.62944263979831e-09
C8317	1.51856984804546e-13	1.97914093715706	0.963	0.656	1.71810992607864e-09
C919	1.53446359289168e-13	0.83250498330764	0.889	0.317	1.73609210899764e-09
C2013	1.54220354316137e-13	0.701924761047081	0.815	0.253	1.74484908873278e-09
C6724	1.5890634616126e-13	1.58801077601497	0.963	0.602	1.7978664004685e-09
C1151	1.67593133049376e-13	0.621881849870831	0.593	0.122	1.89614870732064e-09
C9217	1.73546568687637e-13	1.17147017448721	1	0.756	1.96350587813192e-09
C2614	1.85738302546165e-13	1.33974680542297	1	0.742	2.10144315500731e-09
C5277	1.91904724342361e-13	1.13026170380424	1	0.695	2.17121005120947e-09
C1975	2.03229972187461e-13	0.911589229834887	0.667	0.16	2.29934390532893e-09
C3722	2.34527721817785e-13	1.22234345714971	1	0.76	2.65344664464641e-09
C1581	2.43293239794642e-13	1.26658570676413	0.63	0.145	2.75261971503658e-09
C1010	2.71460197083164e-13	0.34527076800053	0.963	0.288	3.07130066979891e-09
C11220	3.18178748671767e-13	1.32261389911199	1	0.561	3.59987436247237e-09
C6999	3.19598276044443e-13	1.44396170598193	0.963	0.642	3.61593489516683e-09
C2067	3.38582197713378e-13	0.75972656187329	0.704	0.174	3.83071898492916e-09
C4643	3.69164614117699e-13	0.698399627036453	1	0.783	4.17672844412764e-09
C380	3.81139331764293e-13	0.882359165098672	0.778	0.22	4.31221039958121e-09
C9168	4.28375618266325e-13	1.08010412186134	1	0.759	4.8466417450652e-09
C9175	4.30501993801687e-13	0.963888874557045	1	0.709	4.87069955787229e-09
C8268	4.31569021525802e-13	2.00127522881424	0.963	0.656	4.88277190954293e-09
C353	4.35695700000706e-13	0.930411561644437	0.556	0.113	4.92946114980799e-09
C951	4.36557844903285e-13	0.518098762955345	0.704	0.177	4.93921545723577e-09
C5780	4.39112067226404e-13	1.05219016844546	1	0.715	4.96811392859953e-09
C3361	5.43040753673224e-13	0.668397450494659	1	0.71	6.14396308705886e-09
C8601	6.1267063800496e-13	1.78961638419132	0.963	0.638	6.93175559838812e-09
C1497	6.37451083911421e-13	0.471701908698156	0.852	0.257	7.21212156337381e-09
C11303	8.39999928985155e-13	1.34487361244742	1	0.595	9.50375919653804e-09
C1227	8.46354276156424e-13	0.858972682701869	0.889	0.32	9.57565228043378e-09
C1122	8.47327522261983e-13	0.932243480099048	0.63	0.146	9.58666358687207e-09
C6837	8.5523399654818e-13	1.53663764268381	0.963	0.604	9.67611743694611e-09
C1521	8.72636192619296e-13	0.455333587150859	0.963	0.361	9.87300588329471e-09
C243	8.76565791323671e-13	0.347726890038829	1	0.372	9.91746536303601e-09
C859	9.24669996658479e-13	0.280002243894984	0.963	0.365	1.0461716342194e-08
C8453	9.52270698585707e-13	1.81222218264004	0.963	0.642	1.07739906837987e-08
C1279	9.53444586294714e-13	0.539998306494887	0.593	0.126	1.07872720493384e-08
C8821	9.68658373674399e-13	1.20441824099662	0.963	0.634	1.09594008397522e-08
C3899	9.73410796126088e-13	1.12557189962473	1	0.696	1.10131697473706e-08
C7949	1.05493453661267e-12	1.3897801550563	0.963	0.693	1.19355293472357e-08
C9084	1.06525974158073e-12	1.05946698379726	1	0.707	1.20523487162444e-08
C10257	1.10580396501311e-12	1.2563269836542	1	0.617	1.25110660601583e-08
C5295	1.14314826762682e-12	0.519143073232303	1	0.723	1.29335794999299e-08
C7965	1.15713043917371e-12	1.30914893154863	0.963	0.628	1.30917737888114e-08
C7933	1.16843729142399e-12	1.62504102275281	0.963	0.629	1.3219699515171e-08
C7032	1.20009248816095e-12	0.958209734069503	1	0.618	1.3577846411053e-08
C2932	1.29704251325785e-12	0.841670187431785	1	0.68	1.46747389949993e-08
C1542	1.38817872454149e-12	0.564982641748885	0.667	0.158	1.57058540894624e-08
C3453	1.43602723065532e-12	0.460466882178688	1	0.691	1.62472120876343e-08
C10874	1.44871519663939e-12	0.631127153760413	1	0.553	1.6390763734778e-08
C566	1.5590002648551e-12	0.730984560285795	0.63	0.147	1.76385289965706e-08
C617	1.65282461415215e-12	0.43950414258721	0.889	0.298	1.87000576845174e-08
C719	1.66946482035629e-12	0.54237789421344	0.778	0.225	1.88883249775111e-08
C11210	1.69797378785176e-12	0.887999811106393	1	0.559	1.92108754357548e-08
C347	1.73355669748718e-12	0.474146383247424	0.852	0.261	1.96134604753699e-08
C9882	1.7423409419983e-12	1.56506862967461	0.963	0.606	1.97128454177688e-08
C6525	1.75077497045855e-12	1.60712015550027	0.963	0.661	1.9808268015768e-08
C552	1.92598388075802e-12	0.544448338434513	0.704	0.182	2.17905816268962e-08
C10868	2.01344000858604e-12	0.821853090567668	1	0.599	2.27800602571424e-08
C5776	2.10238426119939e-12	0.662936445001157	1	0.734	2.37863755312099e-08
C2059	2.37528590716877e-12	0.716103751700633	0.704	0.194	2.68739847537075e-08
C11077	2.5022446749464e-12	1.82222773286143	1	0.626	2.83103962523436e-08
C1102	2.51834793067774e-12	0.985402011987399	0.593	0.139	2.84925884876879e-08
C3242	2.63411628171086e-12	0.610606771353404	1	0.685	2.98023916112767e-08
C2187	2.89441919376187e-12	1.23996977292912	0.593	0.135	3.27474587582218e-08
C6619	2.94737896835676e-12	1.918665327064	0.926	0.582	3.33466456479884e-08
C10831	3.01418374269704e-12	0.851428843905773	1	0.551	3.41024748648743e-08
C287	3.0524766604102e-12	0.640349823545324	0.778	0.238	3.4535720935881e-08
C1514	3.07398687966739e-12	0.420587750185013	0.667	0.182	3.47790875565569e-08
C9572	3.14358190025385e-12	1.34494722138486	0.963	0.724	3.55664856194721e-08
C6121	3.17371630567639e-12	0.808207377267917	1	0.76	3.59074262824227e-08
C8458	3.28926374028679e-12	0.854344899434742	0.963	0.695	3.72147299576048e-08
C9617	4.14256349087385e-12	0.908964071616113	1	0.687	4.68689633357468e-08
C587	4.32855066478491e-12	0.268954284945074	0.963	0.319	4.89732222213765e-08
C657	4.44895855273029e-12	1.04401547909225	0.556	0.125	5.03355170655905e-08
C9515	4.55454499141821e-12	1.36967369841905	1	0.649	5.15301220329056e-08
C9471	4.60878737082858e-12	0.526558420295706	1	0.719	5.21438203135546e-08
C9303	5.01838947046479e-12	1.52486590461269	0.963	0.611	5.67780584688386e-08
C8116	5.13835506859793e-12	1.58665902405433	0.926	0.575	5.81353492461169e-08
C1454	5.41629617935004e-12	0.559506142194359	0.704	0.185	6.12799749731664e-08
C8429	5.67391093255722e-12	0.941412774706309	0.963	0.744	6.41946282909524e-08
C7514	5.85046216519922e-12	1.00417695122711	0.963	0.709	6.61921289370639e-08
C1600	6.07787331675611e-12	1.21236797127904	0.556	0.124	6.87650587057786e-08
C2337	6.26368559084255e-12	0.580036882572885	0.667	0.159	7.08673387747926e-08
C2499	6.53483794680086e-12	1.04856668772316	1	0.695	7.39351565301049e-08
C2317	6.63513125856969e-12	1.03202355066404	0.667	0.182	7.50698750594575e-08
C1386	6.7289339634515e-12	0.251995746797404	0.63	0.144	7.61311588624903e-08
C5074	6.84931617971628e-12	0.569843114102676	1	0.752	7.749316325731e-08
C1741	7.09359872191127e-12	1.17222662103765	0.556	0.126	8.02569759397042e-08
C8385	7.33165717474014e-12	1.88849360752318	0.926	0.628	8.295036927501e-08
C11234	7.66459771416539e-12	0.629983273030555	1	0.594	8.67172585380673e-08
C10758	7.68289337603637e-12	0.811760460550569	1	0.638	8.69242556564755e-08
C1618	7.88010840826579e-12	0.759190269454839	0.556	0.129	8.91555465311192e-08
C1674	8.11589670307642e-12	0.869428777128373	0.667	0.181	9.18232552986066e-08
C9586	8.45795858328568e-12	0.657184638114624	1	0.741	9.56933434112942e-08
C6674	9.28666926234334e-12	1.40489007916238	0.963	0.651	1.05069376034153e-07
C2341	9.44744459631393e-12	0.57162079221723	0.704	0.195	1.06888388162696e-07
C9449	9.55044356412279e-12	0.809249883969616	1	0.686	1.08053718484485e-07
C3557	9.59511327383104e-12	0.969719404981816	0.963	0.668	1.08559111580124e-07
C6235	9.93672380411317e-12	0.958280492487036	1	0.726	1.12424093119736e-07
C7263	1.04350720041919e-11	1.35573295089396	0.963	0.652	1.18062404655427e-07
C8903	1.05082308076864e-11	0.510282324297431	1	0.728	1.18890123358164e-07
C5736	1.05818994927882e-11	0.619195941085697	1	0.734	1.19723610861406e-07
C7601	1.09324086596313e-11	1.32079511596624	0.963	0.686	1.23689271575068e-07
C9984	1.12157712754672e-11	0.941957245473928	0.963	0.758	1.26895236210636e-07
C8607	1.16948708153434e-11	1.24459375666244	0.963	0.62	1.32315768404796e-07
C382	1.18569783825593e-11	0.444673265238052	0.704	0.189	1.34149853420276e-07
C168	1.20551015039608e-11	0.893160529602701	0.593	0.146	1.36391418415813e-07
C860	1.35484021331677e-11	0.822984843897115	0.667	0.178	1.53286621734659e-07
C10488	1.53388320370246e-11	0.829417313067195	1	0.477	1.73543545666897e-07
C10558	1.58015852006962e-11	0.407696028818562	1	0.559	1.78779134960677e-07
C7506	1.59882605939377e-11	1.65987621950522	0.926	0.687	1.80891180359811e-07
C7153	1.62112488257971e-11	1.8259790258244	0.926	0.705	1.83414069215068e-07
C4789	1.67434655395103e-11	0.478250892093826	1	0.771	1.8943556911402e-07
C1081	1.68405603002694e-11	1.2723022898255	0.593	0.149	1.90534099237248e-07
C6560	1.6898308897497e-11	1.40851161618205	0.926	0.571	1.91187466866281e-07
C7668	1.74124225950828e-11	1.30739046956241	0.926	0.567	1.97004149240767e-07
C961	1.81392920971699e-11	0.406166894738261	0.741	0.223	2.0522795078738e-07
C391	1.86479037957301e-11	0.705164432102059	0.593	0.139	2.1098238354489e-07
C9855	1.87013535964686e-11	0.818395810847949	0.963	0.736	2.11587114590445e-07
C7738	1.88742758280939e-11	0.846843515602743	0.963	0.641	2.13543556719054e-07
C6179	1.94919354716927e-11	0.507199522749513	1	0.722	2.20531757926731e-07
C3636	2.01293691126826e-11	0.663316975028108	1	0.709	2.27743682140891e-07
C1457	2.01982784947498e-11	0.48898189381864	0.852	0.312	2.28523322889599e-07
C8942	2.1466054673131e-11	1.3338644922993	0.963	0.676	2.42866942571804e-07
C8096	2.17137038625062e-11	1.23038461733754	0.926	0.577	2.45668845500396e-07
C7661	2.17636044532352e-11	1.83750607227717	0.926	0.641	2.46233420783903e-07
C1032	2.22718061535491e-11	0.730989280166295	0.556	0.12	2.51983214821254e-07
C806	2.39489565075982e-11	0.360404844414291	0.63	0.158	2.70958493926966e-07
C8996	2.44052953875582e-11	1.68727124080989	0.926	0.645	2.76121512014834e-07
C9119	2.45172489663902e-11	0.848133317229019	0.963	0.676	2.77388154805739e-07
C10475	2.50121674480203e-11	0.924857194885043	0.963	0.489	2.82987662506901e-07
C7599	2.51995941631932e-11	0.39727626242597	1	0.625	2.85108208362368e-07
C10218	2.66640467021597e-11	0.592777644617005	1	0.56	3.01677024388234e-07
C252	2.76228675116605e-11	0.75798573583623	0.63	0.167	3.12525123026927e-07
C2472	2.94991870711497e-11	0.348601369899906	1	0.693	3.33753802522987e-07
C5175	2.95664998306453e-11	0.585579733467299	1	0.762	3.34515379083921e-07
C9881	3.1657164848771e-11	1.01466333573203	0.963	0.609	3.58169163098995e-07
C1707	3.19146637419329e-11	0.742739021097021	0.63	0.154	3.61082505576229e-07
C225	3.2368769245786e-11	0.494694795744351	0.741	0.225	3.66220255246822e-07
C11211	3.51651623958542e-11	0.528608971075694	1	0.6	3.97858647346695e-07
C10467	3.56302221275065e-11	0.341391333950837	1	0.474	4.03120333150609e-07
C6117	3.69465954811165e-11	0.891891275803293	0.963	0.762	4.18013781273352e-07
C9679	3.73679744740266e-11	0.394216513526739	1	0.76	4.22781263199136e-07
C6485	3.95464312417234e-11	0.839084910415387	1	0.698	4.47428323068858e-07
C9139	3.97259803278947e-11	0.825401646865258	0.963	0.767	4.49459741429801e-07
C6951	4.26131525562492e-11	1.70557406837008	0.926	0.7	4.82125208021404e-07
C4526	4.35875610659301e-11	0.356473887426064	1	0.729	4.93149665899933e-07
C10408	4.63057976722486e-11	0.466804675097595	1	0.495	5.23903794863821e-07
C1836	4.70258544021396e-11	0.438161881021886	0.704	0.205	5.32050516705807e-07
C5827	4.71727304376133e-11	0.475292206727186	1	0.75	5.33712272171157e-07
C3135	5.02471610241852e-11	0.50875448376044	1	0.689	5.68496379827632e-07
C7145	5.15068955606081e-11	1.30020228340766	0.926	0.598	5.8274901637272e-07
C9735	5.30377318199565e-11	0.27323027894439	1	0.691	6.00068897810988e-07
C6815	5.43656811436979e-11	1.0769437190987	0.926	0.553	6.15093316459798e-07
C8141	5.43661419233806e-11	1.66527015567925	0.926	0.578	6.15098529721129e-07
C572	5.61569540898344e-11	0.517068918339337	0.556	0.125	6.35359778572386e-07
C1763	5.6379652194296e-11	0.332388534896518	0.741	0.234	6.37879384926265e-07
C10606	5.68911413949487e-11	0.562561118004058	1	0.576	6.43666373742449e-07
C9284	5.76393470229341e-11	0.316985668314979	1	0.712	6.52131572217476e-07
C7955	5.82903206841085e-11	1.4132307613624	0.926	0.617	6.59496688220003e-07
C5692	5.86844782544658e-11	0.497014825408163	1	0.744	6.63956186971026e-07
C9618	5.92139693943982e-11	0.263520337085496	1	0.669	6.69946849728222e-07
C2761	6.06942851606988e-11	0.254968988583226	1	0.696	6.86695142308146e-07
C6830	6.13790634701101e-11	0.985116218350338	0.926	0.557	6.94442724100826e-07
C5409	6.22107770080619e-11	0.516120569235068	1	0.716	7.03852731069212e-07
C5632	6.22107770080619e-11	0.513408087339335	1	0.751	7.03852731069212e-07
C3925	6.81966184344779e-11	0.456606566931944	1	0.734	7.71576540967683e-07
C1632	7.30796150939307e-11	0.274463653871141	0.741	0.213	8.26822765172732e-07
C5433	7.52471110639496e-11	0.377996403170017	0.963	0.729	8.51345814577526e-07
C4521	7.66034653448018e-11	0.759780518918899	1	0.722	8.66691606911087e-07
C2184	7.74319408152883e-11	0.464277762699321	0.63	0.159	8.76064978384171e-07
C9584	8.17235476938811e-11	0.881605362356582	0.963	0.701	9.24620218608571e-07
C9183	8.19060203052459e-11	0.654182512011554	0.963	0.718	9.26684713733552e-07
C3948	8.54481961829994e-11	0.635064470923573	1	0.763	9.66760891614455e-07
C1648	8.61299732180132e-11	1.69787951750951	0.63	0.178	9.74474516988601e-07
C6267	8.67906075193429e-11	0.397362270244885	1	0.752	9.81948933473845e-07
C1360	8.76264225919009e-11	0.882518528409054	0.593	0.15	9.91405345204767e-07
C3999	9.01371821259215e-11	0.408249530270812	1	0.779	1.01981207857268e-06
C3116	9.34019718105536e-11	0.299154456546228	1	0.69	1.0567499090646e-06
C3379	9.50774408370735e-11	0.702158261219013	0.963	0.719	1.07570616563065e-06
C9253	9.50774408370735e-11	0.581433247241131	0.963	0.677	1.07570616563065e-06
C9103	1.02759667625038e-10	0.637796910705761	0.963	0.704	1.16262287950968e-06
C1950	1.09340953258639e-10	0.360675687284201	0.815	0.278	1.23708354516824e-06
C1486	1.17079366094014e-10	0.398430377131646	0.63	0.161	1.32463594798767e-06
C9795	1.1814531746142e-10	0.551760755495531	0.963	0.779	1.33669612175851e-06
C6524	1.19194697593429e-10	1.02552035173046	0.926	0.65	1.34856880857205e-06
C2367	1.19220960276341e-10	0.285519242394731	0.63	0.169	1.34886594456653e-06
C8003	1.30491275373859e-10	1.56949211687658	0.926	0.711	1.47637828957984e-06
C5336	1.31647819969131e-10	0.707136191457074	1	0.705	1.48946343513075e-06
C10147	1.34370418472657e-10	0.907378768199962	0.963	0.563	1.52026691459964e-06
C9704	1.36675885020503e-10	0.559508799008352	1	0.739	1.54635096312198e-06
C723	1.36933209466462e-10	0.655103343370372	0.593	0.147	1.54926233190355e-06
C3956	1.3880041674294e-10	0.350414768099768	1	0.799	1.57038791502963e-06
C7733	1.39106540807447e-10	1.24284605355266	0.926	0.718	1.57385140269546e-06
C111	1.40999891857641e-10	0.534982684415705	0.741	0.233	1.59527277647735e-06
C7769	1.46332336705451e-10	1.10518902789204	0.926	0.523	1.65560405748547e-06
C118	1.47531345460079e-10	0.448092493652648	0.593	0.145	1.66916964253533e-06
C10226	1.48394481801389e-10	0.813510823086544	1	0.625	1.67893516710091e-06
C8089	1.50908802033441e-10	1.12312601699709	0.926	0.65	1.70738218620635e-06
C7578	1.56998887726921e-10	1.00744232980623	0.926	0.627	1.77628541574239e-06
C7945	1.5873256441352e-10	0.586192020090832	0.963	0.7	1.79590023377456e-06
C807	1.62139864369796e-10	0.482175671552738	0.852	0.285	1.83445042547987e-06
C9344	1.68792754270131e-10	1.07830905854598	0.926	0.626	1.90972122181226e-06
C2960	1.73674469096259e-10	0.457192632996379	1	0.688	1.96495294335507e-06
C97	1.74193159685648e-10	0.58528063914785	0.889	0.35	1.97082140868342e-06
C869	1.81992204494101e-10	0.535071747759227	0.63	0.167	2.05905980164626e-06
C2288	1.87671531374236e-10	0.89393535429177	0.741	0.238	2.1233157059681e-06
C681	1.95465546373096e-10	0.529923122569804	0.778	0.262	2.21149719166521e-06
C9781	1.97180823853221e-10	0.892468897689	0.926	0.617	2.23090384107535e-06
C10486	2.03601712992819e-10	0.681712702274367	1	0.598	2.30354978080075e-06
C940	2.23428423846596e-10	0.724337583420578	0.593	0.157	2.52786918740039e-06
C4372	2.48973115834481e-10	0.301877903853612	1	0.726	2.81688183255132e-06
C1471	2.50443768740044e-10	0.781577929657986	0.704	0.213	2.83352079952485e-06
C10242	2.90998524473226e-10	0.251451127497901	1	0.586	3.29235730589008e-06
C6855	2.92329310282748e-10	1.62812746862532	0.889	0.56	3.30741381653901e-06
C9976	2.95516311349944e-10	0.633576642010275	0.963	0.653	3.34347154661327e-06
C2050	3.14976001775721e-10	0.253512548659603	0.593	0.147	3.56363848409051e-06
C10306	3.57625087856085e-10	0.27313521181285	1	0.575	4.04617024400375e-06
C9138	3.58931158036277e-10	1.12593212783537	0.926	0.632	4.06094712202244e-06
C7596	3.77159819448966e-10	0.75620171507157	0.963	0.789	4.2671861972456e-06
C10469	3.79053943428679e-10	0.537654455134575	1	0.586	4.28861631595207e-06
C6323	4.06645517607133e-10	0.306647135631387	1	0.772	4.6007873862071e-06
C9407	4.07520204341741e-10	0.485030382174546	1	0.655	4.61068359192246e-06
C2378	4.30060587261072e-10	0.342783513870488	0.815	0.295	4.86570548427177e-06
C6533	4.52701861995117e-10	0.986284155744309	0.926	0.587	5.12186886661275e-06
C6669	4.53676201383947e-10	1.23463742893344	0.926	0.659	5.13289254245798e-06
C5072	4.63501378221874e-10	0.265597010795532	1	0.713	5.24405459320228e-06
C9942	4.87936837538925e-10	0.594169761417486	0.963	0.666	5.5205173799154e-06
C90	5.00854301896756e-10	0.40636881123426	0.593	0.152	5.66666557165989e-06
C4765	5.02766769043788e-10	0.477097256894772	1	0.721	5.68830322496142e-06
C7502	5.10345518462425e-10	0.57984230195364	0.963	0.671	5.77404919588388e-06
C437	5.14184926653885e-10	0.265198042094672	0.667	0.179	5.81748826016206e-06
C9851	5.31482092405095e-10	0.940302534083543	0.926	0.6	6.01318839347124e-06
C8946	5.58216836896172e-10	1.25888849657535	0.926	0.676	6.31566529264329e-06
C2291	5.62041340036229e-10	0.26075095212638	0.593	0.149	6.35893572116989e-06
C1556	5.83580297391149e-10	0.411033260400277	0.815	0.302	6.60262748468346e-06
C4977	5.93799948663287e-10	0.315717007610034	1	0.717	6.71825261917643e-06
C9061	6.09152470869733e-10	1.1666297593126	0.926	0.635	6.89195105542016e-06
C4893	6.09162789578215e-10	0.489134907857894	0.963	0.703	6.89206780128793e-06
C8627	6.10459312982867e-10	0.834019861378377	0.926	0.693	6.90673666708815e-06
C6665	6.19619416577774e-10	0.43221530526862	0.963	0.694	7.01037407916094e-06
C7440	6.47908128030151e-10	1.14357834448906	0.926	0.641	7.33043256053313e-06
C1625	7.20363642812698e-10	0.401205235099362	0.926	0.417	8.15019425478286e-06
C9479	7.25024725520618e-10	0.624816891141116	0.963	0.687	8.20292974454027e-06
C2719	7.31195282518422e-10	0.389240505462662	1	0.645	8.27274342641342e-06
C1397	8.03622397104001e-10	0.77310305481513	0.593	0.164	9.09218380083467e-06
C11199	8.11544926309239e-10	0.650043447406926	0.963	0.574	9.18181929626273e-06
C9281	8.35411952913799e-10	0.68527591170157	0.963	0.611	9.45185083526672e-06
C9233	8.49641555659278e-10	0.532452685347543	0.963	0.679	9.61284456072907e-06
C1499	9.00192391454067e-10	0.254357210030685	0.926	0.364	1.01847767169113e-05
C6872	9.26356024399395e-10	0.809108111561065	0.926	0.633	1.04807920600548e-05
C4024	9.44079177150342e-10	0.349058268452361	0.963	0.716	1.0681311810279e-05
C7566	9.58091672033725e-10	1.19174830959915	0.889	0.596	1.08398491773896e-05
C3546	9.99254281510697e-10	0.797397017520075	0.963	0.645	1.1305562941012e-05
C3100	1.04433025418808e-09	1.09937626237675	0.963	0.681	1.1815552495884e-05
C1368	1.05573452586298e-09	0.958459534730731	0.593	0.154	1.19445804256137e-05
C1631	1.06425266404471e-09	0.772394652932143	0.63	0.193	1.20409546410019e-05
C5622	1.07999867723744e-09	0.368893046116001	0.963	0.738	1.22191050342644e-05
C1016	1.10509532788224e-09	0.592392785315848	0.667	0.202	1.25030485396597e-05
C1244	1.13004534473012e-09	0.548261210819744	0.63	0.171	1.27853330302766e-05
C9440	1.13569615014643e-09	0.650694247412052	0.926	0.656	1.28492662427567e-05
C9892	1.14527848393367e-09	0.947281966468718	0.926	0.628	1.29576807672255e-05
C10014	1.16188890652896e-09	0.396025386161732	0.963	0.612	1.31456110884686e-05
C5656	1.18184580739147e-09	0.432296872192992	1	0.728	1.33714034648271e-05
C3059	1.19678147980537e-09	0.334946477415856	1	0.695	1.3540385662518e-05
C1470	1.1976200552897e-09	0.261350988049782	0.815	0.29	1.35498733055477e-05
C7049	1.25051137114425e-09	0.936880639805494	0.926	0.623	1.4148285653126e-05
C409	1.28248158924634e-09	0.71553672022607	0.556	0.146	1.45099967007331e-05
C6649	1.34254881295075e-09	0.681755471985166	0.926	0.668	1.51895972697247e-05
C8437	1.38521704728742e-09	0.944008882666371	0.926	0.651	1.56723456730099e-05
C8243	1.39390918029924e-09	1.37107489963495	0.889	0.591	1.57706884659056e-05
C2850	1.4321898108245e-09	0.298094049179131	0.963	0.672	1.62037955196684e-05
C10415	1.46433154974586e-09	0.292028784131406	1	0.513	1.65674471538247e-05
C3213	1.48688879737824e-09	0.405296129624628	0.963	0.7	1.68226598535374e-05
C6989	1.50869410405415e-09	1.56356867169214	0.889	0.611	1.70693650932686e-05
C1896	1.52654403528499e-09	0.802066690608127	0.519	0.121	1.72713192152143e-05
C1846	1.56313464212042e-09	0.454866426796517	0.593	0.164	1.76853053409504e-05
C4394	1.56950868140361e-09	0.667579198679201	0.963	0.748	1.77574212214005e-05
C1744	1.69437325363411e-09	0.718953392181377	0.593	0.167	1.91701389916163e-05
C9456	1.72677391018022e-09	0.804649485505313	0.926	0.687	1.9536720019779e-05
C297	1.77900154813881e-09	0.354628118253171	0.778	0.287	2.01276235156424e-05
C8943	1.79612122736332e-09	0.544627462905555	0.963	0.642	2.03213155663886e-05
C9224	1.81481694729351e-09	0.595640024942606	0.926	0.75	2.05328389416787e-05
C7743	1.82233400911206e-09	1.33627661373197	0.889	0.589	2.06178869790939e-05
C7386	1.87981145630997e-09	0.520008009536611	0.926	0.7	2.1268186816691e-05
C7544	1.8954294269817e-09	0.54156600508356	0.926	0.646	2.14448885368709e-05
C4688	1.93903894038859e-09	0.657637531361625	0.963	0.728	2.19382865715565e-05
C9017	1.97544392321207e-09	0.482114298886575	0.963	0.684	2.23501725472213e-05
C5359	2.15432763134002e-09	0.332736195662987	0.963	0.736	2.4374062820981e-05
C8958	2.18113574439185e-09	1.43417140078908	0.889	0.686	2.46773698120494e-05
C8419	2.19919089260239e-09	0.852091153294402	0.889	0.686	2.48816457589034e-05
C3589	2.22654431884466e-09	0.414465511777636	1	0.634	2.51911224234085e-05
C8335	2.27755523870049e-09	1.05087359497373	0.889	0.628	2.57682599706573e-05
C1022	2.30751000883666e-09	0.351635789540983	0.556	0.138	2.6107168239978e-05
C1402	2.33119906137882e-09	0.346426519363015	0.704	0.224	2.637518618044e-05
C8628	2.39776032483709e-09	0.506883131459165	0.926	0.674	2.71282603152068e-05
C4324	2.50348867779804e-09	0.319281092723355	1	0.72	2.83244709006071e-05
C7620	2.59239113682261e-09	0.561466836156255	0.926	0.654	2.9330313322011e-05
C6489	2.67886902970971e-09	1.02790586570331	1	0.796	3.03087242021357e-05
C1969	2.69252704625201e-09	0.4343309574953	0.556	0.144	3.04632510012952e-05
C7634	2.72874053912768e-09	0.670302191803456	0.926	0.588	3.08729704596905e-05
C1399	2.79357311398688e-09	1.62266238805168	0.741	0.302	3.16064862116475e-05
C8671	2.80810657549448e-09	0.561559087648573	0.926	0.654	3.17709177951446e-05
C6626	2.8312105580928e-09	1.65739742970674	0.889	0.69	3.20323162542619e-05
C9759	2.91945614885017e-09	0.66033002002501	0.926	0.672	3.30307268680908e-05
C1224	3.04658461434346e-09	0.458270103849448	0.556	0.139	3.4469058326682e-05
C9893	3.12312752032261e-09	0.750359230954452	0.926	0.702	3.533506476493e-05
C3189	3.26652599978136e-09	0.614563679290912	0.963	0.681	3.69574751615264e-05
C8834	3.28656938996899e-09	1.15694774181795	0.889	0.667	3.71842460781091e-05
C6564	3.29999942264657e-09	1.12873786892839	0.889	0.669	3.73361934678233e-05
C8715	3.31348234338148e-09	0.751810601174327	0.926	0.689	3.7488739233018e-05
C705	3.37963121395248e-09	1.14799461290557	0.63	0.199	3.82371475546584e-05
C11164	3.45589275643006e-09	0.423933929879736	0.963	0.662	3.90999706462497e-05
C4444	3.4653777157835e-09	0.519037221553855	0.926	0.677	3.92072834763745e-05
C9057	3.48660889168378e-09	0.696128167874247	0.926	0.645	3.94474930005103e-05
C2041	3.53842519987993e-09	0.61368416367503	0.556	0.154	4.00337427114416e-05
C7317	3.54384062343165e-09	0.380373865117605	1	0.74	4.00950128135057e-05
C4266	3.59467864070857e-09	0.295056317841428	0.963	0.746	4.06701941409768e-05
C1927	3.61967581253184e-09	0.497080601472484	0.556	0.151	4.09530121429853e-05
C7834	3.7362452730695e-09	0.997138860319223	0.889	0.618	4.22718790195083e-05
C6708	3.86751690804389e-09	1.18866912456136	0.889	0.643	4.37570862976086e-05
C8123	4.0277033183667e-09	0.26904257971613	0.963	0.626	4.55694353440008e-05
C7857	4.0770044287725e-09	1.50174177837863	0.889	0.73	4.6127228107132e-05
C6526	4.15205604347741e-09	0.447761887179734	0.926	0.669	4.69763620759034e-05
C7776	4.16048087501039e-09	1.19517499240764	0.889	0.663	4.70716806198676e-05
C9427	4.35002709645915e-09	0.842141618924866	0.926	0.678	4.92162065693389e-05
C1588	4.42720225875534e-09	0.802818244020022	0.519	0.13	5.00893663555579e-05
C1698	4.44593200891717e-09	0.610718179107123	0.593	0.177	5.03012747488889e-05
C7408	4.59416120338068e-09	1.06567445355077	0.889	0.677	5.1978339855049e-05
C4076	4.59416144666213e-09	0.305849107624352	1	0.746	5.19783426075353e-05
C8347	4.66902193175195e-09	0.968647771796911	0.926	0.665	5.28253141358415e-05
C10804	4.67612381791002e-09	0.30631750842168	1	0.631	5.2905664875834e-05
C8482	4.83206672829557e-09	0.969137455387321	0.889	0.599	5.46700029639361e-05
C7052	5.10246770809428e-09	0.678640093378185	0.889	0.598	5.77293196493786e-05
C10886	5.37444461129653e-09	1.8546748438469	0.963	0.653	6.08064663322089e-05
C4462	5.4092936619722e-09	0.375627528635074	1	0.803	6.12007484915535e-05
C8228	5.46397838479205e-09	1.29125474545759	0.889	0.682	6.18194514455372e-05
C7007	5.48600254034889e-09	0.258377110544425	0.963	0.638	6.20686327415074e-05
C468	5.58954782243158e-09	0.386998428180308	0.593	0.181	6.32401440629909e-05
C5218	5.60868786595791e-09	0.49220496520148	1	0.797	6.34566945154478e-05
C5911	5.6426081113935e-09	0.383835651529109	1	0.771	6.38404681723061e-05
C5205	5.75712310375546e-09	0.395223883368144	0.963	0.753	6.51360907958892e-05
C386	5.75936044593151e-09	0.396345540865648	0.852	0.355	6.51614040852691e-05
C8764	5.76866363547038e-09	0.637660128112663	0.926	0.635	6.52666603717119e-05
C1536	6.05497510371574e-09	0.569697606710258	0.667	0.219	6.85059883234399e-05
C905	6.18921346665599e-09	0.758382824478075	0.704	0.253	7.00247611617459e-05
C9676	6.39001619531806e-09	1.16531663932233	0.926	0.697	7.22966432338285e-05
C4231	6.46725790255827e-09	0.404044910474917	0.963	0.719	7.31705559095442e-05
C5843	6.5323190393623e-09	0.489683689256761	1	0.796	7.3906657611345e-05
C460	6.58267872368883e-09	0.57663224263012	0.481	0.121	7.44764270798154e-05
C496	6.66784097259764e-09	0.73392368546445	0.667	0.224	7.54399527639698e-05
C6153	6.71789530343516e-09	0.353314830384727	1	0.771	7.60062674630654e-05
C31	6.76742716347315e-09	0.398981235982694	0.852	0.347	7.65666709275352e-05
C5252	6.79898848085242e-09	0.280282748210925	1	0.795	7.69237556723643e-05
C1410	6.815542010456e-09	0.354381702080068	0.704	0.232	7.71110423062993e-05
C1599	6.81934698192334e-09	2.11914809574104	0.704	0.297	7.71540917534806e-05
C6630	7.21894531505324e-09	0.652741958322275	0.926	0.68	8.16751472945123e-05
C10192	7.37700740664094e-09	0.392763374479015	0.963	0.482	8.34634617987355e-05
C884	7.41205504724106e-09	0.355560138151596	0.593	0.171	8.38599908044853e-05
C9570	7.55789594283594e-09	0.692079470873956	0.926	0.658	8.55100346972459e-05
C488	7.60267401129878e-09	0.474967645742909	0.556	0.149	8.60166537638344e-05
C5100	7.89656142172182e-09	0.356457725689813	0.963	0.739	8.93416959253607e-05
C650	8.01249222237038e-09	0.871634799755689	0.667	0.245	9.06533370038985e-05
C7562	8.41562151332567e-09	1.02666809095677	0.889	0.621	9.52143418017666e-05
C6481	8.4491605186463e-09	0.296363590122857	0.963	0.762	9.55938021079643e-05
C10345	8.64527972552199e-09	0.310640500877612	0.963	0.57	9.78126948145558e-05
C8225	8.82656906632332e-09	0.270942970121981	0.963	0.654	9.9863802416382e-05
C5765	9.00348886207628e-09	0.413243639373816	0.963	0.716	0.000101865472985531
C9932	9.12928392257679e-09	0.653503391314025	0.926	0.65	0.000103288718300034
C4300	9.25697948250516e-09	0.286965556102365	0.963	0.748	0.000104733465865063
C3222	9.29375410341443e-09	0.32446845948132	0.963	0.7	0.000105149533926031
C5159	9.46100483177792e-09	0.46273049002761	0.926	0.709	0.000107041808666735
C8513	9.47976737718095e-09	0.898189835194898	0.889	0.692	0.000107254088105425
C8403	9.9607756177798e-09	0.805994136298083	0.926	0.714	0.000112696215339561
C5956	1.05902505473318e-08	0.364518143022221	0.926	0.74	0.000119818094692512
C3927	1.08441565221168e-08	0.523056835086087	0.963	0.779	0.000122690786891229
C10289	1.11594400106005e-08	0.551550317812253	0.963	0.635	0.000126257904279934
C4854	1.13922708674447e-08	0.368776578655743	0.963	0.723	0.000128892152594269
C7609	1.16648377979006e-08	1.00473504203816	0.889	0.626	0.000131975974845447
C5640	1.17108774954795e-08	0.314505750929386	0.963	0.727	0.000132496867983855
C6719	1.17570885852552e-08	1.4601682527211	0.889	0.638	0.000133019700253577
C10296	1.21777915579346e-08	0.472030460616932	1	0.577	0.000137779533686472
C9131	1.21810888436601e-08	0.481999702281674	0.926	0.672	0.000137816839177171
C515	1.24475258362857e-08	0.378822541395509	0.852	0.39	0.000140831307311736
C8326	1.25951537122307e-08	0.967313372863522	0.889	0.672	0.000142501569100178
C1725	1.28967123489514e-08	0.417325175349877	0.481	0.117	0.000145913403516036
C6017	1.29718426705108e-08	0.438531686766236	0.963	0.769	0.000146763427974159
C6895	1.34119872222387e-08	1.57556226545983	0.852	0.652	0.000151743223432408
C10941	1.37239171092656e-08	0.675007687551905	0.963	0.642	0.000155272398174231
C9577	1.37313745683503e-08	0.860918706707637	0.889	0.694	0.000155356771866315
C577	1.38916590889592e-08	0.461738451920226	0.593	0.189	0.000157170230932484
C7367	1.41410175540916e-08	1.01016109273749	0.889	0.597	0.000159991472606993
C4955	1.41965271897948e-08	0.331671189667054	0.926	0.768	0.000160619508625338
C1161	1.42128471578728e-08	0.525974642337954	0.519	0.139	0.000160804152744173
C9077	1.49962171127585e-08	0.486736395398033	0.926	0.641	0.00016966720041375
C700	1.53034555615362e-08	0.259179566482751	0.481	0.115	0.000173143296223221
C8916	1.54424512424012e-08	0.442235087720055	0.926	0.719	0.000174715893356527
C722	1.58104237848437e-08	0.336699808420938	0.778	0.284	0.000178879134701721
C5599	1.59015696600813e-08	0.395918278668034	0.963	0.725	0.00017991035913416
C6125	1.69918580179265e-08	0.287446959879228	0.963	0.737	0.00019224588161482
C6482	1.72924059885204e-08	0.694005585700096	0.963	0.723	0.000195646281354119
C7492	1.74616003284949e-08	0.287120053216298	0.963	0.737	0.000197560546116591
C5664	1.76324035510047e-08	0.561089120958202	0.926	0.682	0.000199493013776068
C11214	1.80753273298743e-08	0.394754991665978	0.963	0.647	0.000204504253410198
C8334	1.80841174798129e-08	1.37084004774407	0.852	0.711	0.000204603705166604
C10244	1.83298826422087e-08	0.751615926248003	1	0.613	0.000207384292213949
C9982	1.85831444295976e-08	0.404721870402038	1	0.708	0.000210249696076467
C236	1.8656704554073e-08	0.324356445350625	0.63	0.205	0.000211081955324782
C4901	1.90584821397891e-08	0.262156822976821	0.963	0.775	0.000215627666929574
C1495	1.95489275536934e-08	0.552439708454486	0.593	0.187	0.000221176566342487
C1204	2.09167928969951e-08	0.673524321701398	0.556	0.167	0.000236652594836603
C9040	2.12034779699719e-08	0.385194791006873	0.963	0.707	0.000239896149752262
C5850	2.12445693150559e-08	0.483275895786807	0.963	0.78	0.000240361057230543
C2263	2.139816704851e-08	0.315088018594065	0.481	0.119	0.000242098861986842
C10843	2.15635785055137e-08	0.304737164056636	0.963	0.644	0.000243970327211382
C2380	2.19836012429476e-08	0.600835372731771	0.593	0.193	0.000248722464462709
C2881	2.2383721915265e-08	0.389842592822243	0.963	0.725	0.000253249429749309
C10320	2.27610200714899e-08	0.530896999644609	0.926	0.505	0.000257518181088837
C5702	2.3310507414012e-08	0.371936941000119	1	0.779	0.000263735080882132
C7590	2.34459090316114e-08	0.440925154744683	0.963	0.767	0.000265267014783651
C4637	2.38107227788441e-08	0.66224241774788	0.963	0.707	0.000269394517519842
C4318	2.62188120323125e-08	0.401047033205329	0.963	0.791	0.000296639639333583
C5424	2.68310100658e-08	0.368131082239949	0.963	0.699	0.000303566047884461
C648	2.77491088757925e-08	0.748464699120607	0.593	0.178	0.000313953417820717
C8703	2.84774234298615e-08	0.851556168774121	0.889	0.667	0.000322193568685453
C824	2.849877110785e-08	0.267531689653057	0.667	0.228	0.000322435096314215
C9333	2.86968754001652e-08	0.426735475796629	0.926	0.69	0.000324676448277469
C8630	2.99335040484538e-08	0.465350028325585	0.926	0.736	0.000338667664804206
C8166	3.02796426371859e-08	0.831517878141927	0.889	0.657	0.000342583876797121
C6839	3.10429775203592e-08	0.832723304497456	0.889	0.651	0.000351220247665344
C9637	3.27510308496346e-08	0.465261485234534	0.926	0.642	0.000370545163032765
C8782	3.2876462949475e-08	0.351506138716489	0.963	0.634	0.000371964301810361
C8684	3.40264874900357e-08	0.815957858812395	0.889	0.632	0.000384975679462264
C548	3.40488476582183e-08	0.392345707135104	0.667	0.226	0.000385228662405082
C7123	3.49478962934067e-08	1.57481569615883	0.852	0.685	0.000395400498663604
C1167	3.60531088823931e-08	0.669692177754828	0.704	0.276	0.000407904873895395
C974	3.6295785712318e-08	0.815303081613044	0.741	0.302	0.000410650519549165
C8446	3.72163808728339e-08	0.626467857435596	0.889	0.671	0.000421066133195242
C8167	3.91038026688391e-08	1.13023946442767	0.889	0.598	0.000442420423395246
C4498	4.1950472398121e-08	0.446107272828934	0.963	0.787	0.000474627644712341
C7043	4.20301274241091e-08	0.693715772072142	0.889	0.711	0.000475528861676371
C6131	4.25918727824703e-08	0.633188762297668	0.963	0.799	0.000481884448660869
C1715	4.34607937064842e-08	0.558257242867919	0.519	0.136	0.000491715419995162
C5679	4.36544787122652e-08	0.303178745080954	0.963	0.759	0.000493906772150568
C1929	4.41130785254634e-08	0.370441888262275	0.778	0.341	0.000499095370437093
C2035	4.66608702336931e-08	1.10298502824581	0.556	0.177	0.000527921085824003
C9275	4.72660180199807e-08	1.12307894764009	0.889	0.677	0.000534767727878061
C9877	4.73555353769973e-08	0.34077286547202	0.926	0.649	0.000535780527255347
C7196	4.75348517302809e-08	0.782200697894319	0.889	0.695	0.000537809312476398
C3914	4.8808876999988e-08	0.271268956647752	0.963	0.716	0.000552223634377864
C4698	4.95516689792076e-08	0.375365438494972	0.926	0.748	0.000560627582830755
C4453	4.9927162230855e-08	0.714157361939585	0.963	0.717	0.000564875913479894
C8656	5.11666599246405e-08	0.522842389761827	1	0.774	0.000578899590387383
C4640	5.22387158674582e-08	0.404492750993685	1	0.805	0.000591028831324422
C9630	5.22387158674582e-08	0.295454868417154	0.926	0.649	0.000591028831324422
C2226	5.24258834935153e-08	0.490010967952602	0.593	0.202	0.000593146445845632
C10152	5.27806681211804e-08	0.646801000587697	1	0.605	0.000597160479123035
C9046	5.35337734274248e-08	0.49582223018731	0.926	0.669	0.000605681112557884
C5954	5.39384746998018e-08	0.348243347329203	1	0.742	0.000610259902753557
C5508	5.4756791199562e-08	0.31412875033096	1	0.734	0.000619518335631844
C9779	5.54826766144486e-08	0.385896875024302	0.926	0.694	0.000627731003215871
C9826	5.56917269198842e-08	0.402288585948326	0.926	0.681	0.000630096198371569
C2344	5.93439610667801e-08	0.43541421860195	0.519	0.141	0.00067141757550955
C2191	6.65050536676588e-08	0.449154585386921	0.667	0.247	0.000752438177195892
C9536	6.70534795027538e-08	0.372622015415596	0.926	0.682	0.000758643067094156
C8516	6.83187657084571e-08	0.571620804921509	0.889	0.618	0.000772958515225484
C8503	6.97372684268081e-08	0.434436522225067	0.926	0.706	0.000789007454980906
C7181	6.97372762755883e-08	1.48442283563742	0.852	0.686	0.000789007543782005
C663	7.02080860265741e-08	0.337127834501368	0.519	0.145	0.00079433428530466
C1697	7.09917123615572e-08	0.329509045927972	0.519	0.147	0.000803200233658658
C7710	7.17176559712701e-08	0.251771545210157	0.889	0.644	0.00081141355965895
C10303	7.23819720305978e-08	0.520980545861643	0.963	0.634	0.000818929631554183
C1383	7.32098875701595e-08	0.663552001373211	0.444	0.117	0.000828296667968784
C6584	7.81364588118249e-08	0.810638167055699	0.889	0.647	0.000884035894996987
C5915	8.00490837145008e-08	0.42239118856374	0.963	0.743	0.000905675333145862
C1639	8.04363563266227e-08	0.403045094033756	0.481	0.129	0.000910056935479409
C4122	8.17028007469304e-08	0.452829120725232	1	0.721	0.000924385487650771
C7545	8.68620476618043e-08	1.12178898065498	0.852	0.58	0.000982757207245654
C7633	8.99787476711046e-08	0.464235530788568	0.889	0.653	0.00101801955115088
C9372	9.25131922005392e-08	0.669914748123582	0.889	0.696	0.0010466942565569
C45	9.29419494389777e-08	0.520409120280878	0.519	0.151	0.00105154521595259
C903	9.37068420991477e-08	0.564209271460492	0.519	0.159	0.00106019921150976
C5417	9.38930116714555e-08	0.255616390843778	0.926	0.735	0.00106230553405085
C7635	9.51166492552049e-08	1.64633102604217	0.852	0.612	0.00107614976967339
C925	9.51362108587195e-08	0.496487287856409	0.481	0.127	0.00107637108965555
C1423	9.78331693653785e-08	0.60715438167476	0.63	0.214	0.00110688447819989
C10093	1.00408591308997e-07	0.344903435380386	0.926	0.492	0.00113602280206999
C7307	1.00909735622272e-07	0.658613178374277	0.889	0.66	0.00114169274883039
C8193	1.02033470128063e-07	0.457504115422476	0.889	0.67	0.00115440668102891
C1701	1.05421559200486e-07	0.304410719113151	0.481	0.13	0.0011927395207943
C2190	1.10492457074303e-07	0.41000629115966	0.815	0.354	0.00125011165933867
C8917	1.10855307315865e-07	0.297896405359974	0.926	0.689	0.0012542169469717
C9610	1.11879898085869e-07	0.272786650483304	0.926	0.712	0.00126580916694353
C9649	1.18222558744734e-07	0.396392128876677	0.889	0.726	0.00133757002963792
C9404	1.20634367805516e-07	0.548317321172941	0.889	0.737	0.00136485723735161
C7607	1.20855937320583e-07	0.535698037560595	0.889	0.654	0.00136736407484507
C8173	1.24683830992003e-07	1.3952466440522	0.852	0.589	0.00141067286384352
C2078	1.24803999605446e-07	0.380665203021616	0.704	0.253	0.00141203245153601
C6416	1.26990112777211e-07	0.279402468870774	0.963	0.699	0.00143676613596136
C62	1.30618731102627e-07	0.456284674398972	0.481	0.132	0.00147782032369512
C2233	1.34774384529389e-07	0.353341439700752	0.556	0.17	0.00152483738656551
C1387	1.37380771528023e-07	1.94097780590271	0.741	0.384	0.00155432604906805
C3541	1.45651773192499e-07	0.45580936412464	1	0.761	0.00164790416189994
C8332	1.51334590655901e-07	1.21270726794834	0.852	0.597	0.00171219955868087
C7511	1.51887843449327e-07	0.359853648866667	0.889	0.687	0.00171845906078569
C4214	1.53277302498693e-07	0.371619436343573	1	0.787	0.00173417940047021
C8392	1.54397606907911e-07	0.49520959079209	0.889	0.681	0.0017468545245561
C2962	1.55243189993823e-07	0.305357380246434	0.926	0.671	0.00175642145159011
C9953	1.65143835428801e-07	0.430530394931446	0.926	0.698	0.00186843735404145
C8056	1.68170169803874e-07	1.06228919228048	0.889	0.607	0.00190267730116102
C6680	1.72809400321909e-07	0.73754363400931	0.852	0.638	0.00195516555524208
C8602	1.74700916436595e-07	0.359860029627645	0.889	0.686	0.00197656616856363
C10632	1.88113461390075e-07	0.575171072804934	0.963	0.645	0.00212831570216731
C7493	1.89531527518731e-07	1.46839131757112	0.852	0.643	0.00214435970234692
C1414	1.9040130324537e-07	0.288278436887919	0.667	0.24	0.00215420034491811
C4421	1.94740163507352e-07	0.603985992973085	0.926	0.761	0.00220329020992219
C8952	1.96862007128646e-07	0.380024789902616	0.889	0.709	0.0022272967486535
C9078	2.16602424467996e-07	0.277194338505798	0.889	0.706	0.0024506398304309
C6658	2.18560494558472e-07	0.514875870354635	0.889	0.663	0.00247279343543455
C8922	2.19743449438287e-07	0.923890778500724	0.889	0.67	0.00248617738694478
C8693	2.19743529581672e-07	0.849469874512549	0.889	0.674	0.00248617829368703
C5634	2.22528057647659e-07	0.364273772924748	0.926	0.752	0.00251768244422561
C4725	2.27381044702879e-07	0.423673065264678	0.963	0.802	0.00257258913976837
C5570	2.36969993911932e-07	0.257664866789932	1	0.749	0.00268107851111959
C7445	2.37395646149758e-07	0.738526739941104	0.889	0.595	0.00268589434053836
C8896	2.52315482252657e-07	0.365518799274958	0.889	0.637	0.00285469736620656
C259	2.57116422820917e-07	0.551125990544334	0.481	0.141	0.00290901520779585
C553	2.57645832382245e-07	0.346935353297106	0.63	0.208	0.00291500494757272
C8129	2.64331909833922e-07	0.598211624075238	0.889	0.663	0.002990651227861
C9714	2.77890528151833e-07	0.445114189386828	0.889	0.688	0.00314405343550984
C1703	2.78749070456724e-07	0.549790926359549	0.444	0.122	0.00315376698314738
C6910	2.79381165215808e-07	0.816175250345843	0.852	0.665	0.00316091850325165
C6646	2.79382464818399e-07	0.930122879532508	0.852	0.664	0.00316093320695537
C5458	2.93685298149744e-07	0.370012930320199	0.963	0.736	0.0033227554632662
C4008	3.34378587771678e-07	0.675360246277787	0.963	0.727	0.00378315934204877
C1212	3.41424794927846e-07	0.939983682251615	0.407	0.107	0.00386288012981365
C512	3.43623506594322e-07	0.604203600947575	0.556	0.19	0.00388775635360816
C86	3.45173354725859e-07	0.301043820207796	0.778	0.334	0.00390529133536837
C646	3.51555637445771e-07	0.861918328461683	0.519	0.157	0.00397750048206145
C5947	3.53259818825601e-07	0.354971499288531	0.963	0.766	0.00399678159019285
C7179	3.53885695499475e-07	0.645272995853506	0.889	0.707	0.00400386275888106
C6878	3.60841333946957e-07	0.382803016436581	0.889	0.653	0.00408255885227587
C39	3.6655968234537e-07	0.251057571189559	0.556	0.173	0.00414725624605552
C7040	3.83185712075977e-07	0.455212299460532	0.926	0.689	0.00433536314642761
C9258	4.20699749945472e-07	0.301323456619527	0.889	0.634	0.00475979697088307
C6959	4.38830259130325e-07	1.02602131415287	0.852	0.589	0.0049649255518005
C41	4.38875262111814e-07	0.62203594826196	0.519	0.165	0.00496543471553306
C1935	4.95318029527755e-07	0.352972728457168	0.704	0.276	0.00560402818607702
C9056	4.96126723639183e-07	0.580941959640949	0.852	0.66	0.00561317775125372
C9014	5.02227513678899e-07	0.727178440412111	0.889	0.621	0.00568220208976307
C5361	5.32036884159825e-07	0.286370179223913	1	0.779	0.00601946530738426
C7516	5.32965697007054e-07	0.260358507995742	0.926	0.698	0.00602997389593781
C2081	5.34932912899044e-07	0.325152228748619	0.519	0.16	0.00605223097653978
C8538	5.72429504612815e-07	1.16821099236347	0.852	0.637	0.00647646741518939
C6687	5.73426531188528e-07	1.38073169058074	0.815	0.563	0.00648774777386701
C10940	5.75322615930575e-07	0.276936206822362	0.926	0.657	0.00650920007663853
C9329	5.83495513840235e-07	0.715187427224956	0.852	0.64	0.00660166824358842
C7134	6.03086280373665e-07	0.432431857917199	0.889	0.644	0.00682331817614764
C5116	6.04134734726799e-07	0.329451707464806	0.926	0.724	0.00683518038869901
C9151	6.1365016746552e-07	0.832239354372963	0.852	0.669	0.00694283799470489
C10173	6.28713810119612e-07	0.253887417433812	1	0.596	0.00711326804769329
C8030	6.3311623726256e-07	0.915845006183375	0.852	0.615	0.00716307710838861
C5944	6.50917971762159e-07	0.379757579400534	0.926	0.714	0.00736448593251706
C1753	6.59480988865255e-07	0.253038622375527	0.481	0.139	0.0074613679080215
C5160	6.92752810850132e-07	0.487449425943963	0.963	0.809	0.00783780530195839
C4736	7.04825937104129e-07	0.461443539118611	0.889	0.705	0.00797440065239611
C7721	7.18340369128571e-07	0.828138301828506	0.852	0.638	0.00812730293632066
C8872	7.23316452966199e-07	0.54219771603639	0.852	0.673	0.00818360234885957
C6349	7.32104567093316e-07	0.582922898164218	0.889	0.728	0.00828303107209378
C9653	7.42271432207446e-07	0.572361445114148	0.889	0.647	0.00839805898399505
C6851	7.51283401869431e-07	0.686122967823041	0.852	0.64	0.00850002040875074
C244	7.55839354140545e-07	0.325972621380435	0.778	0.345	0.00855156645274612
C2007	7.58231216935399e-07	0.527917189299788	0.481	0.145	0.0085786279884071
C4828	7.63022715096293e-07	0.432799409124334	0.889	0.693	0.00863283899859946
C7347	7.64337893101835e-07	0.758024074275145	0.852	0.54	0.00864771892255417
C6336	7.70946606341182e-07	0.924445974637665	0.963	0.741	0.00872248990414413
C7323	7.78949586462019e-07	1.02903435879666	0.852	0.648	0.00881303562123128
C6681	7.87032231441897e-07	0.731055047173369	0.852	0.598	0.00890448266653362
C8025	8.08984773307415e-07	0.990262063346304	0.852	0.66	0.00915285372520009
C11180	8.1431343170478e-07	0.544105069991985	0.926	0.66	0.00921314216630788
C7969	8.14563329379606e-07	0.643004626143731	0.852	0.645	0.00921596950860086
C2368	8.37382845654599e-07	0.333381711085438	0.444	0.123	0.00947414951573614
C6861	8.53206461287552e-07	0.808734313146241	0.852	0.674	0.00965317790300737
C3451	8.79942567010926e-07	0.785210187942723	0.926	0.705	0.00995567020316162
C3748	9.39059644005244e-07	0.589281409621003	1	0.791	0.0106245208122753
C2976	9.50358864512733e-07	0.339721687508724	0.926	0.737	0.0107523601930971
C983	9.58383191735435e-07	0.251885680311629	0.815	0.391	0.0108431474312947
C8267	9.68378913166971e-07	0.606078291963732	0.852	0.646	0.0109562390235711
C1272	9.92872116269257e-07	1.37610140977663	0.778	0.443	0.0112333551234704
C6270	1.01401808391117e-06	0.30365409496879	1	0.679	0.011472600601371
C6685	1.0157475442563e-06	0.314335991923631	0.889	0.719	0.0114921677157158
C9386	1.04025978946561e-06	0.404607485132675	0.889	0.634	0.0117694992580139
C9701	1.04379856608193e-06	1.78461661876773	0.815	0.58	0.011809536976651
C6618	1.04736746244114e-06	0.657737623019695	0.852	0.642	0.011849915470059
C1580	1.07459058454673e-06	0.431702173446463	0.556	0.181	0.0121579178735616
C6330	1.20788599463509e-06	0.286729825302892	0.963	0.792	0.0136660221433014
C8508	1.2923927606857e-06	0.968558777282388	0.815	0.607	0.014622131694398
C6283	1.31440426439124e-06	0.306093472540596	0.963	0.758	0.0148711698473225
C1757	1.33179015084438e-06	0.839788833039987	0.481	0.161	0.0150678737666534
C4760	1.36178652990996e-06	0.606143017164426	1	0.754	0.0154072527994013
C1834	1.3889840198015e-06	0.357477838751883	0.556	0.179	0.0157149652000342
C5958	1.39898550631638e-06	0.307349223499981	0.926	0.75	0.0158281220184635
C7283	1.43957955184157e-06	0.592068263644122	0.852	0.553	0.0162874030495355
C980	1.4435515574724e-06	0.430587985135928	0.63	0.223	0.0163323423212427
C929	1.46262100585466e-06	0.555786877856516	0.593	0.209	0.0165480940602396
C9739	1.54997057910993e-06	1.86841333165112	0.889	0.622	0.0175363671320497
C6597	1.56302211322554e-06	1.09669562442361	0.815	0.626	0.0176840321890338
C8091	1.59210094698039e-06	0.580367527213093	0.852	0.668	0.0180130301141361
C8104	1.59744354400125e-06	0.310536126298624	0.926	0.697	0.0180734762568302
C7328	1.60818041374638e-06	1.01816470372349	0.815	0.583	0.0181949532011266
C239	1.6165572581686e-06	0.355314691681073	0.778	0.365	0.0182897288189195
C6587	1.62441571852495e-06	0.996343534094506	0.815	0.646	0.0183786394393913
C8351	1.63806535475825e-06	0.640328661510412	0.852	0.666	0.0185330714237348
C8308	1.69377538074018e-06	0.634588987269695	0.852	0.647	0.0191633746576944
C1532	1.69918156381638e-06	0.377577213205028	0.778	0.351	0.0192245402130185
C6628	1.71943480379262e-06	0.264777967383346	0.889	0.623	0.0194536853701098
C9718	1.74838332562788e-06	0.280553745649905	0.889	0.645	0.0197812089461539
C1960	1.75854384066766e-06	0.281749919109311	0.519	0.167	0.0198961650133139
C3230	1.76009339135253e-06	0.632883049521621	0.963	0.772	0.0199136966297625
C9314	1.77483667371392e-06	0.318072731767958	0.852	0.674	0.0200805021263993
C8947	1.78373813307675e-06	0.25247083450962	0.889	0.732	0.0201812132376303
C8135	1.86582024619805e-06	1.0592524774353	0.815	0.622	0.0211098902654847
C9534	1.92895009275626e-06	0.635574666943987	0.889	0.729	0.0218241413494443
C3818	2.01075134348431e-06	0.255504667585743	1	0.733	0.0227496407001814
C5960	2.01075134348431e-06	0.284187357176161	0.889	0.719	0.0227496407001814
C2793	2.0648413166519e-06	0.555408409142407	0.889	0.659	0.0233616146565996
C9507	2.0682613199784e-06	0.274681247231289	0.889	0.633	0.0234003085742356
C2982	2.14860469871903e-06	0.432290770076921	0.926	0.687	0.0243093135613071
C8655	2.16646136311482e-06	0.407865235631484	0.852	0.687	0.024511343862281
C9447	2.17004998657966e-06	0.412327307636517	0.889	0.662	0.0245519455481623
C6570	2.21355849854632e-06	0.669998802565067	0.852	0.624	0.025044200852553
C580	2.21901177140678e-06	1.3207126445342	0.852	0.473	0.0251058991816963
C1915	2.22474459061686e-06	0.464827836490047	0.481	0.152	0.0251707602982391
C2195	2.2588546377078e-06	0.815020511176051	0.63	0.263	0.0255566813710261
C7203	2.30690861513895e-06	0.588427674076385	0.815	0.632	0.0261003640716821
C9952	2.3414307286238e-06	0.432682388395029	0.852	0.622	0.0264909472636496
C8502	2.38429866469497e-06	0.31412913519816	0.889	0.737	0.0269759550923589
C7908	2.4040319452702e-06	0.374072615153978	0.852	0.673	0.0271992174287871
C830	2.43346388155408e-06	1.11906813110599	0.778	0.422	0.0275322103559029
C5924	2.45203431949898e-06	0.354508264848082	0.926	0.736	0.0277423162908114
C8477	2.50095544617048e-06	0.446943695648751	0.852	0.714	0.0282958099179729
C1388	2.55435676904949e-06	0.360483372372442	0.519	0.169	0.0288999924850259
C4714	2.61877652994913e-06	0.325387408424309	0.889	0.728	0.0296288376598445
C9018	2.74641322629983e-06	0.398561370385306	0.852	0.736	0.0310729192423563
C6750	2.75091951478764e-06	0.724887130222013	0.852	0.563	0.0311239033903074
C5893	2.8239884481564e-06	0.336222784172288	0.926	0.716	0.0319506053024415
C8529	2.83325192863172e-06	0.325156614759758	0.852	0.648	0.0320554123205393
C6192	2.85186651074739e-06	0.261085727585264	0.963	0.751	0.032266017702596
C7464	2.86590352055985e-06	0.974825013088846	0.815	0.629	0.0324248324316141
C8310	2.86590435473235e-06	0.688241396970047	0.815	0.666	0.0324248418694418
C7136	2.93702828755619e-06	1.21795172039991	0.815	0.59	0.0332295380454107
C7411	2.94189984657639e-06	0.349101513540444	0.889	0.659	0.0332846548641653
C8533	2.97088429696877e-06	0.901737108830303	0.815	0.604	0.0336125849359047
C6663	2.99526424458117e-06	0.527216969121592	0.852	0.597	0.0338884196631914
C8746	3.04955662071303e-06	0.70957752362606	0.889	0.728	0.0345026836067472
C6306	3.0997315377099e-06	0.342545435127657	0.963	0.765	0.0350703626176499
C9673	3.2286571377035e-06	0.564104757605236	0.852	0.658	0.0365290268559773
C9152	3.29235237386349e-06	0.326535751405737	0.852	0.663	0.0372496747578916
C9097	3.36818909070154e-06	0.299948408980158	0.889	0.609	0.0381076913721973
C5819	3.37915857260293e-06	0.266655891465616	1	0.819	0.0382318000904296
C2589	3.50779552265116e-06	0.586489102318077	0.963	0.756	0.0396871985432753
C5142	3.77318555604242e-06	0.365826234235876	0.963	0.695	0.0426898213810639
C458	3.8277406109996e-06	0.482935632008328	0.741	0.342	0.0433070572728494
C9192	3.87210405052813e-06	0.555946306951751	0.852	0.697	0.0438089852276753
C1657	3.88328071950621e-06	0.552854531467942	0.444	0.14	0.0439354380604933
C8739	3.94791917660846e-06	0.586358992676304	0.815	0.668	0.0446667575641481
C92	3.99847163791067e-06	0.53125787181618	0.444	0.138	0.0452387081113214
C4928	4.01218334239591e-06	1.069305459555	0.963	0.674	0.0453938423358673
C7425	4.10383935428685e-06	0.582579042377133	0.815	0.692	0.0464308384544014
C7071	4.17725551750754e-06	0.45098053049119	0.815	0.665	0.0472614689250804
C6826	4.27252506445875e-06	1.22659157858978	0.815	0.692	0.0483393485792863
C6551	4.27940682983749e-06	0.968338219758295	0.815	0.64	0.0484172088727814
C8279	4.39806991309464e-06	0.472856094194891	0.852	0.656	0.0497597629967528
