p_val	avg_log2FC	pct.1	pct.2	p_val_adj	geneCluster	cell	cellType
2.59218870531971e-59	1.56751628536444	0.868	0.084	1.5089130453666e-55	13	GATCTAGAGTGGTCCC-2	C6
4.68035584228662e-58	1.10644531970528	0.842	0.079	2.72443513579504e-54	13	TAGGCATAGCCGATTT-2	C6
1.7656575508814e-55	1.65523756078929	0.711	0.057	1.02778926036806e-51	13	GAGGTGAGTCCGAAGA-2	C6
4.22360564569081e-53	1.25451418555709	0.763	0.07	2.45856084635662e-49	13	CATTCGCCAAGTAATG-2	C6
1.44698068518715e-52	0.906983627345608	0.842	0.089	8.42287456847441e-49	13	TGTGTTTCAGACGCAA-2	C6
3.12776237789164e-51	1.71453023319863	0.684	0.059	1.82067048017073e-47	13	AGATCTGAGAGTACCG-2	C4
4.98447360435031e-50	1.12965121992348	0.763	0.075	2.90146208509232e-46	13	TACTTACTCGCGTAGC-2	C6
1.1368014628621e-49	1.03606022058433	0.816	0.085	6.61732131532027e-46	13	CTGAAGTAGATCTGCT-2	C3
1.1626198074357e-48	2.03307714275209	0.763	0.082	6.76760989908324e-45	13	CTGAAGTCAAAGGAAG-2	C3
5.34487885543742e-48	2.07307500262697	0.711	0.073	3.11125398175012e-44	13	TGCCCATGTCCAACTA-2	C3
5.68314444839923e-48	1.754065520227	0.737	0.076	3.30815838341319e-44	13	GCTGGGTGTCGTCTTC-2	C3
1.07676626744242e-47	1.27738743865084	0.737	0.074	6.26785644278232e-44	13	AGATTGCCAGGCAGTA-2	C4
2.30637581356986e-47	1.18296585315297	0.711	0.067	1.34254136107902e-43	13	CTCGAGGAGGGCTTGA-2	C6
5.53366442299311e-47	1.0565904613021	0.763	0.083	3.22114606062429e-43	13	AAGACCTGTAGCGCAA-2	C6
6.58559628294054e-47	1.38501231224369	0.763	0.081	3.83347559629969e-43	13	GGCGACTAGTTCCACA-2	C4
7.9488389000132e-47	1.36042882341908	0.684	0.063	4.62701912369768e-43	13	TACCTTACAGACGCCT-2	C6
3.31086504072706e-46	1.52363773031523	0.763	0.084	1.92725454020722e-42	13	CTCACACCATAGGATA-2	C3
6.48632172852951e-46	0.898431800466939	0.658	0.058	3.77568787817703e-42	13	TTGTAGGAGCTCTCGG-2	C6
1.3550271648438e-45	0.741973528246936	0.842	0.102	7.88761312655575e-42	13	TCAGATGAGTTAGCGG-2	C3
1.35639338531301e-45	1.36275806968775	0.763	0.084	7.895565895907e-42	13	ATGCGATTCGGCATCG-2	C4
1.61987770620324e-45	0.818741721001909	0.763	0.083	9.42930812780908e-42	13	CACTCCAGTCGGCACT-2	C6
6.54659775473233e-45	1.94410525114718	0.763	0.09	3.81077455302969e-41	13	CAACTAGGTGTGCCTG-2	C4
2.93882877048386e-44	1.47494235491855	0.711	0.078	1.71069222729865e-40	13	CATATGGAGCTAACTC-2	C3
3.77990898031636e-44	1.54600103559236	0.763	0.088	2.20028501744215e-40	13	CGTCTACCACTTAAGC-2	C3
4.20651717643564e-44	1.33271272055507	0.684	0.068	2.44861364840318e-40	13	CTCATTAAGGACTGGT-2	C6
7.3082414334581e-44	1.1230396638936	0.711	0.074	4.25412733841596e-40	13	GTAGGCCGTCATCCCT-2	C6
1.76733933371894e-43	1.71140943392894	0.763	0.094	1.0287682261578e-39	13	TCATTACCAAGCCGCT-2	C3
1.80594622370164e-43	0.532447979028233	0.763	0.086	1.05124129681673e-39	13	GACCAATTCCGAAGAG-2	C6
3.87974007578368e-43	1.41753643265395	0.816	0.103	2.25839669811368e-39	13	CTTAGGAGTGTAACGG-2	C3
5.17502971308457e-43	2.12050599110196	0.658	0.066	3.01238479598653e-39	13	CCACGGACATCTACGA-2	C6
5.2000443595287e-43	1.65734951618836	0.684	0.069	3.02694582168166e-39	13	CACATTTGTCGACTAT-2	C6
7.37736285895284e-43	1.30501326653257	0.605	0.054	4.29436292019645e-39	13	AACCGCGCAAGCCATT-2	C6
2.50778245822199e-42	0.785735622400804	0.684	0.068	1.45978016893102e-38	13	ACGGGCTAGGGATGGG-2	C6
3.71737043771586e-42	0.833267713075329	0.632	0.058	2.1638813317944e-38	13	TACAGTGTCCCACTTG-2	C6
6.42052906514353e-42	0.721351036889453	0.763	0.09	3.73738996882005e-38	13	CAGCCGACACATGGGA-2	C3
1.28012206591609e-41	1.24064846873967	0.684	0.072	7.45159054569755e-38	13	CGAGAAGGTTTCGCTC-2	C6
2.34496604287618e-41	1.02516750657561	0.737	0.086	1.36500473355822e-37	13	TACTTACTCTGTCTCG-2	C4
3.86539932591128e-41	1.73461472636212	0.737	0.083	2.25004894761296e-37	13	CACAGTACACTGCCAG-2	C4
6.8309163926101e-41	0.474845804597081	0.711	0.077	3.97627643213834e-37	13	CTACCCATCGCATGAT-2	C6
9.50919526453281e-41	0.96627571850553	0.711	0.081	5.53530256348455e-37	13	CTCAGAAAGTGAATTG-2	C3
4.36717025099009e-40	1.76444751439323	0.711	0.081	2.54212980310133e-36	13	TTTGCGCTCCCATTTA-2	C4
6.41660752193139e-40	0.77518134108215	0.658	0.068	3.73510723851626e-36	13	CTACGTCGTCTCCACT-2	C6
7.10287327653325e-40	1.71599616370398	0.711	0.088	4.13458253427001e-36	13	AAAGATGTCTTAGAGC-2	C3
2.12179129605526e-39	1.98922255566179	0.711	0.084	1.23509471343377e-35	13	GGAATAAAGATGCGAC-2	C3
3.11206197316303e-39	1.07610713515918	0.684	0.075	1.8115312745782e-35	13	GTACGTAGTCTGCAAT-2	C7
3.77825072850583e-39	1.14704543723811	0.684	0.077	2.19931974906325e-35	13	CTAAGACGTAAGTTCC-2	C4
5.00051270419358e-39	1.20362695649752	0.711	0.085	2.91079844511108e-35	13	ACATGGTGTGAAAGAG-2	C4
6.24956507081342e-39	0.479498604690704	0.658	0.072	3.63787182772049e-35	13	TCAACGAAGAAACCAT-2	C6
7.46869553466917e-39	0.963307832023671	0.579	0.054	4.34752767073092e-35	13	CCCAATCTCTCGATGA-2	C6
1.22038962698428e-38	1.17095154717374	0.763	0.099	7.1038880186755e-35	13	CCTTCGAGTGATGTCT-2	C3
1.71802714208235e-38	0.938663091792703	0.711	0.085	1.00006359940614e-34	13	GCTCTGTTCTGATTCT-2	C6
2.01792228101942e-38	2.00150503750682	0.553	0.05	1.1746325597814e-34	13	TAGTTGGTCACCTTAT-2	C6
2.10462631915758e-38	1.17076239760791	0.711	0.085	1.22510298038163e-34	13	CTGCGGAGTATAAACG-2	C3
2.86409514387475e-38	1.09096068741277	0.711	0.088	1.66718978324949e-34	13	ACATGGTTCGTACCGG-2	C3
3.16141847956716e-38	0.689813950448554	0.632	0.065	1.84026169695604e-34	13	CGGTTAAGTCTAGAGG-2	C6
3.90835069984348e-38	0.655503935037731	0.711	0.085	2.27505094237889e-34	13	GGACAGAGTATCGCAT-2	C4
4.69274780854176e-38	1.63106203037273	0.711	0.082	2.73164849935216e-34	13	TAAGTGCTCATTTGGG-2	C4
5.55450006741799e-38	1.31425774794504	0.684	0.082	3.23327448924401e-34	13	CTTAGGACACAACGTT-2	C21
6.18010109218533e-38	1.68683081188265	0.737	0.093	3.59743684576108e-34	13	TACCTATGTCTAAAGA-2	C4
6.46248302505572e-38	0.709887774670115	0.684	0.076	3.76181136888493e-34	13	ACACCCTAGTTCGCAT-2	C4
1.13745199552344e-37	0.89789077201366	0.789	0.113	6.62110806594194e-34	13	CCACGGATCTCCCTGA-2	C3
2.68417400090471e-37	1.68327986873036	0.632	0.071	1.56245768592663e-33	13	ATCTGCCTCTTAGCCC-2	C3
1.95207535996357e-36	0.972753362121448	0.711	0.09	1.13630306703479e-32	13	TTTGCGCCATGAGCGA-2	C4
2.12797913614657e-36	0.776865853308721	0.711	0.089	1.23869665515092e-32	13	CTGATAGGTAGAAGGA-2	C4
2.43399445787757e-36	1.36022117778713	0.579	0.06	1.41682817393053e-32	13	TGCACCTTCCGAATGT-2	C3
2.93917512335912e-36	1.82044471594151	0.658	0.078	1.71089383930734e-32	13	TGAGGGACAAGCCTAT-2	C6
3.05096783663515e-36	1.20058434330609	0.658	0.076	1.77596837770532e-32	13	GTCGTAAGTGATGATA-2	C3
9.28201009139987e-36	1.07764179200316	0.684	0.086	5.40305807420386e-32	13	CTCGGAGGTCACTGGC-2	C4
1.83611235408277e-35	1.26376984193653	0.526	0.049	1.06880100131158e-31	13	ACTATCTGTCTTCAAG-2	C6
2.39536122451558e-35	2.17819357011739	0.579	0.064	1.39433976879052e-31	13	CCTCAGTGTCAATACC-2	C3
3.44640663053538e-35	1.03124342530486	0.763	0.108	2.00615329963465e-31	13	ACATCAGAGGCGTACA-2	C3
3.4464212450959e-35	1.1291208246042	0.763	0.109	2.00616180677033e-31	13	CGCTGGAGTCTCTCGT-2	C3
8.52180737399189e-35	2.14030828627076	0.684	0.096	4.96054407240068e-31	13	CATCGGGGTAGCACGA-2	C6
9.12591814793253e-35	1.62690244855646	0.658	0.079	5.31219695391153e-31	13	TCAGGATCATCCCACT-2	C4
1.35645172058557e-34	1.72005866142419	0.605	0.068	7.89590546552862e-31	13	TAAACCGGTGAGGGAG-2	C6
5.50014631510459e-34	1.24736746251541	0.658	0.08	3.20163517002238e-30	13	CGAGCACAGGTAGCCA-2	C4
5.7169698965397e-34	0.937233284736921	0.658	0.081	3.32784817677576e-30	13	CCTATTAGTTGCCTCT-2	C6
3.65469985616738e-33	1.32452342709786	0.553	0.059	2.12740078627503e-29	13	AGTGTCACACTATCTT-2	C6
1.00303813174216e-32	0.3132793105553	0.684	0.091	5.8386849648711e-29	13	CTCGGAGCAGCCTGTG-2	C3
1.32362465295279e-32	1.52558841914301	0.553	0.06	7.70481910483817e-29	13	GCATGCGGTTATCGGT-2	C6
1.45067807482014e-32	1.66416476118134	0.684	0.1	8.44439707352801e-29	13	ATCCACCAGGAACTGC-2	C6
1.90507333590988e-32	0.825349850116306	0.605	0.071	1.10894318883314e-28	13	TGCCAAAAGGATTCGG-2	C14
3.9785807372883e-32	0.969307619677496	0.632	0.078	2.31593184717552e-28	13	ACTTGTTTCGAACTGT-2	C4
5.945804734916e-32	0.883940823700757	0.684	0.093	3.46105293619461e-28	13	TGACGGCAGCGCTTAT-2	C8
7.85437202931645e-32	1.62790986809746	0.632	0.081	4.57202995826511e-28	13	AGATTGCCAAGACGTG-2	C4
8.48022870510793e-32	0.767367922224276	0.684	0.095	4.93634112924332e-28	13	ACCGTAATCGTGGACC-2	C3
1.03382867768927e-31	0.896529413845849	0.526	0.054	6.01791673282925e-28	13	ATAAGAGGTTAAGATG-2	C6
1.354734648691e-31	1.41126696887132	0.632	0.082	7.88591039003032e-28	13	TTCGAAGAGCACAGGT-2	C4
7.40927120988447e-31	1.65272571454539	0.605	0.079	4.31293677127375e-27	13	CGGCTAGGTCATGCCG-2	C4
7.81542157329381e-31	0.782316382083675	0.605	0.074	4.54935689781432e-27	13	TTTGGTTCAATCCGAT-2	C3
1.03660951018851e-30	0.941453587793028	0.658	0.092	6.0341039588073e-27	13	GTGCAGCAGGAGTTTA-2	C3
1.09511958572839e-30	1.39278935900207	0.632	0.085	6.37469110852498e-27	13	CTGTTTACACAAGTAA-2	C3
1.38889449453664e-30	0.989724198144099	0.605	0.075	8.0847548526978e-27	13	GGATGTTAGTAGCGGT-2	C4
1.53473692681104e-30	0.298172994775983	0.605	0.074	8.93370365096704e-27	13	AAGACCTGTCAACATC-2	C7
1.61548153650859e-30	1.00292423941446	0.632	0.085	9.4037180240165e-27	13	CGCTATCGTCACACGC-2	C3
1.62527410307914e-30	0.451737074746857	0.526	0.056	9.46072055402366e-27	13	CAGAGAGAGAAGGTGA-2	C3
1.80311013361231e-30	0.983090671104998	0.658	0.092	1.04959040877572e-26	13	TGGCGCACAGATGGCA-2	C3
2.65634222686762e-30	0.821172383453106	0.711	0.106	1.54625681025964e-26	13	GTGCTTCTCCCAAGTA-2	C3
4.79469417909214e-30	1.50982690448991	0.579	0.071	2.79099148164953e-26	13	TCACGAACACTACAGT-2	C3
5.75312130983476e-30	1.24177551133018	0.632	0.084	3.34889191445481e-26	13	ACACCAAGTAGAGTGC-2	C3
6.1845299605094e-30	1.70274581621064	0.526	0.061	3.60001489001252e-26	13	GTCACGGCAATGGAAT-2	C6
3.47918963884112e-29	0.700293174244334	0.658	0.091	2.02523628876942e-25	13	TCACAAGGTGTGGCTC-2	C8
5.18747091482382e-29	1.80937395514381	0.553	0.069	3.01962681951895e-25	13	GGCTCGAGTCCAACTA-2	C6
5.37476029065787e-29	0.683136678611289	0.632	0.088	3.12864796519195e-25	13	AGGTCCGTCCATGAGT-2	C4
7.18373560916613e-29	1.21755078957153	0.658	0.095	4.1816524980956e-25	13	AAATGCCCAATCGGTT-2	C9
5.32288489202548e-28	0.756147595807059	0.553	0.068	3.09845129564803e-24	13	TAAGAGACATTTGCTT-2	C7
1.18777494225875e-27	0.721490496322421	0.632	0.09	6.91403793888821e-24	13	CATATTCCAGATGGGT-2	C8
5.59694921235071e-27	0.479636557973455	0.5	0.057	3.25798413650935e-23	13	TTGAACGTCTAACCGA-2	C7
5.91216030668216e-27	0.557471546746336	0.605	0.084	3.44146851451968e-23	13	GGGTTGCAGGGTTCCC-2	C3
1.18180222986562e-26	1.03996925781291	0.526	0.066	6.87927078004776e-23	13	TTTACTGCAGCATGAG-2	C14
3.75109217176334e-26	1.46985715367665	0.553	0.074	2.18351075318344e-22	13	CTGGTCTCAATAGCAA-2	C4
4.58730963305058e-26	0.920518116575549	0.526	0.068	2.67027293739874e-22	13	GGTGCGTCACAGAGGT-2	C6
4.58805320525124e-26	0.840871272028223	0.579	0.081	2.67070577077675e-22	13	TCTCTAAGTAGGAGTC-2	C3
1.05801323781731e-25	0.411974958127264	0.605	0.088	6.15869505733454e-22	13	ACGGGTCCACCCATGG-2	C4
1.7356965688037e-25	0.519332662930695	0.474	0.055	1.01034897270063e-21	13	TCACGAAAGAAGATTC-2	C6
2.56821582130163e-24	0.74909031786797	0.579	0.085	1.49495842957968e-20	13	GAAGCAGAGACCTTTG-2	C3
3.22944393380605e-24	0.352352762969554	0.474	0.057	1.8798593138685e-20	13	TCTTTCCGTGAGGCTA-2	C4
3.37808203238354e-24	0.527985680060767	0.579	0.086	1.96638155105046e-20	13	CGGACTGTCCCTAACC-2	C7
5.02726570933108e-24	1.52562182271831	0.5	0.067	2.92637136940162e-20	13	CTCTAATGTTGGAGGT-2	C6
1.84534234416968e-23	0.579495973637992	0.553	0.083	1.07417377854117e-19	13	CAAGAAAAGCAGCCTC-2	C4
2.22352600607673e-23	0.346192796404443	0.553	0.085	1.29431448813727e-19	13	CATCGAACAGTGGGAT-2	C6
2.25315794055763e-23	0.549207726268793	0.5	0.067	1.3115632371986e-19	13	TCGTAGAGTGTGACCC-2	C3
5.21398625265531e-23	1.0207786156068	0.579	0.091	3.03506139767066e-19	13	CCTTTCTAGACAAAGG-2	C4
1.49872964164105e-22	1.81639724112547	1	0.698	8.72410524399253e-19	13	TTGGGATAGCTCTATG-3	C3
3.02554453879012e-22	1.1449552421657	1	0.716	1.76116947602973e-18	13	CTCCTTTCAAGAGTGC-3	C3
6.14814937011276e-22	0.784836526824226	0.526	0.08	3.57883774834264e-18	13	CCTAGCTAGGCGACAT-2	C3
7.19071330989228e-22	1.57708343870855	0.447	0.057	4.1857142176883e-18	13	GGCTGGTGTCCTGCTT-2	C4
1.49405059167017e-21	0.43073639039146	0.579	0.094	8.69686849411209e-18	13	AACCGCGGTACCAGTT-2	C6
1.72483284556241e-21	0.409058066746791	0.5	0.072	1.00402519940188e-17	13	CATTCGCGTCAACTGT-2	C6
2.18772063696241e-21	1.23723470914099	0.526	0.082	1.27347218277582e-17	13	AGTCTTTAGAGTACAT-2	C4
4.71100383398416e-21	0.715526316137415	1	0.709	2.74227533176218e-17	13	CATGAGTTCGTGGGTC-3	C3
9.65542255084565e-21	0.907251089410733	0.5	0.078	5.62042146684726e-17	13	GCTGCTTAGCGGATCA-2	C3
2.29593191770531e-20	1.56035499705101	0.5	0.078	1.33646196929626e-16	13	CTGAAACTCGGTGTCG-2	C4
2.701547665804e-20	0.71581398844674	0.421	0.054	1.57257089626451e-16	13	TGTGTTTCACACATGT-2	C3
6.34798950273015e-20	0.438445928835517	0.526	0.084	3.69516468953922e-16	13	CCCATACAGATCCTGT-2	C3
6.83592807867096e-20	0.579346624392491	1	0.708	3.97919373459437e-16	13	CTACCTGCACGCTGTG-3	C3
8.03047518534921e-20	1.25566884995912	0.947	0.445	4.67453960539178e-16	13	TGATTTCTCAACTCTT-1	C3
1.3704548867032e-19	1.74066165725247	0.5	0.081	7.97741789549932e-16	13	CTGATAGAGAGTCGGT-2	C4
1.37588415743024e-19	0.539399434050453	0.447	0.064	8.00902168040145e-16	13	GCTTGAAAGTAACCCT-2	C7
1.3989542750445e-19	1.0561168454724	0.5	0.079	8.14331283503405e-16	13	CGAATGTAGCTACCGC-2	C8
1.54814015214538e-19	1.09287287366547	0.526	0.088	9.01172382563825e-16	13	AGGGAGTCAGAGCCAA-2	C4
5.22757251951128e-19	0.256561319120046	0.474	0.07	3.04296996360752e-15	13	ATAGACCCACTCAGGC-2	C8
8.26729934601676e-19	0.753668944287271	0.447	0.067	4.81239494931636e-15	13	CGTTCTGCACTGTCGG-2	C6
1.39777586765733e-18	0.678969512482453	0.474	0.074	8.13645332563329e-15	13	ATTGGTGTCATAGCAC-2	C6
3.22761790615139e-18	0.748440657741809	0.526	0.092	1.87879638317073e-14	13	TTTGCGCGTGTGAATA-2	C3
4.72074299121819e-18	0.486084880221967	1	0.677	2.74794449518811e-14	13	CTACATTGTATCACCA-3	C7
6.9708926097484e-18	0.980386191229779	0.5	0.086	4.05775658813454e-14	13	CGCTATCCAGCTGCTG-2	C9
1.39174830605393e-17	1.53309802564658	0.395	0.058	8.10136688953993e-14	13	GCTGCGAAGGACGAAA-2	C7
1.90268354318382e-17	0.316930191150869	0.395	0.057	1.1075520904873e-13	13	GATCGTACAGTAGAGC-2	C6
2.15141637470989e-17	0.318558419641324	1	0.71	1.25233947171863e-13	13	GCCGATGTCAACGTGT-3	C7
2.99888200043691e-17	0.399894654027476	1	0.718	1.74564921245432e-13	13	CCATAAGAGCGTTCAT-3	C3
6.93309078958206e-17	1.30075150098411	0.921	0.474	4.03575214861572e-13	13	GTCAAGTGTTGGAGGT-1	C3
1.13668674602001e-16	0.818573653721257	0.421	0.067	6.61665354858246e-13	13	CTAACTTCAAACGCGA-2	C7
1.19867074282635e-16	1.09997401165105	0.921	0.451	6.97746239399217e-13	13	GGGATGATCTGCTGCT-1	C6
1.49938197956688e-16	0.417880448509033	0.395	0.06	8.72790250305883e-13	13	GCTGCTTGTATTAGCC-2	C6
2.23826375204588e-16	1.16414778882666	0.474	0.088	1.30289333006591e-12	13	GAACGGACATTAGCCA-2	C7
4.49921203979757e-16	1.32266467888166	0.421	0.069	2.61899132836617e-12	13	GCAATCAGTCGTTGTA-2	C7
5.94308012850133e-16	0.898489131566802	0.421	0.069	3.45946694280062e-12	13	CGCGTTTTCTTCCTTC-2	C8
7.36893022491738e-16	0.816165324687148	0.921	0.469	4.28945428392441e-12	13	CTCTACGGTCAATACC-1	C3
8.12884247291085e-16	0.932001210682888	0.421	0.07	4.7317992034814e-12	13	CTACATTAGCCACGTC-2	C6
9.17958961035923e-16	0.730161309809764	0.474	0.086	5.34343911219011e-12	13	GGGTTGCAGATGTTAG-2	C3
2.0273338671661e-15	1.54097740956995	0.447	0.082	1.18011104407739e-11	13	TAGAGCTAGCTGATAA-2	C4
2.34981827488042e-15	0.966472606065323	0.447	0.078	1.36782921780789e-11	13	GTGCGGTTCAACCATG-2	C4
4.03475132414168e-15	0.531421514999484	0.474	0.089	2.34862874578287e-11	13	GGAATAATCTCAAACG-2	C7
4.92563349295164e-15	0.655091803668202	0.421	0.072	2.86721125624715e-11	13	GAATAAGTCCGCATAA-2	C4
6.04283717939437e-15	1.20048780991529	0.421	0.075	3.51753552212546e-11	13	TCGGGACAGTACGATA-2	C6
7.05237679457482e-15	1.24204389830086	0.895	0.448	4.105188532122e-11	13	TCACAAGCATACTCTT-1	C3
7.07359376577056e-15	1.04301592034846	0.895	0.452	4.11753893105504e-11	13	GGAACTTGTAGCGTCC-1	C3
7.40131715253363e-15	0.371011317727275	0.474	0.089	4.30830671448982e-11	13	CAGCGACCAGCCAGAA-2	C3
7.51849580114409e-15	0.708983491764189	0.895	0.469	4.37651640584598e-11	13	CGGCTAGAGCTTTGGT-1	C3
8.25324231040499e-15	0.632852530092314	0.921	0.496	4.80421234888674e-11	13	GCTCCTAGTGTATGGG-1	C3
1.07721603626847e-14	0.420912935390984	0.895	0.445	6.27047454711878e-11	13	TTTATGCAGTTAACGA-1	C3
1.14211877569063e-14	1.82587865509367	0.342	0.052	6.64827339329519e-11	13	CTGAAGTTCAGCGATT-2	C7
1.26605264077369e-14	1.17324209530471	0.895	0.451	7.36969242194364e-11	13	CATCAAGAGTGAAGAG-1	C6
2.17904657848571e-14	0.633685217939267	0.895	0.452	1.26842301333653e-10	13	GGGAATGAGCCCGAAA-1	C6
2.36807255396772e-14	0.650462206773178	0.421	0.074	1.37845503366461e-10	13	AGATCTGAGGGAACGG-2	C8
2.37562031657165e-14	0.327139110774786	0.526	0.111	1.38284858627636e-10	13	TTTGGTTGTGCAACGA-2	C8
2.54976297802409e-14	1.40175941975748	0.895	0.473	1.48421702950782e-10	13	AACCATGAGGTAAACT-1	C3
3.03537403613834e-14	0.658869972557945	0.895	0.473	1.76689122643613e-10	13	ACTATCTTCAGTCCCT-1	C3
3.51818989748206e-14	0.490088568678443	0.421	0.075	2.04793833932431e-10	13	CATCGAACAAGACACG-2	C8
5.10640034098867e-14	0.863971165688085	0.895	0.501	2.97243563848951e-10	13	GTCGGGTAGTACTTGC-1	C3
7.19625800133748e-14	0.900250574774871	0.395	0.069	4.18894178257854e-10	13	ACCTTTAGTGCGGTAA-2	C6
7.48854392972084e-14	0.518686183199103	0.974	0.715	4.3590814214905e-10	13	AGGTTACGTCGATTAC-3	C9
8.148035599353e-14	0.312706892592147	0.447	0.085	4.74297152238338e-10	13	CGGACACTCTGATACG-2	C8
9.0962923270985e-14	1.26347592796328	0.447	0.088	5.29495176360404e-10	13	CTCATTAGTCCTCTTG-2	C4
1.02329200558993e-13	1.68231455192072	0.421	0.082	5.95658276453898e-10	13	GCGACCAAGTGATCGG-2	C4
1.57108346525573e-13	0.71166603595561	0.895	0.473	9.14527685125362e-10	13	CTACGTCCAATGGACG-1	C3
2.19273991689897e-13	1.13050424608296	0.316	0.047	1.27639390562689e-09	13	CGGTTAAAGATGGGTC-2	C6
2.22181991511385e-13	0.763095094295603	0.868	0.45	1.29332137258777e-09	13	ACGATGTGTGCCTGTG-1	C3
3.06284496177169e-13	1.2827354644423	0.868	0.453	1.7828820522473e-09	13	ATCATCTCAATGGAGC-1	C6
3.73879533228373e-13	0.503478149052609	0.868	0.429	2.17635276292236e-09	13	AAGACCTAGACCACGA-1	C3
5.59259205822289e-13	0.301203732519369	0.395	0.072	3.25544783709155e-09	13	GCTGGGTCAAAGGTGC-2	C7
5.88634345773653e-13	0.419985090978421	0.368	0.064	3.42644052674843e-09	13	GTCGTAAAGGCGACAT-2	C3
5.92907481871347e-13	1.17149062676623	0.868	0.442	3.45131445197311e-09	13	CGTTAGATCACCAGGC-1	C3
6.38575179917991e-13	1.02024988124609	0.342	0.059	3.71714612230263e-09	13	AATCCAGCAGGGCATA-2	C3
8.04945354902935e-13	0.558204453113339	0.868	0.438	4.68558691088998e-09	13	TGTATTCGTGAAGGCT-1	C6
8.54055106936313e-13	1.42015768626438	0.868	0.462	4.97145477747628e-09	13	TTCTCAAGTTTAGGAA-1	C3
8.63911074580509e-13	1.46527536598203	0.421	0.087	5.02882636513314e-09	13	ATCTGCCAGAATGTTG-2	C4
1.22895926645113e-12	0.458196792774721	0.342	0.059	7.15377189001204e-09	13	CGGAGTCTCTGGTTCC-2	C3
1.32506512333153e-12	0.901096943244513	0.868	0.46	7.71320408291284e-09	13	GCTCTGTGTTAAGACA-1	C3
1.90335336894752e-12	0.542931229425807	0.395	0.075	1.10794199606435e-08	13	CTAATGGAGTCCGTAT-2	C13
2.46446718998297e-12	1.42192381700656	0.868	0.457	1.43456635128909e-08	13	TAGTGGTGTCGACTAT-1	C3
2.59858574539019e-12	0.763129377658116	0.868	0.476	1.51263676239163e-08	13	TTCGGTCAGCATCATC-1	C3
6.15372690795981e-12	0.796474041130128	0.342	0.062	3.58208443312341e-08	13	CCTTACGGTCTTTCAT-2	C6
7.32111674621692e-12	0.716625062635774	0.842	0.437	4.26162205797287e-08	13	AGGGATGGTGATGTCT-1	C3
1.05030727094087e-11	0.81320877231952	0.868	0.487	6.1138386241468e-08	13	CTGATCCTCAATACCG-1	C3
1.16479575871671e-11	1.14199315226414	0.868	0.472	6.78027611148997e-08	13	CAGATCAGTCTGGTCG-1	C3
1.25511343924942e-11	1.31205585987762	0.895	0.478	7.30601532987086e-08	13	GGTGTTAAGGTGTTAA-1	C3
1.71206855451615e-11	0.457709193828579	0.842	0.479	9.96595105583848e-08	13	GAAATGACAGATCGGA-1	C3
1.87221782334989e-11	1.05893003002806	0.842	0.477	1.08981799497197e-07	13	GGGTCTGCAGCAGTTT-1	C3
2.15976108753259e-11	1.09650693482459	0.395	0.082	1.25719692905272e-07	13	CTGGTCTAGCAATATG-2	C4
2.17797093038438e-11	0.310701098399791	0.342	0.064	1.26779687857675e-07	13	CGTCACTCAAAGAATC-2	C6
2.35810707671401e-11	1.44676492536847	0.342	0.066	1.37265412935523e-07	13	CTGAAGTAGGCCATAG-2	C9
2.44942580643546e-11	1.55324392434883	0.421	0.098	1.42581076192608e-07	13	GGCTGGTCAGGGATTG-2	C13
3.5301482034969e-11	0.609231313785298	0.868	0.432	2.05489926925554e-07	13	CTCAGAATCACCGGGT-1	C3
5.81327563486178e-11	0.277857133489696	0.868	0.448	3.38390774705304e-07	13	CAGAGAGTCAGGCCCA-1	C4
6.25820566803975e-11	1.42072113778243	0.237	0.034	3.64290151936594e-07	13	CAACCAAGTCGATTGT-2	C6
8.27850114294230e-11	0.559022950603088	0.842	0.43	4.81891551530672e-07	13	GGACAAGGTAGGCATG-1	C3
1.04257244192373e-10	0.522613351714456	0.842	0.448	6.06881418443805e-07	13	TCAGCTCTCGGTCTAA-1	C3
1.17466447011507e-10	0.797504073075926	0.842	0.486	6.83772188053985e-07	13	CTAGCCTAGAATCTCC-1	C3
1.31033696583653e-10	1.60185242838014	0.816	0.437	7.62747147813447e-07	13	CAACCTCCACCGATAT-1	C3
1.43774928188584e-10	0.478617588345881	0.395	0.084	8.36913856985748e-07	13	CAGGTGCGTCAGCTAT-2	C15
1.58322393621351e-10	0.595125229715194	0.368	0.076	9.21594653269886e-07	13	TTGTAGGTCTGGCGTG-2	C8
1.68085130181854e-10	1.01027589373607	0.816	0.449	9.78423542788573e-07	13	ACGGAGACAGGGAGAG-1	C3
1.98520023351397e-10	1.48055240171081	0.816	0.441	1.15558505592848e-06	13	GGACAGAAGGACATTA-1	C3
2.05759375125276e-10	1.09884245997974	0.842	0.458	1.19772532260423e-06	13	AGGGATGGTATGAAAC-1	C3
2.57622274244752e-10	0.605487144113099	0.842	0.454	1.4996192583787e-06	13	ACGAGGATCGGTCTAA-1	C3
3.34543162535026e-10	0.32277437424577	0.842	0.447	1.94737574911639e-06	13	ACGTCAATCGCCGTGA-1	C3
4.06234423284003e-10	0.535673412921155	0.842	0.449	2.36469057793618e-06	13	TATTACCAGCTTCGCG-1	C3
5.00466770854445e-10	0.959524896564696	0.368	0.085	2.91321707314372e-06	13	AAGCCGCTCGTTGACA-2	C7
5.67486134214165e-10	0.436117072596779	0.842	0.444	3.30333678726066e-06	13	TAGGCATGTATATGAG-1	C3
6.7915198296001e-10	1.25858216121024	0.289	0.056	3.95334369281022e-06	13	TATCTCAGTACAGCAG-2	C6
9.24660542055295e-10	0.570484474916856	0.816	0.464	5.38244901530387e-06	13	TAGTGGTGTCTAGCGC-1	C3
9.38312362094683e-10	0.743658546644065	0.289	0.055	5.46191625975315e-06	13	TTTGCGCTCGGTCTAA-2	C6
9.66642275019325e-10	0.778389772460352	0.368	0.082	5.62682468288749e-06	13	GTTACAGAGTTCCACA-2	C4
1.07385706073807e-09	0.303310628396593	0.842	0.467	6.25092195055632e-06	13	TGCTACCTCTTTAGGG-1	C3
1.33725272130253e-09	0.753073530769606	0.816	0.427	7.78414809070204e-06	13	CGGAGCTGTCACCCAG-1	C6
1.37830258874809e-09	1.00446597604912	0.342	0.075	8.02309936910262e-06	13	GACACGCGTGCACCAC-2	C6
1.40028454918296e-09	1.15579768752333	0.842	0.458	8.15105636079398e-06	13	TTCCCAGGTATCAGTC-1	C3
1.45491487539859e-09	1.08129586364876	0.816	0.464	8.46905948969522e-06	13	CGTCCATTCTCCAGGG-1	C3
2.30829727012351e-09	1.46105620511603	0.789	0.454	1.3436598409389e-05	13	TACTTGTCAGCTCCGA-1	C3
3.57686136897558e-09	0.486997449241976	0.816	0.419	2.08209100288068e-05	13	TTAACTCGTTCGGCAC-1	C6
4.1684265987438e-09	0.372480321519845	0.289	0.057	2.42644112312877e-05	13	GTGTGCGCACATTAGC-2	C3
4.33500280205771e-09	0.655184245411747	0.816	0.491	2.52340513107779e-05	13	AGGGATGAGCTTATCG-1	C3
4.9652962489059e-09	1.87464104780181	0.789	0.44	2.89029894648813e-05	13	TTCCCAGAGCTAACAA-1	C3
5.38617214143773e-09	0.400526712892169	0.842	0.467	3.1352908035309e-05	13	TCTGAGACAGATCTGT-1	C3
8.44655568211888e-09	1.26794179931429	0.263	0.051	4.9167400625614e-05	13	GACTACAAGAGCTATA-2	C7
9.24253174643717e-09	0.511207735731098	0.816	0.476	5.38007772960107e-05	13	ACCGTAAGTTGTCTTT-1	C3
9.31153249394605e-09	0.309211978296068	0.816	0.451	5.42024306472599e-05	13	AGTGGGAGTCCGAAGA-1	C3
9.62210130903305e-09	1.04075758420045	0.816	0.501	5.60102517198814e-05	13	TTTGCGCTCTATCGCC-1	C3
1.05180829525707e-08	0.479583113510615	0.816	0.46	6.12257608669142e-05	13	ACGATGTGTTAAAGAC-1	C3
1.05213537064728e-08	0.725044566305286	0.816	0.496	6.12447999253779e-05	13	TTTATGCCATGTCTCC-1	C3
1.2668337656014e-08	0.885823457525282	0.816	0.446	7.37423934956573e-05	13	AGTAGTCGTCTAGAGG-1	C3
1.50587720574141e-08	0.524131249959071	0.816	0.531	8.76571121462076e-05	13	CCTAAAGAGTAAGTAC-1	C16
1.58062334427367e-08	1.42972599286477	0.789	0.43	9.20080848701702e-05	13	GTCCTCACATGGATGG-1	C6
1.72164558243366e-08	0.427874242770555	0.816	0.44	0.000100216989353463	13	CAGAGAGAGGAACTGC-1	C3
1.88966205338282e-08	1.21387301482489	0.789	0.441	0.000109997228127414	13	AAGTCTGGTACCGTAT-1	C3
1.94918464100539e-08	1.58010192715464	0.789	0.436	0.000113462037952924	13	GACTACAAGCGAAGGG-1	C3
2.44814791274929e-08	1.03710815213997	0.789	0.462	0.000142506690001136	13	GTCGTAATCTCTAAGG-1	C3
2.70773751381643e-08	1.56123389956285	0.237	0.044	0.000157617400679255	13	CAAGGCCTCGCCTGAG-2	C9
3.48719248638145e-08	0.852334562869288	0.816	0.464	0.000202989474632264	13	CGAGCACAGAAAGTGG-1	C9
3.71592309319413e-08	1.28268921918099	0.816	0.462	0.00021630388325483	13	TTCGGTCAGGGTATCG-1	C3
3.728656061944e-08	0.504936224479806	0.789	0.449	0.00021704506936576	13	AACGTTGCAAGGTTTC-1	C3
4.37078315182335e-08	0.281158824970197	0.789	0.471	0.000254423287267637	13	GTGCATAGTCCATCCT-1	C3
5.82136498583427e-08	0.521916103761199	0.342	0.086	0.000338861655825413	13	CGAATGTCACATCTTT-2	C3
6.1987999942963e-08	0.8413881163659	0.868	0.549	0.000360832147667988	13	GTTTCTAGTCCTAGCG-1	C13
6.48537519612565e-08	0.529574025836943	0.789	0.458	0.000377513690166474	13	GTGAAGGGTTAGATGA-1	C3
7.91053417898096e-08	0.94942891643596	0.842	0.481	0.000460472194558482	13	CCGTGGAGTGATAAGT-1	C3
1.57882358137611e-07	0.449995581927357	0.816	0.463	0.000919033206719032	13	TTTGCGCAGCGTCTAT-1	C3
1.6487637239723e-07	0.385039048530502	0.316	0.077	0.000959745363724277	13	ACGGCCATCAGGATCT-2	C8
1.77019512111971e-07	0.904541232090679	0.763	0.429	0.00103043058000378	13	GATGCTAAGACAGACC-1	C3
2.42937270305355e-07	0.350766580684921	0.789	0.486	0.00141413785044747	13	CAAGGCCTCTGTCTAT-1	C3
3.2048729756334e-07	1.19304863976519	0.289	0.072	0.0018655565591162	13	GACACGCAGGAATCGC-2	C0
3.50282702477029e-07	0.671771187717261	0.316	0.084	0.00203899561111879	13	ACACCGGAGTGGGTTG-2	C6
4.08823866098366e-07	0.716068488867752	0.263	0.06	0.00237976372455859	13	AAGTCTGAGTGCGTGA-2	C8
4.11668115821291e-07	1.21871154237348	0.789	0.47	0.00239632010219574	13	AGGGTGACAGTATCTG-1	C9
5.92919506270714e-07	0.879361390370111	0.763	0.45	0.00345138444600183	13	CGTCTACAGTACGTAA-1	C6
5.99162551505451e-07	0.743182309427732	0.789	0.442	0.00348772521231323	13	CATTATCTCACCACCT-1	C3
1.05604868762771e-06	0.8328685126897	0.789	0.491	0.00614725941068088	13	TCCACACCAAGTTCTG-1	C3
1.17511888106819e-06	0.480818701010117	0.763	0.425	0.00684036700669794	13	TTCGGTCGTGATGCCC-1	C6
1.30716344449415e-06	0.784282755303112	0.763	0.49	0.00760899841040042	13	TTCTCAAGTCTAGCCG-1	C9
1.32532730288618e-06	0.328191485069107	0.763	0.429	0.00771473023010043	13	TCGAGGCGTAGAAGGA-1	C6
1.40576533075725e-06	0.694621390211906	0.289	0.076	0.00818295999033797	13	CGAATGTCAAGTTCTG-2	C7
1.78391922802378e-06	0.617199704709095	0.763	0.471	0.0103841938263264	13	GTTAAGCGTGCCTGCA-1	C3
2.39698904329133e-06	0.922664638883935	0.237	0.056	0.0139528732209988	13	GGCGTGTGTCCATGAT-2	C7
2.66745132664768e-06	0.4084747940702	0.289	0.078	0.0155272341724162	13	TTAGGCATCACTCTTA-2	C7
3.08699098137401e-06	0.919028721213143	0.789	0.44	0.0179693745025781	13	TCACGAACAAACAACA-1	C3
4.03265802017315e-06	0.783734961559136	0.289	0.082	0.0234741023354279	13	CACCAGGAGCTAACAA-2	C4
7.25699318579995e-06	0.657899012182593	0.263	0.071	0.0422429573345415	13	GTCACGGAGGTTCCTA-2	C3
8.53061769511005e-06	0.505299397538173	0.342	0.108	0.0496567256032356	13	TCTCATATCGTTTATC-2	C15
