p_val	avg_log2FC	pct.1	pct.2	p_val_adj	geneCluster	cell	cellType
2.70544664523415e-95	2.03925847953365	0.586	0.048	1.5748404921908e-91	8	GACTGCGTCACCTCGT-2	C4
4.98869573896126e-93	2.06058099937589	0.595	0.052	2.90391978964935e-89	8	TGTCCCAAGCGAAGGG-2	C4
4.12228237999502e-88	1.6626664817633	0.622	0.063	2.3995805733951e-84	8	CACCAGGAGAAGGCCT-2	C4
1.07172222702741e-84	1.76493202794209	0.523	0.041	6.23849508352656e-81	8	CTTACCGGTCGTGGCT-2	C4
1.21446547377036e-83	1.82151094678286	0.514	0.04	7.06940352281728e-80	8	AGCTCTCTCTCGGACG-2	C4
2.16814997132858e-82	1.42812974489065	0.559	0.05	1.26208009831037e-78	8	ACGGAGAGTGCTGTAT-2	C4
3.63277478748999e-82	1.44021543563625	0.541	0.047	2.11463820379792e-78	8	CTCGGAGCAGGGTACA-2	C4
1.20654781954663e-81	2.1078533706082	0.523	0.044	7.02331485758095e-78	8	CTTGGCTGTCAAACTC-2	C4
1.6360217824386e-81	1.98454367691015	0.559	0.053	9.52328279557508e-78	8	CCTCTGATCATAACCG-2	C4
4.27527925696942e-80	1.80681392703078	0.568	0.056	2.4886400554819e-76	8	CTACACCGTCGTCTTC-2	C4
9.08760734974787e-80	1.73706497293981	0.514	0.044	5.28989623828823e-76	8	CCTATTACAGGGAGAG-2	C4
8.94770946443452e-78	1.74687229597461	0.514	0.046	5.20846167924733e-74	8	ATCATCTCACGGTTTA-2	C4
2.14630357328294e-77	1.38641896753059	0.568	0.057	1.249363310008e-73	8	CTCCTAGCATGGATGG-2	C4
4.27682274413326e-77	2.03297114878699	0.55	0.056	2.48953851935997e-73	8	ATCACGAGTCAATACC-2	C4
8.01704432591507e-77	1.44877049686418	0.559	0.056	4.66672150211516e-73	8	GTAACTGTCTCTTATG-2	C4
1.03618944775961e-76	2.12968869543577	0.523	0.049	6.03165877540867e-73	8	CTCACACAGTCGATAA-2	C4
5.47517905210825e-76	1.81422334047222	0.532	0.051	3.18710172623221e-72	8	CGGCTAGTCAACCAAC-2	C4
2.68770838978542e-75	1.69520077681552	0.532	0.052	1.56451505369409e-71	8	CAGCCGACACACGCTG-2	C4
9.71385138506992e-75	1.96217773940239	0.514	0.048	5.6544328912492e-71	8	TCTATTGCATCCGTGG-2	C4
1.21348096497219e-74	1.33867324269406	0.477	0.039	7.06367269710314e-71	8	GCAATCAAGACGCTTT-2	C4
1.39113334465099e-74	1.38615419813398	0.541	0.055	8.0977871992134e-71	8	GGTGCGTGTACGACCC-2	C4
1.49977152833569e-74	1.97966890341838	0.495	0.044	8.73017006644205e-71	8	AAGGTTCTCACCAGGC-2	C4
5.88040464503384e-74	1.80389288485764	0.468	0.039	3.4229835438742e-70	8	TACCTATTCCTGCCAT-2	C4
2.5193047214905e-73	1.87479977016683	0.523	0.051	1.46648727837962e-69	8	TATTACCTCTCAAACG-2	C4
4.1329190989993e-73	1.88953122202465	0.532	0.055	2.40577220752749e-69	8	CCTCTGAAGCCGATTT-2	C4
6.780433574713e-73	1.9722626029246	0.532	0.054	3.94689038384044e-69	8	CATCAAGCAGGAACGT-2	C4
2.41511176639343e-72	1.84992878510333	0.495	0.047	1.40583655921762e-68	8	GCACTCTCATCTCCCA-2	C4
3.01967012997698e-72	1.41198512650209	0.505	0.048	1.7577499826596e-68	8	CTCGGGAAGTGAAGAG-2	C4
5.94465104704429e-72	1.35556302016041	0.514	0.05	3.46038137448448e-68	8	AGGGAGTAGTGGACGT-2	C4
2.91703403257135e-71	1.73694296506503	0.505	0.05	1.69800551035978e-67	8	CCGGTAGCATGGAATA-2	C4
8.24050513376522e-71	1.42674115378222	0.559	0.062	4.79679803836473e-67	8	CGAATGTAGGCATGGT-2	C4
9.82184167043559e-71	1.63624214593909	0.486	0.046	5.71729403636056e-67	8	CGATCGGTCTTTACAC-2	C4
2.28596235607097e-70	1.480253425253	0.459	0.039	1.33065868746891e-66	8	ATTTCTGGTCTGCCAG-2	C4
6.49075898568307e-70	1.65410182669849	0.532	0.058	3.77827080556612e-66	8	ATCTACTAGTTCGCGC-2	C4
2.37207752609876e-69	2.03246168601166	0.495	0.049	1.38078632794209e-65	8	CCCTCCTAGCTTATCG-2	C4
2.47897613797224e-69	1.45154076699325	0.532	0.057	1.44301200991364e-65	8	GTAGGCCTCCCTGACT-2	C4
2.60582081222843e-69	1.83052413469689	0.505	0.051	1.51684829479817e-65	8	TACAGTGTCCGCATCT-2	C4
5.75968148342336e-69	2.0765945186832	0.514	0.054	3.35271059150074e-65	8	TCGGGACAGGTTCCTA-2	C4
5.95170637956964e-69	1.56044331525294	0.477	0.044	3.46448828354749e-65	8	CTCGAAATCCCACTTG-2	C4
1.4093733586984e-68	1.56016340573782	0.441	0.037	8.20396232098338e-65	8	GTAACGTCAGAGTGTG-2	C4
1.94111832941382e-68	1.69828021013534	0.55	0.063	1.12992497955178e-64	8	AGCAGCCAGGTGCAAC-2	C4
3.26446434310215e-68	1.72479283629179	0.505	0.052	1.90024469411976e-64	8	CTCCTAGAGCGTGAAC-2	C4
4.31291921207491e-68	1.84609136361368	0.459	0.041	2.51055027334881e-64	8	GTTCATTTCTGCTGCT-2	C4
5.75489520979388e-68	1.51402655152442	0.532	0.059	3.34992450162102e-64	8	CAAGATCGTTATCCGA-2	C4
8.47016881954205e-68	1.88239902061497	0.477	0.046	4.93048526985542e-64	8	TACACGAGTCGCTTCT-2	C4
1.45876553188903e-67	1.76070654983592	0.477	0.047	8.49147416112605e-64	8	GTCGGGTCATCAGTCA-2	C4
1.46809158503257e-67	1.56620495878961	0.514	0.055	8.54576111647456e-64	8	CTCGGGATCCGTCAAA-2	C4
2.45259301000939e-67	1.76024686914818	0.514	0.056	1.42765439112647e-63	8	GTTCGGGCAGGTTTCA-2	C4
2.56685559747809e-67	1.19389422108043	0.468	0.044	1.49416664329199e-63	8	TGCGCAGGTCCCTACT-2	C4
3.21193193634397e-67	1.73831094295741	0.486	0.048	1.86966558014582e-63	8	TACCTTACAGTCAGAG-2	C4
6.10706328497111e-67	1.66702539981361	0.514	0.055	3.55492153818169e-63	8	TTCCCAGTCAGAGGTG-2	C4
6.75528388334017e-67	1.2757432008905	0.468	0.043	3.93225074849231e-63	8	CCCTCCTTCTGGTGTA-2	C4
9.07032728396895e-67	1.68811133098712	0.495	0.051	5.27983751199833e-63	8	GTTACAGCACGTCAGC-2	C4
9.6410535662387e-67	1.35304693730216	0.55	0.066	5.61205728090755e-63	8	GGGCATCCAGATGAGC-2	C4
1.22765991726501e-66	1.91076873334608	0.45	0.041	7.14620837839964e-63	8	ACATGGTAGCGTGAGT-2	C4
1.65110991102142e-66	1.51214687628112	0.514	0.057	9.61111079205569e-63	8	TTTCCTCAGAAGGACA-2	C4
2.32826409465726e-66	2.31283514884346	0.432	0.038	1.35528252949999e-62	8	GTGTGCGTCTAGAGTC-2	C4
3.65585994518889e-66	1.4844642170256	0.495	0.052	2.12807607409445e-62	8	TCACAAGAGCACCGTC-2	C4
5.64153042316694e-66	1.73740913099172	0.541	0.064	3.28393485932547e-62	8	ACATGGTCACAGAGGT-2	C4
1.53460531746641e-65	1.58390306278199	0.523	0.06	8.93293755297198e-62	8	AGTTGGTTCATTATCC-2	C4
4.53402167030149e-65	1.81337760164524	0.468	0.048	2.6392540142825e-61	8	GCATGATCATGAACCT-2	C4
4.55053789054307e-65	1.47691721543031	0.514	0.057	2.64886810608512e-61	8	AGCGTATCACGAGGTA-2	C4
5.10377011659594e-65	1.00491845860988	0.486	0.05	2.9709045848705e-61	8	ACGAGCCGTGCACTTA-2	C4
1.95109634433966e-64	1.47387384005987	0.441	0.04	1.13573318204011e-60	8	GAACCTATCAAGAAGT-2	C4
2.13877632783239e-64	1.42788681148859	0.45	0.042	1.24498170043124e-60	8	ACCCACTCACCACCAG-2	C4
2.34396617065073e-64	1.83060174972636	0.532	0.062	1.36442270793579e-60	8	GCGACCAAGTGATCGG-2	C4
2.64325448728587e-64	1.61741305608235	0.468	0.048	1.5386384370491e-60	8	TTTATGCCAGGCTCAC-2	C4
4.30893628069113e-64	1.71867435504888	0.495	0.053	2.5082318089903e-60	8	CTTACCGCAAGGTGTG-2	C4
6.82553694074107e-64	1.01599561220854	0.505	0.056	3.97314505320538e-60	8	ATCATCTTCTGCCCTA-2	C4
7.83639687340406e-64	1.32634289972699	0.423	0.037	4.5615666200085e-60	8	CGTAGGCGTTGTCTTT-2	C4
8.28239331282977e-64	1.95847773967882	0.486	0.053	4.82118114739821e-60	8	GAACATCTCTTGCCGT-2	C4
9.58663490656442e-64	1.72056823198353	0.486	0.052	5.58038017911115e-60	8	ACACCGGTCAACGGGA-2	C4
1.18475385151501e-63	1.63067308929283	0.477	0.05	6.89645216966888e-60	8	GACCTGGAGTTGAGAT-2	C4
1.57882484220906e-63	1.29968758391518	0.468	0.047	9.19033940649892e-60	8	AAAGTAGTCAGGCGAA-2	C4
2.73913918240441e-63	2.03352155316863	0.459	0.046	1.59445291807761e-59	8	ATTGGTGCATCGATTG-2	C4
8.1916526518646e-63	1.3344357582017	0.532	0.064	4.76836100865039e-59	8	AGTCTTTAGAGTACAT-2	C4
8.26532572933604e-63	1.3050549023117	0.486	0.053	4.81124610704651e-59	8	TACCTATGTCGGCATC-2	C4
9.52185103756522e-63	1.45778550727311	0.477	0.05	5.54266948896671e-59	8	GCATGTATCAGTTAGC-2	C4
1.28579681876451e-62	1.81901760153751	0.477	0.051	7.48462328202821e-59	8	TGTTCCGCACTCGACG-2	C4
3.76152373457656e-62	2.24402838917468	0.45	0.046	2.18958296589701e-58	8	ATCATCTAGGCACATG-2	C4
4.52354701558898e-62	1.19531878049616	0.45	0.044	2.63315671777435e-58	8	ATGGGAGGTCGCATCG-2	C4
9.35187668789425e-62	1.44317979909944	0.495	0.056	5.44372742002324e-58	8	CTGTGCTCATGCCTAA-2	C4
1.2029066618863e-61	1.77836134246128	0.477	0.052	7.00211967884012e-58	8	ACACCCTGTACGCACC-2	C4
1.24436844253661e-61	2.18930571416877	0.468	0.051	7.24346870400561e-58	8	AACTCAGTCCTTGCCA-2	C4
2.54843050893917e-61	1.08068028090847	0.486	0.054	1.48344139925349e-57	8	GTCTTCGTCCGCGTTT-2	C4
2.73540001177406e-61	2.02598357511238	0.423	0.04	1.59227634685368e-57	8	GTGCAGCAGATGTGTA-2	C4
3.50341014208975e-61	1.56556274400893	0.441	0.043	2.03933504371044e-57	8	CTGCTGTAGCCGATTT-2	C4
8.60800889281345e-61	1.22136852120578	0.468	0.05	5.01072197650671e-57	8	TGACTAGTCAGGATCT-2	C4
9.51461171678223e-61	1.18025917515053	0.495	0.057	5.53845548033894e-57	8	TACAGTGCAATGGACG-2	C4
1.17585064361869e-60	1.50854705491197	0.45	0.046	6.84462659650439e-57	8	CGTGTAAAGTCTTGCA-2	C4
1.66134737461227e-60	1.11051642764276	0.477	0.052	9.67070306761805e-57	8	CTACATTTCCGTAGGC-2	C4
2.15000304419425e-60	1.19687178676907	0.45	0.047	1.25151677202547e-56	8	CTAGCCTAGAATGTTG-2	C4
2.53416729063093e-60	1.35493657433566	0.477	0.052	1.47513877987626e-56	8	CCTAGCTGTTACGGAG-2	C4
2.8686373550487e-60	1.8162053808	0.45	0.047	1.66983380437385e-56	8	TCGGTAAGTGGCGAAT-2	C4
4.9474679195823e-60	1.3686665047724	0.495	0.057	2.87992107598885e-56	8	AGGGAGTGTAGCGTCC-2	C4
5.34442614618888e-60	1.51894210936068	0.532	0.068	3.11099045969655e-56	8	ATCTGCCAGAATGTTG-2	C4
6.00191705688693e-60	1.7183369527529	0.486	0.058	3.49371591881388e-56	8	GCGCAGTAGCCACTAT-2	C4
7.73640592834149e-60	2.06911789079415	0.45	0.048	4.50336189088758e-56	8	TGTATTCGTAATCGTC-2	C4
8.28024498639139e-60	0.839577400656478	0.468	0.051	4.81993060657843e-56	8	AGTAGTCCATGGGACA-2	C4
8.57757527597598e-60	1.4003948348034	0.45	0.047	4.99300656814562e-56	8	GTACGTACAATTCCTT-2	C4
1.0377393082259e-59	2.18734887140146	0.45	0.047	6.04068051318299e-56	8	CTGAAACCATACTCTT-2	C4
1.08433475157008e-59	1.89257808641497	0.514	0.064	6.31191258888943e-56	8	TAGAGCTAGCTGATAA-2	C4
1.39103227702784e-59	1.28451425411729	0.45	0.048	8.09719888457904e-56	8	GATCGCGGTAATAGCA-2	C4
1.47891117724304e-59	2.28232067310629	0.45	0.049	8.60874196273171e-56	8	GTACTCCTCGGACAAG-2	C4
1.50843804656735e-59	1.25798470301695	0.45	0.047	8.78061786906853e-56	8	CAGTCCTTCGGATGGA-2	C4
1.84665057941308e-59	1.90203775124684	0.477	0.055	1.07493530227635e-55	8	TCGAGGCAGGGTCGAT-2	C4
2.12884068965216e-59	2.38137914955772	0.441	0.046	1.23919816544652e-55	8	CTACGTCCAAGCGCTC-2	C4
2.20863302641117e-59	1.49808203973377	0.459	0.05	1.28564528467394e-55	8	GCGCGATCAGCAGTTT-2	C4
2.87916668398109e-59	1.18540378439947	0.486	0.057	1.67596292674539e-55	8	TCAACGAGTGTTTGTG-2	C4
3.06151802321421e-59	1.46516544448286	0.459	0.049	1.78210964131299e-55	8	AGGGATGAGCTCCTTC-2	C4
3.46193875758146e-59	2.04593487444728	0.514	0.066	2.01519455078817e-55	8	GATCGATCAGCTCCGA-2	C4
4.94069406066737e-59	1.33645599371173	0.523	0.068	2.87597801271447e-55	8	TGAGCCGGTGGTCCGT-2	C4
4.96799795432315e-59	1.1811210994603	0.541	0.072	2.89187160921151e-55	8	ACGGGTCCACCCATGG-2	C4
5.4256337086421e-59	1.49595931572699	0.532	0.07	3.15826138180056e-55	8	CACAGTACACTGCCAG-2	C4
6.13376845045774e-59	1.4964791146005	0.468	0.053	3.57046661501145e-55	8	CTCGAAAAGGACAGAA-2	C4
8.09462336846057e-59	0.944638375445896	0.532	0.069	4.7118802627809e-55	8	CTCATTAGTCCTCTTG-2	C4
1.39012659485445e-58	1.99905653014019	0.532	0.071	8.09192690864774e-55	8	ACATGGTGTGAAAGAG-2	C4
3.00431523487888e-58	1.33701577838412	0.459	0.051	1.74881189822299e-54	8	CACATAGTCACGACTA-2	C4
3.57447057195187e-58	2.24195083935517	0.441	0.047	2.08069931993318e-54	8	GACAGAGAGTGGTAAT-2	C4
3.69558872092265e-58	1.07565146125772	0.532	0.071	2.15120219444907e-54	8	AGGGAGTCAGAGCCAA-2	C4
5.61279973784863e-58	1.78988538890584	0.523	0.071	3.26721072740168e-54	8	CAGGTGCCAGCTATTG-2	C4
7.03718236479164e-58	2.35191111509903	0.468	0.054	4.09634385454521e-54	8	AGTGAGGCACGGTTTA-2	C4
9.36684130896353e-58	1.26830480309922	0.505	0.063	5.45243832594767e-54	8	GTTACAGAGTTCCACA-2	C4
1.19192144600592e-57	2.10301686900558	0.441	0.047	6.93817473720046e-54	8	GAAGCAGGTTAAGTAG-2	C4
1.25775762689091e-57	1.29668222427435	0.459	0.052	7.32140714613196e-54	8	CGTTGGGCAGTGAGTG-2	C4
1.66144369205371e-57	1.7032313891907	0.432	0.046	9.67126373144464e-54	8	CGAGCACTCAGCGATT-2	C4
1.68434912980242e-57	1.33820406365199	0.45	0.05	9.80459628457991e-54	8	AGCGTCGAGGCTAGAC-2	C4
1.86013963315496e-57	1.26742899002236	0.45	0.05	1.0827872804595e-53	8	AGAGCGATCCGAACGC-2	C4
2.39429393084359e-57	0.653571513189471	0.477	0.056	1.39371849714405e-53	8	CGGCTAGTCGGAAATA-2	C4
2.82183534325652e-57	1.06797376340848	0.514	0.067	1.64259035330962e-53	8	ACGGCCAGTAGGGTAC-2	C4
3.13952331042922e-57	1.13037482431922	0.532	0.073	1.82751651900085e-53	8	TACTTACTCTGTCTCG-2	C4
3.4141000675957e-57	1.50994776569084	0.468	0.055	1.98734764934746e-53	8	CTTCTCTGTAGATTAG-2	C4
4.2011723397598e-57	1.97953769171995	0.468	0.055	2.44550241897418e-53	8	CGACCTTTCAGGCAAG-2	C4
4.31732577986988e-57	1.47767047916055	0.423	0.043	2.51311533646226e-53	8	CGAGCACTCAGTGTTG-2	C4
4.76286342104194e-57	1.67801254728885	0.459	0.053	2.77246279738851e-53	8	GTCACAATCCACGCAG-2	C4
7.15170970759996e-57	1.49766195863223	0.55	0.079	4.16301022079394e-53	8	TACCTATGTCTAAAGA-2	C4
1.01488378627066e-56	1.77497031499098	0.423	0.043	5.90763851988153e-53	8	GCACATATCCTCTAGC-2	C4
1.2534079121321e-56	1.99829248188004	0.505	0.066	7.29608745652097e-53	8	TCAGGATCATCCCACT-2	C4
1.48141422976378e-56	1.80512288648013	0.468	0.055	8.62331223145496e-53	8	CGTTCTGCAATAGAGT-2	C4
2.33968462830952e-56	1.13389390162982	0.468	0.055	1.36193042213897e-52	8	ACGCCGATCTAACGGT-2	C4
2.35633536737384e-56	1.34903378090563	0.486	0.06	1.37162281734831e-52	8	AAGACCTAGGTGCTAG-2	C4
2.88278594689274e-56	1.58541099979151	0.441	0.049	1.67806969968626e-52	8	GCGCAACTCAACGAAA-2	C4
2.96733111508934e-56	1.57692644343246	0.477	0.057	1.72728344209351e-52	8	CGATGGCGTCTTGATG-2	C4
3.07684558556709e-56	1.39958217163817	0.459	0.053	1.7910318153586e-52	8	GCAAACTAGTTGAGAT-2	C4
3.97006992016797e-56	1.07392425915683	0.486	0.06	2.31097770052978e-52	8	CAACCAAAGTCGAGTG-2	C4
5.9211014030248e-56	1.27129665719024	0.459	0.054	3.44667312670074e-52	8	AGGGATGCATTAGGCT-2	C4
8.80406455048461e-56	0.998813160385155	0.486	0.06	5.12484597483709e-52	8	GCGCGATAGATGTGTA-2	C4
1.27899873069517e-55	1.04669847924329	0.532	0.072	7.44505161137661e-52	8	CTCGGAGGTCACTGGC-2	C4
1.58801755965807e-55	1.97199767155827	0.486	0.062	9.24385021476963e-52	8	CAGCCGATCGCCAAAT-2	C4
1.60997920087667e-55	1.3836401871316	0.495	0.063	9.37168892830309e-52	8	GCTGCTTTCTCGTATT-2	C4
2.29462374467113e-55	1.35228908429117	0.477	0.061	1.33570048177307e-51	8	TATGCCCTCTTCGGTC-2	C4
3.67928148926698e-55	1.53830685827448	0.468	0.057	2.14170975490231e-51	8	GCCTCTATCCGCAGTG-2	C4
3.86398334056287e-55	1.71796917858613	0.432	0.048	2.24922470254165e-51	8	TACGGGCGTGCAGGTA-2	C4
4.54262379570892e-55	1.19403919197615	0.477	0.059	2.64426131148216e-51	8	CATCCACGTTTGGGCC-2	C4
4.91529749946225e-55	1.42893277903882	0.459	0.055	2.86119467443698e-51	8	GGACATTTCTGGCGTG-2	C4
6.36584057887435e-55	1.4554420369938	0.486	0.062	3.70555580096276e-51	8	TCGGGACGTGTTTGGT-2	C4
6.67421465316962e-55	1.33044387420298	0.495	0.065	3.88506034961004e-51	8	CTGATAGAGAGTCGGT-2	C4
1.00610352489426e-54	1.43631671430219	0.414	0.043	5.85652861840951e-51	8	CGAGCACAGGAGCGTT-2	C4
1.11707021356063e-54	1.17596879137483	0.486	0.062	6.5024657131364e-51	8	CCGTACTAGCGTCAAG-2	C4
1.20193922812242e-54	1.24033844976946	0.459	0.053	6.99648824690059e-51	8	CTAACTTTCACGGTTA-2	C4
2.27616467995995e-54	0.808555439449329	0.486	0.063	1.32495546020469e-50	8	ATCCACCTCTAGAGTC-2	C4
2.66043108780356e-54	1.24882418666102	0.505	0.068	1.54863693621045e-50	8	AGTCTTTCACCATCCT-2	C4
4.20798428580959e-54	1.26014350504471	0.495	0.066	2.44946765276976e-50	8	CGGACACTCATAACCG-2	C4
5.28627278068536e-54	1.0312822353128	0.505	0.068	3.07713938563695e-50	8	CAAGAAAAGCAGCCTC-2	C4
5.62013406243423e-54	1.80087779254933	0.423	0.046	3.27148003774296e-50	8	CTGCCTACATACAGCT-2	C4
6.97789430901677e-54	1.20053266386927	0.486	0.064	4.06183227727866e-50	8	CTGGTCTAGCAATATG-2	C4
7.02467980084378e-54	0.86967612816216	0.432	0.049	4.08906611207116e-50	8	TCAGCTCAGGATATAC-2	C4
9.08966882839083e-54	1.07489993110697	0.495	0.067	5.2910962250063e-50	8	CCTTCGAGTAGCCTCG-2	C4
9.28799445020541e-54	1.42409764889414	0.505	0.068	5.40654156946457e-50	8	TTCGAAGAGCACAGGT-2	C4
9.45290144730646e-54	1.82998954232923	0.414	0.044	5.50253393247709e-50	8	AACGTTGAGTCTCGGC-2	C4
1.30539546770854e-53	1.86466310553559	0.432	0.05	7.59870701753142e-50	8	TTCTACAAGATGGCGT-2	C4
1.83003492236542e-53	2.05857868828975	0.432	0.05	1.06526332830891e-49	8	CCACCTAGTCCGTTAA-2	C4
2.17226290699463e-53	1.867705943282	0.477	0.062	1.26447423816157e-49	8	AAGCCGCCAATAGCAA-2	C4
2.35834822207691e-53	1.86060900356007	0.432	0.049	1.37279450007097e-49	8	GACCAATGTGTGAATA-2	C4
2.51007445876444e-53	1.73382056446558	0.441	0.052	1.46111434244678e-49	8	CAAGGCCGTTCAGGCC-2	C4
4.27350036681939e-53	1.24854120695581	0.459	0.056	2.48760456352557e-49	8	CGATGGCGTTCGCTAA-2	C4
5.2798044061971e-53	1.20241525721851	0.432	0.05	3.07337414484733e-49	8	CTGTGCTCAGGACGTA-2	C4
6.36738771098228e-53	1.02714868922948	0.486	0.065	3.70645638656278e-49	8	CGATTGATCCGTTGCT-2	C4
8.56986717438019e-53	1.27057871675576	0.423	0.048	4.98851968220671e-49	8	TTAGTTCAGTACGCCC-2	C4
1.03876339815077e-52	1.2597893265337	0.45	0.055	6.04664174063561e-49	8	CATGCCTGTCCTGCTT-2	C4
1.08331762774732e-52	2.01538385541977	0.387	0.039	6.30599191111717e-49	8	ATGTGTGGTACGCTGC-2	C4
1.10328528380596e-52	1.47203061848251	0.468	0.06	6.42222363703449e-49	8	CTCTGGTGTTGCGCAC-2	C4
2.18760483803422e-52	1.02623916144963	0.441	0.052	1.27340477621972e-48	8	CAGCTAAAGAGGTACC-2	C4
2.36423049984715e-52	1.56503935125551	0.441	0.053	1.37621857396103e-48	8	GAGCAGACAACTGCTA-2	C4
2.62752270563626e-52	1.66476687068222	0.486	0.068	1.52948096695087e-48	8	CGAGCACAGGTAGCCA-2	C4
2.67307622896471e-52	1.9627735537778	0.477	0.064	1.55599767288036e-48	8	GCTGCAGAGATCCCAT-2	C4
4.83665456856748e-52	1.48183152434182	0.432	0.051	2.81541662436313e-48	8	GCTCTGTCAAAGAATC-2	C4
5.33040152051434e-52	2.11870629679371	0.477	0.064	3.1028267250914e-48	8	GCTGCGATCTCTTGAT-2	C4
6.32552623949737e-52	1.29061225811404	0.432	0.051	3.68208882401142e-48	8	GGCAATTGTTCTGGTA-2	C4
8.62518999544145e-52	1.24647947633404	0.441	0.054	5.02072309634647e-48	8	AGCCTAAAGAATGTGT-2	C4
9.78972995917809e-52	2.20336607381234	0.432	0.052	5.69860180923757e-48	8	CTCTGGTGTGAACCTT-2	C4
1.10611885077216e-51	1.38808025273048	0.459	0.058	6.43871783034473e-48	8	CGTGAGCTCTGCGACG-2	C4
1.22606989331424e-51	1.2087966903499	0.45	0.056	7.13695284898222e-48	8	TTTGTCAGTAATTGGA-2	C4
1.29428492964316e-51	1.66496292130999	0.369	0.035	7.53403257545285e-48	8	AGGGATGCACAGACTT-2	C4
1.62879514957828e-51	1.19008821624649	0.423	0.049	9.48121656569519e-48	8	GGACATTCACGGTTTA-2	C4
1.7780878481822e-51	0.556929793539354	0.423	0.047	1.03502493642686e-47	8	TGCGGGTGTCCAAGTT-2	C4
3.51173339320338e-51	1.52101651982631	0.441	0.055	2.04418000818368e-47	8	TAGAGCTGTCGACTGC-2	C4
4.78085615147575e-51	0.698738003738522	0.432	0.051	2.78293636577404e-47	8	AAGCCGCGTATAATGG-2	C4
4.92142110814915e-51	1.82104389939473	0.396	0.043	2.86475922705362e-47	8	CGTTGGGGTTTAGGAA-2	C4
5.65288950811619e-51	1.36294393232591	0.414	0.048	3.29054698267444e-47	8	AAACCTGAGTCATCCA-2	C4
6.86092678592503e-51	2.0769587137878	0.396	0.043	3.99374548208696e-47	8	GCATGATAGGAATTAC-2	C4
1.10406201385629e-50	1.96213164022986	0.423	0.05	6.42674498265747e-47	8	GAAATGAAGCCCTAAT-2	C4
1.34515094015207e-50	1.32932342898261	0.396	0.043	7.8301236226252e-47	8	GCCTCTAGTCTAAAGA-2	C4
1.46493696175289e-50	1.34692350032412	0.946	0.302	8.52739805436357e-47	8	CTACGTCCAAACAACA-1	C4
1.84017572210206e-50	1.47863987167516	0.396	0.043	1.07116628783561e-46	8	CCGGTAGCATCGACGC-2	C4
2.1709358908257e-50	1.50656309050834	0.486	0.068	1.26370178204964e-46	8	AGATTGCCAAGACGTG-2	C4
2.56324110817809e-50	2.48412354884728	0.396	0.044	1.49206264907047e-46	8	GTGCAGCAGGGTCGAT-2	C4
2.97725339178926e-50	1.46238181513881	0.441	0.056	1.73305919936053e-46	8	GAACGGAAGCACCGCT-2	C4
4.17763781261683e-50	1.63098884186156	0.405	0.046	2.43180297072425e-46	8	TCGCGTTGTCAGAATA-2	C4
4.44668465123362e-50	1.42132217777901	0.396	0.044	2.58841513548309e-46	8	CTTACCGCAGGGCATA-2	C4
4.76888221065583e-50	1.3751046805402	0.405	0.046	2.77596633482276e-46	8	TCACAAGGTCTCTCGT-2	C4
4.87099273788024e-50	1.33287358080029	0.432	0.053	2.83540487272009e-46	8	GACACGCAGTTGCAGG-2	C4
5.27267781576663e-50	1.34182229619797	0.432	0.053	3.06922575655776e-46	8	GATCTAGCACGAAGCA-2	C4
5.31040479379847e-50	1.77168196529862	0.414	0.049	3.09118663047009e-46	8	GATCTAGAGACAGGCT-2	C4
6.17549617881734e-50	1.45524206243384	0.414	0.049	3.59475632568957e-46	8	TAGTTGGCAGCCAATT-2	C4
7.14008494041035e-50	1.57829657590609	0.459	0.062	4.15624344381286e-46	8	GAACGGACAGTTCCCT-2	C4
7.63724313596002e-50	1.39077622778686	0.45	0.059	4.44563922944233e-46	8	GTTACAGAGAAACCAT-2	C4
7.80908002551825e-50	2.0678927637861	0.441	0.056	4.54566548285417e-46	8	TCGGGACCAGCTGGCT-2	C4
8.91454887536296e-50	2.29736724418329	0.432	0.054	5.18915890034878e-46	8	ACGTCAAGTCACCCAG-2	C4
1.31009976441259e-49	1.54328200296758	0.432	0.054	7.62609072864568e-46	8	ACTGCTCCACAGCCCA-2	C4
2.74991738797644e-49	1.49818552862623	0.414	0.049	1.60072691154109e-45	8	ACCTTTAAGCGTTCCG-2	C4
5.6735270099665e-49	1.0593472445213	0.396	0.044	3.3025600725015e-45	8	GAGTCCGTCCGCGTTT-2	C4
8.50705593881512e-49	1.51470358589241	0.396	0.044	4.95195726198428e-45	8	GGGAGATTCGGTTCGG-2	C4
1.05149677061049e-48	1.14622917585781	0.423	0.053	6.12076270172368e-45	8	CTCGTCAGTTGTGGCC-2	C4
1.12195607364577e-48	1.89181460098198	0.405	0.048	6.53090630469201e-45	8	CTTTGCGAGGTGCTAG-2	C4
1.39751865441206e-48	1.68829814911279	0.505	0.078	8.1349560873326e-45	8	TTTGCGCCATGAGCGA-2	C4
1.61803171718299e-48	1.35173630807157	0.432	0.056	9.41856262572216e-45	8	ACTTGTTAGGTAGCCA-2	C4
3.70090347067083e-48	0.900623751569757	0.505	0.076	2.15429591027749e-44	8	CCTTTCTAGACAAAGG-2	C4
3.73074329623411e-48	1.22744067608942	0.423	0.055	2.17166567273787e-44	8	CGAACATCATGTAGTC-2	C4
3.84530212201636e-48	1.59639607151269	0.405	0.049	2.23835036522572e-44	8	CCACTACTCTTATCTG-2	C4
4.43239455228663e-48	1.74010385658562	0.477	0.071	2.58009686888605e-44	8	TAAGTGCTCATTTGGG-2	C4
5.03004462246493e-48	1.28276101582167	0.459	0.064	2.92798897473684e-44	8	CACCAGGAGCTAACAA-2	C4
5.5457348082683e-48	1.72222267965393	0.387	0.044	3.22817223189298e-44	8	CGAATGTGTTACGTCA-2	C4
5.77888802470318e-48	1.48500571819178	0.396	0.046	3.36389071917972e-44	8	GACAGAGCAAGGGTCA-2	C4
5.78517544252425e-48	1.94212213083404	0.369	0.04	3.36755062509337e-44	8	AGCTTGAGTGTGCGTC-2	C4
5.91666346088181e-48	2.37070150479235	0.414	0.052	3.4440898005793e-44	8	GAACCTAAGTGTCTCA-2	C4
6.80651267952853e-48	1.80622100396285	0.441	0.06	3.96207103075356e-44	8	TCAACGAGTGCGATAG-2	C4
6.87671943469172e-48	1.9450234534666	0.414	0.051	4.00293838293405e-44	8	GTCTTCGTCAGCTCGG-2	C4
7.63774527751648e-48	2.26903282560949	0.405	0.049	4.44593152604235e-44	8	CTAAGACAGCTGAACG-2	C4
7.64604239192384e-48	0.973393444455247	0.441	0.059	4.45076127633887e-44	8	GCTCCTATCCCTCTTT-2	C4
7.65768133084893e-48	1.40929328599856	0.414	0.051	4.45753630268716e-44	8	TTTGTCATCGTTACGA-2	C4
8.37452395747021e-48	1.29477039598346	0.459	0.064	4.87481039564341e-44	8	GGATGTTAGTAGCGGT-2	C4
1.48906596904632e-47	0.902427490621881	0.423	0.054	8.66785300581863e-44	8	TACGGATTCAATACCG-2	C4
1.57983145538436e-47	2.20795717052952	0.45	0.064	9.19619890179235e-44	8	ATTACTCCAGTGGAGT-2	C4
1.59497631546816e-47	1.06223517143602	0.441	0.059	9.28435713234016e-44	8	AAACCTGTCGACAGCC-2	C4
2.30802166592623e-47	1.40197022767296	0.432	0.057	1.34349941173566e-43	8	GACTACATCACCCTCA-2	C4
3.30245154534818e-47	1.29610251880005	0.946	0.323	1.92235704454718e-43	8	CCAGCGATCTGCCCTA-1	C4
6.04408969293969e-47	1.41926142629116	0.45	0.062	3.51826461026019e-43	8	CCCTCCTTCCGTCAAA-2	C4
6.199362604524e-47	1.99921805805021	0.459	0.067	3.60864897209342e-43	8	CTAAGACGTAAGTTCC-2	C4
1.03776219297057e-46	0.7951625310445	0.45	0.062	6.04081372528168e-43	8	CGTGTCTAGTTATCGC-2	C4
1.10057224284965e-46	1.55233600521544	0.405	0.05	6.40643102562781e-43	8	AAGGAGCGTGCACGAA-2	C4
1.36726902660906e-46	0.98988284427068	0.441	0.059	7.95887300389135e-43	8	CCTTTCTTCTCTAGGA-2	C4
1.819121473143e-46	1.22742443736812	0.946	0.33	1.05891060951654e-42	8	ACGATGTCAGGAATGC-1	C4
1.97031715444443e-46	0.918955781283206	0.423	0.055	1.1469216156021e-42	8	TGACAACCACTGTCGG-2	C4
2.47895695417342e-46	1.12941228162884	0.405	0.05	1.44300084302435e-42	8	CCTTCCCTCACCAGGC-2	C4
3.62784553802698e-46	0.794128843878229	0.937	0.328	2.1117688876855e-42	8	CAACTAGAGCGTTGCC-1	C4
4.77447942735916e-46	1.39615046855415	0.423	0.056	2.77922447466577e-42	8	AAGGAGCCACTAGTAC-2	C4
5.35453696082857e-46	1.01086185192493	0.369	0.041	3.11687596489831e-42	8	ACATACGAGCCGCCTA-2	C4
5.38419878287331e-46	1.85445198496899	0.369	0.041	3.13414211151055e-42	8	CAAGGCCGTACTTGAC-2	C4
6.09698503478348e-46	1.25581489782443	0.387	0.045	3.54905498874746e-42	8	AATCGGTAGAAGGTTT-2	C4
6.80956096117045e-46	1.27453359640959	0.396	0.049	3.96384543549732e-42	8	AGAGCGATCACGCGGT-2	C4
7.5130446168185e-46	1.64984228082872	0.405	0.052	4.37334327145005e-42	8	GTATCTTGTGTATGGG-2	C4
9.59142236870021e-46	1.14939194179993	0.405	0.051	5.58316696082039e-42	8	CTCGGAGTCTGAAAGA-2	C4
9.99892707234677e-46	1.00361302251452	0.432	0.058	5.82037544881305e-42	8	CGATGGCGTCTCGTTC-2	C4
1.02484728831453e-45	1.41444042315124	0.441	0.062	5.96563606527888e-42	8	CATCGGGTCGGAAATA-2	C4
1.09849550598673e-45	1.09024239991708	0.937	0.381	6.39434234034874e-42	8	ACGAGCCAGCTCCTCT-1	C4
1.12814840103753e-45	1.21331767433752	0.937	0.312	6.56695184243944e-42	8	ATCTACTTCCCAAGAT-1	C4
1.24604346884526e-45	0.925974433654436	0.432	0.059	7.25321903214824e-42	8	ACAGCCGCAATAAGCA-2	C4
1.32236403754769e-45	1.42115340013196	0.387	0.046	7.6974810625651e-42	8	ATCATCTAGTATCTCG-2	C4
1.38499341876958e-45	1.35790726142792	0.414	0.054	8.06204669065773e-42	8	AGATTGCTCAACGGGA-2	C4
2.00811239666773e-45	1.43440359206818	0.333	0.033	1.16892222610029e-41	8	TACCTTACAGGCAGTA-2	C4
2.04785888539019e-45	1.3771268973861	0.468	0.071	1.19205865718563e-41	8	TTTGCGCTCCCATTTA-2	C4
2.39407977420044e-45	2.21714391272116	0.964	0.364	1.39359383656208e-41	8	CAACTAGCAACTGGCC-1	C4
3.31880848986307e-45	1.44562866950261	0.378	0.045	1.9318784219493e-41	8	GCATGATGTAAGGGAA-2	C4
3.40567377441364e-45	0.699531919732591	0.486	0.076	1.98244270408618e-41	8	AGGTCCGTCCATGAGT-2	C4
3.86731671563362e-45	1.66947461840587	0.396	0.049	2.25116506017033e-41	8	GGGAATGGTGCCTGCA-2	C4
4.33869645140147e-45	0.961886870746482	0.369	0.042	2.5255552043608e-41	8	AACGTTGAGCTAAGAT-2	C4
5.85056880707862e-45	0.608473781093371	0.937	0.345	3.40561610260047e-41	8	ATAAGAGTCCCTTGTG-1	C4
5.85393305646324e-45	1.44430866442056	0.396	0.05	3.40757443216725e-41	8	CTAATGGCATTCACTT-2	C4
5.95485851190449e-45	0.888763523450064	0.45	0.065	3.46632313977961e-41	8	CTGAAACTCGGTGTCG-2	C4
1.05746874629068e-44	1.04714017503931	0.459	0.068	6.15552557215802e-41	8	GACAGAGCAGTGACAG-2	C4
1.12768336910507e-44	1.45192947952526	0.396	0.05	6.56424489156059e-41	8	CAACCAATCAAACGGG-2	C4
1.29819243613696e-44	2.55704325463535	0.369	0.043	7.55677817075325e-41	8	TAGACCATCTGTTTGT-2	C4
1.66031142923032e-44	1.02967053828642	0.423	0.058	9.66467282954971e-41	8	CTGAAGTGTCTAACGT-2	C4
1.75623449380596e-44	0.560074800367412	0.423	0.057	1.02230409884445e-40	8	CATCAGATCTCAAGTG-2	C4
1.91473255481916e-44	1.10974287860962	0.459	0.07	1.11456582016023e-40	8	TGAGAGGGTACGAAAT-2	C4
2.83887715799445e-44	1.3983313306056	0.405	0.053	1.65251039366857e-40	8	TGATTTCGTGAAATCA-2	C4
3.28630341441052e-44	0.657020571236365	0.946	0.388	1.91295721752837e-40	8	TTGGCAAGTAACGACG-1	C4
3.67543505931246e-44	1.44936221313251	0.919	0.313	2.13947074802578e-40	8	GGTATTGAGTGAACAT-1	C4
4.41346535756665e-44	1.11648921544625	0.928	0.349	2.56907818463954e-40	8	GCTCTGTTCCTAGGGC-1	C4
5.8076262780556e-44	1.03065641496561	0.928	0.335	3.38061925645617e-40	8	CACACCTAGAGTAAGG-1	C4
8.20119895824209e-44	2.11977312470564	0.441	0.067	4.77391791359272e-40	8	ACACCCTAGTTCGCAT-2	C4
1.07527671448288e-43	0.948302070167687	0.928	0.349	6.25918575500486e-40	8	GGCAATTGTCTAACGT-1	C4
1.3953358775207e-43	1.29112281737	0.405	0.055	8.12225014304799e-40	8	TCGTACCAGAGGTAGA-2	C4
1.44672519690825e-43	1.18083160946178	0.946	0.373	8.42138737120295e-40	8	TTTGGTTTCACGGTTA-1	C4
1.72905470416587e-43	1.30293642884437	0.396	0.051	1.00648274329495e-39	8	GGAATAAGTTCGGGCT-2	C4
1.98231512092219e-43	0.922475302851932	0.928	0.337	1.15390563188881e-39	8	CGTTCTGTCACCACCT-1	C4
2.22269007464627e-43	1.67825493823254	0.369	0.045	1.29382789245159e-39	8	GGTGTTAGTTGATTGC-2	C4
2.33374531529658e-43	0.756969828666398	0.946	0.408	1.35847314803414e-39	8	CGGACGTCAACGATCT-1	C4
2.39736369510275e-43	1.57252762906181	0.423	0.061	1.39550540691931e-39	8	ATTACTCCATACCATG-2	C4
2.45225583164104e-43	1.13222294637659	0.405	0.054	1.42745811959825e-39	8	GAACATCCATGGAATA-2	C4
2.47942001771534e-43	1.2438162423555	0.946	0.465	1.4432703923121e-39	8	CCGGTAGCAATGTTGC-1	C4
3.01623015945443e-43	0.885948928371866	0.946	0.382	1.75574757581842e-39	8	TCACAAGTCGCTGATA-1	C4
3.3788394516371e-43	2.05123685561951	0.432	0.065	1.96682244479796e-39	8	GTGCGGTTCAACCATG-2	C4
3.57900565634095e-43	1.41495571295119	0.396	0.052	2.08333919255607e-39	8	CGGAGTCGTTAAGGGC-2	C4
6.20019835755184e-43	1.76026780901234	0.423	0.062	3.60913546393093e-39	8	GGGCACTCACGCATCG-2	C4
6.3976634434762e-43	0.748112916418635	0.351	0.039	3.7240798904475e-39	8	TACTTACTCAAACCGT-2	C4
8.59651315789662e-43	1.05033601904569	0.378	0.047	5.00403030921163e-39	8	GCGGGTTGTAGCGCTC-2	C4
9.1944583219362e-43	0.901181103260402	0.468	0.075	5.35209418919906e-39	8	GGACAGAGTATCGCAT-2	C4
1.36438098705429e-42	0.962327442984488	0.928	0.419	7.94206172564303e-39	8	CGCTATCCAGCCACCA-1	C4
1.67566814830836e-42	0.453253603809435	0.946	0.39	9.75406429130294e-39	8	CCTAAAGAGCGTTGCC-1	C4
1.74947953655606e-42	1.79618078164508	0.387	0.052	1.01837203822928e-38	8	CTACACCGTTCCACTC-2	C4
1.79486835174759e-42	0.976584537381116	0.405	0.055	1.04479286755227e-38	8	TTGGCAAGTACTCAAC-2	C4
1.87541081195391e-42	1.53064424145973	0.378	0.048	1.09167663363837e-38	8	AGTAGTCAGAAAGTGG-2	C4
2.06819488379741e-42	0.827510597805996	0.405	0.056	1.20389624185847e-38	8	GATGAGGAGGCCATAG-2	C4
2.35287180947908e-42	0.667316894514907	0.423	0.06	1.36960668029777e-38	8	GGACAGAAGACGCAAC-2	C4
2.76574701757554e-42	1.64423314109594	0.432	0.065	1.60994133893072e-38	8	GAACGGAGTACTCTCC-2	C4
3.55500041168164e-42	1.14902501786818	0.919	0.363	2.06936573963988e-38	8	GTGCATAAGAGACTTA-1	C4
3.78227402514765e-42	0.834645633448474	0.937	0.35	2.20166171003845e-38	8	CAGCTAAAGTCTCAAC-1	C4
4.09899283203535e-42	0.307995291387562	0.937	0.379	2.38602372752778e-38	8	CCTACACAGGAACTGC-1	C17
4.87912260535276e-42	1.19481516753021	0.946	0.449	2.84013726857584e-38	8	GCAGCCACAGAGTGTG-1	C4
6.51950219761573e-42	1.49242079845361	0.378	0.049	3.79500222923211e-38	8	TAGTGGTAGTGGGTTG-2	C4
7.90092220674835e-42	2.33287348242069	0.405	0.056	4.59912681654821e-38	8	GCGCAACGTAGATTAG-2	C4
1.62106148953172e-41	0.541116787487304	0.369	0.046	9.43619893056416e-38	8	TCTCTAATCAACTCTT-2	C4
1.86536893940014e-41	1.01934563551568	0.405	0.058	1.08583125962482e-37	8	TCACGAAGTCCATGAT-2	C4
2.1973091207192e-41	0.944227251911606	0.423	0.062	1.27905363917065e-37	8	GTCAAGTGTCGATTGT-2	C4
3.22524064502978e-41	1.54883706283508	0.36	0.044	1.87741257947183e-37	8	CTGATAGCACTTGGAT-2	C4
3.42790893171339e-41	0.698232683276002	0.414	0.06	1.99538578915036e-37	8	TACGGTACAAACGCGA-2	C4
3.48353095784713e-41	1.0247856714492	0.369	0.047	2.02776337056281e-37	8	GTCAAGTAGCGTTGCC-2	C4
3.72732087027169e-41	0.755462432745654	0.919	0.366	2.16967347858515e-37	8	CGGACTGAGCGAGAAA-1	C4
3.87882168556591e-41	1.77749498589466	0.378	0.05	2.25786210316792e-37	8	AAGGCAGCATCGGAAG-2	C4
4.18463630236455e-41	1.72384460353453	0.36	0.045	2.43587679160641e-37	8	GGAACTTTCATACGGT-2	C4
5.47001308746007e-41	0.861645369137556	0.955	0.426	3.18409461821051e-37	8	CAGAGAGTCAGGCCCA-1	C4
5.82103654205821e-41	1.0718743854093	0.928	0.404	3.38842537113208e-37	8	CAGTAACAGTGGCACA-1	C4
7.07181083258081e-41	1.26559441145027	0.333	0.038	4.11650108564529e-37	8	GGAACTTGTGTGAAAT-2	C4
7.68350166504053e-41	1.53737368492603	0.91	0.327	4.47256631922009e-37	8	CCGGTAGGTACATCCA-1	C4
8.75516339318946e-41	0.914608936940097	0.378	0.05	5.09638061117558e-37	8	GGCAATTGTCATGCAT-2	C4
9.04941765073997e-41	0.926256608622919	0.396	0.055	5.26766601449574e-37	8	CAGAATCTCTAAGCCA-2	C4
1.04306749924247e-40	0.805405967413973	0.405	0.058	6.07169591309042e-37	8	TCACGAACACCGATAT-2	C4
1.08675654043661e-40	0.962372102657998	0.387	0.053	6.32600982188151e-37	8	CTCTGGTCATGCCCGA-2	C4
1.3648503816902e-40	0.805206985419409	0.468	0.079	7.94479407181867e-37	8	CTGATAGGTAGAAGGA-2	C4
1.56487910050747e-40	1.47950406445266	0.36	0.046	9.10916124405397e-37	8	GTTTCTAAGAGTCTGG-2	C4
2.04880316525689e-40	1.34480119795351	0.378	0.05	1.19260832249604e-36	8	AGTAGTCGTGTGTGCC-2	C4
2.20702950172681e-40	1.43748506046516	0.36	0.047	1.28471187295518e-36	8	CTCAGAACATGGAATA-2	C4
2.32395180143245e-40	1.49941958479969	0.928	0.429	1.35277234361383e-36	8	TCTCATATCCACGACG-1	C4
2.76517918827754e-40	0.763052034508018	0.91	0.341	1.60961080549636e-36	8	ACATCAGGTAGAAGGA-1	C4
3.84456392671964e-40	0.41065471131305	0.919	0.349	2.2379206617435e-36	8	ACGGCCATCCACTCCA-1	C4
5.31489286188377e-40	1.58375704223821	0.441	0.074	3.09379913490254e-36	8	GGCTCGATCGCATGGC-2	C4
5.89124322489689e-40	1.51134547821843	0.342	0.041	3.42929268121248e-36	8	TCACAAGCAAATACAG-2	C4
6.13994188261385e-40	2.55420870201327	0.937	0.363	3.57406016986952e-36	8	ACTATCTGTAAATGTG-1	C17
6.14791140794969e-40	1.38170626194184	0.387	0.054	3.57869923056751e-36	8	TGACTAGCACCTCGGA-2	C4
6.63793049849106e-40	1.03757137049449	0.396	0.057	3.86393934317164e-36	8	ATGTGTGTCGAATCCA-2	C4
1.19985426562826e-39	0.531612204758783	0.928	0.427	6.98435168022208e-36	8	CGGGTCAAGGGTGTTG-1	C4
1.23776207173042e-39	2.29409906572875	0.378	0.053	7.2050130195428e-36	8	ATTCTACAGACGCTTT-2	C4
1.38566636559664e-39	2.06252658272709	0.405	0.06	8.06596391413806e-36	8	GGCAATTAGTGGAGTC-2	C5
1.42978363422602e-39	1.09772173179411	0.378	0.051	8.32277053482967e-36	8	CATGCCTGTCTAGGTT-2	C4
1.48503183719218e-39	0.888254962397429	0.423	0.066	8.64437032429568e-36	8	TACTCATCACGCGAAA-2	C4
1.86715416031392e-39	1.87174582649221	0.928	0.368	1.08687043671873e-35	8	ACATGGTGTACGAAAT-1	C17
2.04896873583214e-39	1.16224017854817	0.387	0.054	1.19270470112789e-35	8	CTGAAACCAGGGTACA-2	C4
3.73737428401961e-39	1.31716432487475	0.396	0.058	2.17552557072782e-35	8	TGACTTTAGGACATTA-2	C4
3.7679156559028e-39	0.910690164016421	0.937	0.397	2.19330370330102e-35	8	GTCAAGTCATCGGTTA-1	C4
6.49560476653313e-39	0.936466711955515	0.91	0.407	3.78109153459894e-35	8	GCGAGAAGTCCTAGCG-1	C4
8.64932889726199e-39	0.695772263524833	0.423	0.067	5.03477435109621e-35	8	GTAGTCAAGGCGACAT-2	C4
8.878098546882e-39	2.69355897477855	0.396	0.06	5.16794116414001e-35	8	AGGTCCGCAGTCAGCC-2	C17
8.99380538461454e-39	1.51720775195918	0.369	0.05	5.23529411438412e-35	8	CAGCGACCACTGAAGG-2	C4
9.02580068143421e-39	0.269859633168362	0.937	0.491	5.25391857666285e-35	8	ACTGCTCTCGCCGTGA-1	C4
1.35531384710513e-38	0.939377022768485	0.946	0.517	7.88928190399898e-35	8	GAGTCCGAGTGGAGTC-1	C4
1.62794444561891e-38	0.343417388757908	0.928	0.473	9.47626461794769e-35	8	CGCTGGAAGTGGGCTA-1	C4
1.78532656059156e-38	1.04595195250445	0.414	0.064	1.03923859092035e-34	8	TGCTACCGTTCCACTC-2	C4
1.80918428913837e-38	1.02223782155092	0.378	0.053	1.05312617470745e-34	8	ATCCGAACATCATCCC-2	C4
2.3106879127107e-38	1.19358726525914	0.387	0.056	1.3450514339889e-34	8	GATTCAGGTCTAGGTT-2	C4
2.40592003910654e-38	2.75206083206142	0.45	0.08	1.40048605476391e-34	8	ATGGGAGGTCTTGTCC-2	C17
2.45758117965035e-38	1.29761443671351	0.378	0.054	1.43055800467447e-34	8	CTACACCGTCTGCCAG-2	C4
3.0555080755978e-38	0.948886913830594	0.351	0.046	1.77861125080548e-34	8	ATGGGAGTCTGTCCGT-2	C4
3.81273041911192e-38	0.768584118760134	0.333	0.041	2.21939037696505e-34	8	CCTACCACAGATAATG-2	C4
3.91073518547598e-38	0.461297401029885	0.928	0.419	2.27643895146557e-34	8	TGAGGGATCACCGGGT-1	C4
5.31237325974993e-38	1.06825011440774	0.387	0.057	3.09233247450044e-34	8	GCTGGGTAGTGTACGG-2	C4
5.91149307685124e-38	0.642120358179559	0.351	0.045	3.4410801200351e-34	8	CCATTCGGTAGGAGTC-2	C4
6.13689388377592e-38	1.67756653816393	0.369	0.051	3.57228592974596e-34	8	TACGGATTCGCACTCT-2	C17
6.99186987746128e-38	0.713026111545156	0.91	0.391	4.06996745567021e-34	8	CACTCCATCCTTTACA-1	C4
8.3526624231931e-38	0.919253497843351	0.351	0.046	4.8620847965407e-34	8	GGGAGATTCGGCCGAT-2	C4
1.03305811243275e-37	0.351080383093422	0.91	0.38	6.01343127247106e-34	8	GGGATGAAGCTCCTTC-1	C4
1.24592668777041e-37	0.814815582660195	0.351	0.047	7.25253924951158e-34	8	TCCACACAGCGTCTAT-2	C4
1.34060558701557e-37	1.60295048853963	0.423	0.069	7.80366512201764e-34	8	CGGCTAGGTCATGCCG-2	C4
1.42817516272502e-37	1.60444860746819	0.387	0.056	8.31340762222235e-34	8	GTCCTCAGTGTTCGAT-2	C4
1.67708669577483e-37	1.01999181998388	0.351	0.047	9.7623216561053e-34	8	CGTCTACGTGCTGTAT-2	C4
1.91347312552212e-37	1.64582720247598	0.324	0.039	1.11383270636643e-33	8	CTGAAGTGTAGGCATG-2	C4
2.98487239774705e-37	0.627170697971242	0.937	0.452	1.73749422272856e-33	8	TGGGCGTTCCGAACGC-1	C4
3.27381162012304e-37	1.14626451775342	0.378	0.056	1.90568574407362e-33	8	ATTTCTGCATCGGTTA-2	C4
4.16371099305343e-37	0.846972789075773	0.423	0.069	2.4236961690564e-33	8	ACTTGTTTCGAACTGT-2	C4
4.52047349675137e-37	1.19922939465737	0.901	0.405	2.63136762245897e-33	8	GGGCACTTCATCACCC-1	C4
5.45735572050833e-37	1.01508121794697	0.432	0.074	3.1767267649079e-33	8	GGCGACTAGTTCCACA-2	C4
6.13784566779746e-37	0.772349778849141	0.396	0.062	3.5728399632249e-33	8	GTTCTCGTCATCTGCC-2	C4
6.49863602093008e-37	1.26651303841021	0.297	0.033	3.7828560277834e-33	8	GACTACAAGCGATAGC-2	C4
6.64095715404221e-37	1.1484598434259	0.351	0.048	3.86570115936797e-33	8	CTGAAGTGTGAAATCA-2	C4
8.34458319522328e-37	0.399019216740427	0.901	0.391	4.85738187793947e-33	8	GTCGTAACAATGGAAT-1	C4
1.19765548389609e-36	1.0379978365484	0.36	0.05	6.97155257175912e-33	8	GTCTCGTCATCAGTAC-2	C5
1.64553363863223e-36	1.32551582397054	0.928	0.404	9.5786513104782e-33	8	GCGAGAAGTCGTCTTC-1	C17
1.72620284504383e-36	0.31636508699179	0.955	0.701	1.00482267610001e-32	8	TATCCTAAGCGCATCC-3	C4
1.83632745007638e-36	2.27085520823013	0.405	0.067	1.06892620868946e-32	8	AACTTTCGTATTCGTG-2	C17
2.18296189616225e-36	1.00310122558045	0.333	0.043	1.27070211975605e-32	8	TCGCGTTAGTGTTTGC-2	C4
2.50764313731037e-36	0.635160790241202	0.351	0.049	1.45969907022837e-32	8	CTCGTACCACACCGCA-2	C4
3.46735478408382e-36	1.24858672220884	0.342	0.047	2.01834721981519e-32	8	TGTGTTTGTGTCGCTG-2	C4
3.64177877499123e-36	1.23432425232143	0.324	0.041	2.11987942492239e-32	8	ACTGCTCAGCTAGGCA-2	C4
3.67052242528851e-36	0.846582805878399	0.396	0.063	2.13661110376044e-32	8	CCTAAAGCAACTTGAC-2	C4
4.07267916633351e-36	0.883758416087642	0.928	0.385	2.37070654272274e-32	8	CTGGTCTGTTCAACCA-1	C5
4.29442912473759e-36	0.95632086833112	0.937	0.394	2.49978719350975e-32	8	CTAACTTTCTCTAGGA-1	C17
5.62264887935519e-36	1.71359194028106	0.297	0.034	3.27294391267265e-32	8	ACGGGCTAGGCGTACA-2	C4
6.30434405311297e-36	1.5149770603863	0.387	0.062	3.66975867331706e-32	8	GTGCATACATCTCCCA-2	C4
6.60658320427134e-36	1.53946804789275	0.369	0.056	3.84569208320635e-32	8	CGACCTTGTGTGTGCC-2	C4
7.99777953378783e-36	1.11499352268366	0.414	0.07	4.6555074666179e-32	8	CCCTCCTCACCAGCAC-2	C4
2.01845110275947e-35	0.988136887073157	0.342	0.047	1.17494038691629e-31	8	TAGTTGGAGCCATCGC-2	C4
2.61906789088916e-35	0.668167623164794	0.883	0.336	1.52455941928658e-31	8	CACATAGGTCGCGAAA-1	C4
2.89302351364012e-35	1.47168051717146	0.351	0.051	1.68402898728991e-31	8	AGTGTCACATCCCACT-2	C4
3.09112014097331e-35	0.564882839061166	0.91	0.456	1.79934103406056e-31	8	CGAGAAGGTTAGTGGG-1	C4
7.42841187268213e-35	0.682059782556952	0.928	0.513	4.32407855108827e-31	8	ATCTGCCAGTACTTGC-1	C13
7.65704008597822e-35	1.93843737400409	0.919	0.392	4.45716303404792e-31	8	TGGCCAGGTACCGAGA-1	C17
8.54101200886207e-35	0.272790658631533	0.351	0.05	4.97172309035861e-31	8	TAAGCGTTCCTATTCA-2	C4
1.6310540098188e-34	0.682930969832825	0.333	0.046	9.49436539115526e-31	8	CCAATCCGTCCGAAGA-2	C4
1.66209627893914e-34	0.803918442578226	0.369	0.057	9.67506243970473e-31	8	TCAACGATCATAACCG-2	C4
1.91802452256881e-34	1.55374417612094	0.423	0.077	1.11648207458731e-30	8	CACCACTTCACATAGC-2	C4
2.11376076689118e-34	1.03829184796795	0.369	0.057	1.23042014240735e-30	8	TGTGGTACAGTCAGAG-2	C4
2.17937998838185e-34	0.909106189145017	0.342	0.049	1.26861709123708e-30	8	CCTTTCTTCTCTGCTG-2	C4
3.26408031092952e-34	1.30925619525996	0.919	0.41	1.90002114899207e-30	8	CCGTGGACACGTAAGG-1	C17
3.39399974500978e-34	0.852587730593488	0.342	0.049	1.97564725157019e-30	8	CCTCAGTCAATAACGA-2	C4
3.51716123554479e-34	2.94283380346198	0.432	0.083	2.04733955521062e-30	8	AAACGGGAGAGGGATA-2	C17
3.73552165184466e-34	0.91184502330342	0.396	0.067	2.17444715353878e-30	8	GGGCATCCATCGTCGG-2	C4
4.16069344233662e-34	0.890618300357318	0.333	0.046	2.42193965278415e-30	8	AGAGCTTAGCCACTAT-2	C4
4.49607042779156e-34	0.883425575396046	0.928	0.515	2.61716259601747e-30	8	ACCGTAAAGCCGCCTA-1	C4
4.70239038121443e-34	0.842659954854276	0.91	0.391	2.73726144090492e-30	8	TGGTTCCCATCCTTGC-1	C5
8.26560296493179e-34	0.346122809309813	0.892	0.389	4.8114074858868e-30	8	GTACTCCAGGGCATGT-1	C4
1.649461939277e-33	1.06408302776806	0.333	0.048	9.6015179485314e-30	8	AAGGTTCGTGCAGACA-2	C4
1.83547959005825e-33	0.916071325833849	0.297	0.038	1.06843266937291e-29	8	GTGCAGCGTTTGTTTC-2	C4
2.03522354524247e-33	0.69645610237603	0.874	0.361	1.18470362568564e-29	8	AGCCTAAAGTAAGTAC-1	C4
2.05814382117496e-33	1.50741220544563	0.315	0.042	1.19804551830594e-29	8	CTGCGGATCGCTTAGA-2	C4
2.39464318467116e-33	1.5114802856259	0.91	0.386	1.39392179779708e-29	8	AAACGGGTCAACACCA-1	C17
2.43268477978494e-33	1.07887532526469	0.91	0.395	1.41606581031282e-29	8	GTTCGGGGTTAAGGGC-1	C17
3.19269216314727e-33	0.600962656468742	0.901	0.44	1.85846610816802e-29	8	TCAGGTATCTGCTGTC-1	C4
6.30979192927328e-33	2.50197034520546	0.414	0.077	3.67292988202998e-29	8	CGCTATCCAGACACTT-2	C17
6.84213362099552e-33	0.677794367375232	0.91	0.398	3.98280598078149e-29	8	TTGTAGGAGTTACGGG-1	C17
7.75702843051583e-33	1.03446503888899	0.324	0.045	4.51536624940326e-29	8	CCATGTCGTAATCACC-2	C4
8.89116849380139e-33	1.39003621441329	0.351	0.053	5.17554918024179e-29	8	CCCAGTTGTGAGGCTA-2	C4
1.3616697488956e-32	0.9919043514302	0.405	0.073	7.92627960832129e-29	8	AGCTCTCTCCAGTAGT-2	C4
1.51772151352131e-32	1.1717339152452	0.333	0.049	8.83465693020752e-29	8	GGCTGGTGTCCTGCTT-2	C4
2.09894243530928e-32	1.21768659399022	0.36	0.058	1.22179439159353e-28	8	GCGCGATGTCTACCTC-2	C4
2.09976165598382e-32	0.951975883676614	0.351	0.055	1.22227125994818e-28	8	CATTATCGTTATTCTC-2	C4
2.92269436416595e-32	0.943786737299672	0.351	0.056	1.701300389381e-28	8	GGAGCAAAGGCAAAGA-2	C4
4.5346202352636e-32	2.00980777991999	0.91	0.424	2.63960243894694e-28	8	TCGGTAATCGCCGTGA-1	C17
4.85255827334864e-32	1.22011408699927	0.324	0.047	2.82467417091624e-28	8	TTGCGTCAGCGTCTAT-2	C4
7.14741514896569e-32	1.38693305707587	0.91	0.42	4.16051035821293e-28	8	TTTGCGCTCAGTGTTG-1	C17
7.23851490272194e-32	1.16698120381009	0.315	0.044	4.21353952487444e-28	8	TCGCGTTCACGTGAGA-2	C4
1.92874707097727e-31	0.967119721224511	0.369	0.061	1.12272367001587e-27	8	TAGTTGGAGTAGATGT-2	C4
2.44798597076152e-31	0.966181035696142	0.324	0.048	1.42497263358028e-27	8	CACACCTTCGAGAGCA-2	C4
2.61894869618756e-31	0.616489557906927	0.892	0.419	1.52449003605078e-27	8	TGATTTCTCTTATCTG-1	C4
3.54786535537017e-31	1.06536776918854	0.333	0.051	2.06521242336098e-27	8	CAGCAGCTCACCGGGT-2	C4
4.06603286980173e-31	1.26130790333362	0.315	0.046	2.36683773351158e-27	8	GCTTCCAGTTCTGTTT-2	C4
4.19441346188877e-31	1.08473444472385	0.333	0.051	2.44156807616546e-27	8	CGACCTTGTAAGTTCC-2	C4
4.64698936846146e-31	0.91378406510738	0.423	0.084	2.70501251138142e-27	8	CAACTAGGTGTGCCTG-2	C4
5.02571891264756e-31	0.908940363791366	0.315	0.046	2.92547097905215e-27	8	GCTTGAAGTCATGCCG-2	C4
5.39996793177024e-31	2.0054312856468	0.387	0.069	3.14332133308346e-27	8	TGATTTCGTATTCTCT-2	C4
5.80946252883892e-31	0.896404912780197	0.324	0.048	3.38168813803714e-27	8	GGCGACTCATACTACG-2	C4
6.11883939161007e-31	1.05754724222505	0.387	0.071	3.56177640985622e-27	8	ATTACTCCAAGGTTCT-2	C4
1.10740815814601e-30	1.24709035909219	0.297	0.041	6.44622288856791e-27	8	TCGGTAACAAGCGTAG-2	C4
1.112829175452e-30	0.851948360162383	0.387	0.07	6.47777863030609e-27	8	GAACATCGTAGATTAG-2	C4
1.32462687395131e-30	0.850229294849143	0.324	0.049	7.71065303327059e-27	8	TTCTTAGAGCGTTCCG-2	C4
1.36041015853512e-30	0.762371311041989	0.387	0.069	7.91894753283293e-27	8	GACTACAAGCTGCCCA-2	C17
1.42444103048862e-30	1.74942721053438	0.333	0.052	8.29167123847426e-27	8	CGAGCCAAGGATGCGT-2	C17
1.4312567042783e-30	1.22142906153105	0.351	0.059	8.33134527560399e-27	8	GACAGAGTCCGTCAAA-2	C4
1.63950321886963e-30	2.49289871999874	0.324	0.05	9.54354823704013e-27	8	GACGTTAGTCTTGCGG-2	C4
1.80524957100056e-30	1.06509330656156	0.324	0.049	1.05083577527943e-26	8	TCTTTCCGTGAGGCTA-2	C4
2.92592246140109e-30	1.08652995474751	0.36	0.061	1.70317946478158e-26	8	GGAACTTTCTCCTATA-2	C4
3.72697844619692e-30	0.789947776727893	0.369	0.065	2.16947415353123e-26	8	CCTACCATCCACTGGG-2	C4
4.66898110662893e-30	1.15167303608969	0.901	0.435	2.7178139021687e-26	8	AACCGCGGTCGTTGTA-1	C17
5.2152069474021e-30	0.427577254038995	0.928	0.685	3.03577196408276e-26	8	AACCTGATCGAGCCAC-3	C4
5.36529595213856e-30	0.900927058497401	0.324	0.05	3.12313877373985e-26	8	CGTCCATTCTAGAGTC-2	C4
5.52944936676807e-30	0.906285309121868	0.333	0.052	3.21869247639569e-26	8	GTGCTTCGTTGACGTT-2	C4
9.49554183864799e-30	1.17762858425123	0.324	0.05	5.527354904277e-26	8	GATGAAACACCACGTG-2	C4
1.8246260615388e-29	1.40190351608538	0.297	0.043	1.06211483042174e-25	8	AGCTCCTTCTAGCACA-2	C4
2.00382972959294e-29	0.978257283876498	0.919	0.483	1.16642928559605e-25	8	GGTGTTACAAGCTGGA-1	C4
2.08515417580102e-29	0.427480621444783	0.928	0.667	1.21376824573378e-25	8	GCAACCGTCACCTTGC-3	C4
3.04053238463865e-29	1.10806466816474	0.306	0.046	1.76989390109816e-25	8	GCACATACACCAACCG-2	C4
3.15100300124662e-29	0.865476085835531	0.369	0.067	1.83419884702565e-25	8	CTGGTCTCAATAGCAA-2	C4
3.15663438693029e-29	0.972816575389839	0.261	0.033	1.83747687663212e-25	8	CTAATGGCAATGGACG-2	C4
3.54904321330923e-29	2.26593296003813	0.378	0.071	2.0658980544673e-25	8	CGATGTATCGATCCCT-2	C17
3.61043796889195e-29	1.41103500579762	0.342	0.056	2.101635941692e-25	8	AGGTCATTCACGACTA-2	C4
4.47758180832853e-29	1.60455607152163	0.883	0.392	2.60640037062804e-25	8	CAGGTGCTCTGTCAAG-1	C17
4.94984884282268e-29	1.84572096967267	0.342	0.058	2.88130701140708e-25	8	ATCACGAGTCGGCATC-2	C4
5.48073939275478e-29	0.860064674000783	0.36	0.064	3.19033840052256e-25	8	TCAGCTCTCGTCCAGG-2	C4
5.61260563119245e-29	0.896813288540918	0.324	0.051	3.26709773791712e-25	8	CGTCTACCAAATTGCC-2	C4
5.66304047511897e-29	0.48190165362782	0.874	0.395	3.29645586056675e-25	8	ACGCAGCAGTGTACTC-1	C4
5.83509233337088e-29	1.07676745756124	0.324	0.053	3.39660724725519e-25	8	CGATTGATCACCGGGT-2	C4
9.5940081206806e-29	0.982413810972571	0.315	0.049	5.58467212704818e-25	8	TGGACGCAGAAACCGC-2	C4
1.00622193634658e-28	0.637806713801232	0.288	0.041	5.85721789147347e-25	8	GGCTGGTTCTGAGGGA-2	C4
3.12061320130955e-28	0.929384540296483	0.279	0.039	1.81650894448229e-24	8	GAATGAACAAAGGTGC-2	C4
4.52862768530224e-28	1.70925794627014	0.324	0.053	2.63611417561444e-24	8	ACTTACTAGGAATCGC-2	C17
6.35630085401851e-28	1.28964408485992	0.297	0.046	3.70000272712417e-24	8	CTCGTACAGGAGTACC-2	C4
6.85182265986234e-28	0.467657707641043	0.892	0.541	3.98844597030587e-24	8	TGGACGCCATGTAAGA-1	C4
6.9565376491152e-28	0.950669227359342	0.369	0.07	4.04940056554996e-24	8	GGCGTGTCATGCAATC-2	C4
8.79945521441864e-28	1.14979848776275	0.901	0.452	5.12216288031309e-24	8	GTTCTCGAGTCAATAG-1	C17
9.79018416024313e-28	1.599222746943	0.432	0.097	5.69886619967752e-24	8	TGAAAGACATCTCGCT-2	C17
1.32677211990779e-27	1.00081419325222	0.342	0.061	7.72314050998323e-24	8	CTCTGGTGTGCTGTAT-2	C4
1.51701596623045e-27	1.10269171217905	0.883	0.41	8.83054993942743e-24	8	GTTACAGTCTCGTATT-1	C5
2.30044409731999e-27	1.15119673822995	0.45	0.107	1.33908850904997e-23	8	ATAACGCGTAGAGCTG-2	C4
3.80824376735066e-27	0.465460698775291	0.883	0.431	2.21677869697482e-23	8	ACCTTTATCTGCAAGT-1	C4
4.20282119467013e-27	0.313311544975084	0.883	0.411	2.44646221741748e-23	8	TGACTTTCAGGGATTG-1	C17
5.10244655068195e-27	0.872442489400075	0.315	0.052	2.97013413715196e-23	8	ACACCGGCACGTTGGC-2	C4
7.3412284646448e-27	2.68808905588054	0.351	0.067	4.27332908926974e-23	8	CTTCTCTGTAGCAAAT-2	C17
8.76864200227604e-27	1.02881751330616	0.324	0.056	5.10422650952488e-23	8	AGATCTGAGAGTACCG-2	C4
1.21315264458813e-26	1.02270836323279	0.883	0.403	7.0617615441475e-23	8	ACGAGCCTCCTGCTTG-1	C5
1.75623931605604e-26	0.859151019200644	0.342	0.064	1.02230690587622e-22	8	GGACAGACACCACGTG-2	C4
2.54189625296542e-26	0.542289327686328	0.36	0.07	1.47963780885117e-22	8	AGAGCTTTCGGCCGAT-2	C4
2.84086016905413e-26	0.708579785538519	0.351	0.066	1.65366470440641e-22	8	ATCTGCCTCTTAGCCC-2	C3
3.25233117697067e-26	1.90163913438974	0.378	0.082	1.89318197811463e-22	8	AGCTTGAAGCTGCGAA-2	C17
5.06061509803614e-26	0.899830525862302	0.883	0.447	2.94578404856684e-22	8	GATGAAAGTAGCTTGT-1	C17
6.26304197775428e-26	1.09526138679757	0.36	0.071	3.64571673525076e-22	8	AGATTGCCAGGCAGTA-2	C4
6.54847181357539e-26	0.388375823464506	0.919	0.647	3.81186544268223e-22	8	TGATTCTCAACAAGTA-3	C16
7.08932570348356e-26	0.56501318176784	0.261	0.037	4.12669649199778e-22	8	GGCGACTAGAATGTTG-2	C4
1.97607692268805e-25	0.566452761882339	0.342	0.064	1.15027437669671e-21	8	GGATGTTTCAACACTG-2	C4
2.31376685314582e-25	0.977561132125189	0.315	0.056	1.34684368521618e-21	8	TGCGTGGCAGGTCTCG-2	C4
2.90504945140672e-25	1.04413983133632	0.324	0.059	1.69102928566385e-21	8	TCAGGATAGCTCCCAG-2	C4
2.916834646694e-25	0.578743142898745	0.369	0.076	1.69788944784058e-21	8	CCCATACAGATCCTGT-2	C3
3.70479536509258e-25	0.45595687947283	0.901	0.677	2.15656138202039e-21	8	TAACACGTCCGTATAG-3	C7
3.87101913279155e-25	1.11495644936172	0.874	0.412	2.25332023719796e-21	8	GGACAAGGTAGGCATG-1	C3
3.94280847480335e-25	0.653575056539224	0.883	0.426	2.29510881318303e-21	8	ATCATCTTCACCTCGT-1	C5
4.5700104813716e-25	0.83764762275248	0.378	0.08	2.66020310120641e-21	8	ATGCGATTCGGCATCG-2	C4
4.59626044900179e-25	0.95704347728761	0.333	0.064	2.67548320736394e-21	8	GAATAAGTCCGCATAA-2	C4
4.73840932191588e-25	0.997065575912929	0.288	0.047	2.75822806628723e-21	8	AAAGATGCAGATGAGC-2	C4
5.9201019524718e-25	0.454757445792281	0.333	0.063	3.44609134653383e-21	8	ACTGATGTCACAATGC-2	C4
1.00417031160689e-24	0.355422434827392	0.865	0.409	5.84527538386372e-21	8	CTCTGGTCATCCCATC-1	C5
1.1015397131944e-24	0.622869106953091	0.288	0.048	6.4120626705046e-21	8	ATAAGAGAGCAAATCA-2	C4
1.50553904897538e-24	1.96762204749694	0.369	0.081	8.76374280408572e-21	8	ACGGAGATCTTGAGGT-2	C17
1.63700994462408e-24	1.80530444544663	0.396	0.091	9.52903488765676e-21	8	AGCTCTCTCCGCATAA-2	C17
2.09240620354496e-24	1.04245371194028	0.297	0.052	1.21798965108352e-20	8	CGACCTTGTGCCTGCA-2	C4
3.39906608809359e-24	0.790698793474088	0.892	0.478	1.97859636987928e-20	8	CATGGCGTCCTCAATT-1	C16
5.83901500538226e-24	1.12537580318317	0.333	0.065	3.39889063463301e-20	8	CTAATGGTCTCAACTT-2	C5
7.03864208089004e-24	0.639720909265233	0.36	0.075	4.09719355528609e-20	8	CATGACAAGGAGCGTT-2	C4
1.11216728537909e-23	0.278042687729872	0.874	0.411	6.4739257681917e-20	8	GTCTCGTAGCTAACAA-1	C17
2.80487459347165e-23	1.06848028994892	0.315	0.061	1.63271750085985e-19	8	GTCCTCACATCACGTA-2	C4
3.23745673892684e-23	0.541574007635446	0.883	0.662	1.88452356772931e-19	8	CCTGTTGAGGTCATTC-3	C7
3.39314570150816e-23	0.375291079761297	0.901	0.429	1.9751501128479e-19	8	TCAGCTCTCGGTCTAA-1	C3
4.22876747281128e-23	0.972643928805774	0.306	0.057	2.46156554592345e-19	8	CACACCTGTCCGAGTC-2	C4
5.22331034993959e-23	0.64562314595283	0.306	0.058	3.04048895469983e-19	8	ACCTTTACACTATCTT-2	C4
5.44072537448371e-23	0.883682085855434	0.306	0.059	3.16704624048697e-19	8	CAGTCCTGTATATCCG-2	C4
6.19270371495016e-23	0.374082237054395	0.387	0.091	3.60477283247249e-19	8	AGCGTATGTTAAGTAG-2	C4
6.51919518645811e-23	0.925455721893017	0.892	0.487	3.79482351803726e-19	8	TCTCATAGTGCAACTT-1	C16
7.05230442492154e-23	0.471749935450653	0.333	0.068	4.10514640574683e-19	8	ACGGGTCCAATGGACG-2	C4
7.27261531076162e-23	0.520683352958434	0.856	0.427	4.23338937239434e-19	8	TGTATTCAGGGTATCG-1	C5
9.1362147591072e-23	0.518156038549072	0.901	0.494	5.3181906112763e-19	8	CCTACACCAGGGTTAG-1	C16
1.0697214246458e-22	0.818735435521536	0.324	0.066	6.22684841286322e-19	8	GGACAGAAGCGTGTCC-2	C4
1.13981839703707e-22	0.538105019888592	0.252	0.04	6.63488288915276e-19	8	GTACGTAAGTGTCTCA-2	C4
1.1719440075668e-22	0.81878530527729	0.874	0.435	6.82188606804636e-19	8	ACCAGTATCAGGATCT-1	C17
1.69550148673656e-22	0.513402724713859	0.396	0.095	9.86951415429353e-19	8	CCTTCGAGTGATGTCT-2	C3
1.78935600147021e-22	0.719641623804889	0.892	0.481	1.04158412845581e-18	8	GTTCATTTCGGAGGTA-1	C16
1.83290013824253e-22	0.469555993910261	0.892	0.48	1.06693117047098e-18	8	CTACACCAGGCAGTCA-1	C16
1.94398369133898e-22	0.452199120288419	0.91	0.643	1.13159290672842e-18	8	CAGCACGGTTAAGAAC-3	C16
2.58507153715017e-22	1.28157080216177	0.27	0.047	1.50477014177512e-18	8	CGTGTAACAGACAAGC-2	C5
3.84329420448544e-22	1.48811910271777	0.36	0.08	2.23718155643097e-18	8	GAATAAGTCCCTGACT-2	C4
5.76504702068786e-22	1.80347267655216	0.342	0.076	3.3558338707424e-18	8	CATGCCTTCGGTGTCG-2	C17
8.63547861509935e-22	0.424985149577652	0.865	0.476	5.02671210184933e-18	8	GATCAGTAGTAACCCT-1	C16
1.41126430255714e-21	0.616192333854634	0.838	0.395	8.21496950518511e-18	8	CTCACACTCGCCTGTT-1	C17
1.7513723947751e-21	0.502857189405504	0.865	0.497	1.01947387099859e-17	8	CCCAATCGTACATGTC-1	C16
2.92956942785736e-21	0.514091004656061	0.874	0.49	1.70530236395577e-17	8	GGACAGAAGGGATACC-1	C16
4.56423764603924e-21	0.628038661359306	0.901	0.646	2.65684273375944e-17	8	AGCTACATCGCTCTAC-3	C16
7.69823310700496e-21	1.02263783721844	0.847	0.47	4.48114149158759e-17	8	CGGACGTCAATGCCAT-1	C16
1.55532818470273e-20	0.498007690434582	0.306	0.064	9.05356536315461e-17	8	CTCGTACAGTGATCGG-2	C4
1.55856736451683e-20	0.301748194867925	0.856	0.475	9.07242062885249e-17	8	CTTAGGAAGTGTCCCG-1	C16
2.57097604228324e-20	0.518417820285067	0.838	0.394	1.49656515421307e-16	8	GGTGTTAGTTGTTTGG-1	C17
2.75693200691392e-20	0.919682645755428	0.27	0.051	1.60481012122459e-16	8	CTGGTCTTCTGAGGGA-2	C4
4.32753307870867e-20	0.383082024898377	0.856	0.481	2.51905700511632e-16	8	TAGACCATCCTTGCCA-1	C16
4.40855138158329e-20	0.523510536530569	0.883	0.642	2.56621775921964e-16	8	AACCAACAGATACGAT-3	C16
4.91598745964239e-20	0.534245211306845	0.874	0.484	2.86159630025784e-16	8	AGAGTGGTCGAGAGCA-1	C16
5.5964347832612e-20	2.1201573995566	0.279	0.056	3.25768468733634e-16	8	TTATGCTCACCACGTG-2	C5
1.2464111819756e-19	0.458649096159007	0.865	0.485	7.25535949027996e-16	8	GCGACCAAGATAGTCA-1	C16
1.46995025238608e-19	0.339535295012263	0.847	0.491	8.55658041913937e-16	8	AAGGTTCAGATGAGAG-1	C16
2.29323021321565e-19	0.529455388917766	0.252	0.047	1.33488930711283e-15	8	TACCTTAGTGGAAAGA-2	C4
4.96907884757223e-19	0.445624221144733	0.874	0.634	2.89250079717179e-15	8	TTGAGTGCAAGAGGCT-3	C16
5.85474580389281e-19	0.630300664734675	0.883	0.639	3.408047532446e-15	8	CGTTAGAGTATCCCAA-3	C16
6.32460766109763e-19	0.469602588999995	0.883	0.644	3.68155411952493e-15	8	CCTCACAAGTTGAAGT-3	C16
6.42289145793708e-19	0.791735964282346	0.324	0.075	3.73876511766517e-15	8	CTAAGACCACAGGTTT-2	C17
6.67520992472838e-19	0.716220646503103	0.892	0.664	3.88563969718439e-15	8	AGAACCTTCCGTGCGA-3	C5
7.04829276342852e-19	0.597708043561447	0.288	0.062	4.10281121759174e-15	8	TCGTAGAGTGTGACCC-2	C3
7.9773018272187e-19	0.331005670455359	0.901	0.657	4.64358739362401e-15	8	CACAGGCTCCAACCGG-3	C16
9.54416207709414e-19	0.671121763005741	0.288	0.061	5.5556567450765e-15	8	TTAGGACCAGACGCTC-2	C5
9.65063244680343e-19	0.696028692027352	0.243	0.044	5.61763314728428e-15	8	TTCGAAGAGCAGCGTA-2	C4
1.10627752609072e-18	0.938679580129333	0.279	0.059	6.43964147937407e-15	8	AGCTCTCTCGCATGAT-2	C4
1.21347507918415e-18	0.346901092585414	0.883	0.651	7.06363843593093e-15	8	GATGCTAAGACTCGAG-3	C16
1.55452863122694e-18	1.24414529145793	0.261	0.052	9.048911162372e-15	8	TTGGAACAGTCCCACG-2	C17
1.63007557563653e-18	0.430333501035988	0.883	0.651	9.48866992578025e-15	8	AGGATCTCAGATCATC-3	C16
1.66656256200072e-18	2.13515594651649	0.324	0.08	9.7010606734062e-15	8	CACTCCATCCCACTTG-2	C17
1.69693777313754e-18	0.825272119353881	0.306	0.069	9.87787477743364e-15	8	TGCCAAAGTTGATTGC-2	C5
1.77881362420459e-18	0.298779786727393	0.874	0.642	1.03544741064949e-14	8	CTAACTTAGGTGCCAA-3	C16
1.86025303185437e-18	0.749200930543562	0.225	0.039	1.08285328984243e-14	8	CCATTCGTCGGAGCAA-2	C4
1.94619358225406e-18	0.38666452485782	0.901	0.576	1.13287928423009e-14	8	CCTCAGTAGCACAGGT-1	C13
2.03603048712538e-18	0.604691769752806	0.315	0.073	1.18517334655568e-14	8	TGTGGTACAATGGTCT-2	C5
2.88824052868556e-18	0.336196604512445	0.27	0.056	1.68124481174786e-14	8	TTTGGTTGTGATAAAC-2	C4
2.97906385381139e-18	0.434339549013397	0.829	0.433	1.73411306930361e-14	8	GGACATTAGGAGTAGA-1	C17
5.182650043023e-18	0.576462942027335	0.315	0.075	3.01682059004369e-14	8	GCTGGGTGTCGTCTTC-2	C3
6.30166788410827e-18	2.26927112574033	0.288	0.066	3.66820087533942e-14	8	ATCACGAGTCGTCTTC-2	C17
6.83699004413874e-18	0.408641391530746	0.874	0.638	3.97981190469316e-14	8	CATTTCATCGGTGCAC-3	C16
1.4168063772286e-17	0.327006196697711	0.865	0.639	8.24722992184768e-14	8	ATGTCCCGTGGAGGTT-3	C16
2.13226260296345e-17	0.577263639693293	0.838	0.495	1.24119006118503e-13	8	AGTCTTTGTAAAGGAG-1	C16
2.57907919529214e-17	0.500449431729669	0.865	0.637	1.50128199957956e-13	8	ACATCCCCAGGACGAT-3	C16
3.02485954851577e-17	0.780075681096199	0.27	0.059	1.76077074319103e-13	8	GGCAATTGTTGTACAC-2	C5
6.41066182287707e-17	0.418083881727616	0.829	0.515	3.73164624709674e-13	8	AACTGGTGTCACTTCC-1	C17
6.69308402522807e-17	0.788791328821223	0.27	0.06	3.89604421108526e-13	8	GAACATCGTCTTGCGG-2	C4
7.47222681818663e-17	0.272265642994298	0.865	0.517	4.34958323086644e-13	8	CCTAAAGAGTAAGTAC-1	C16
8.45660713877426e-17	0.635066480272804	0.261	0.056	4.9225910154805e-13	8	GCTGCAGCAACTGGCC-2	C4
8.70108000825728e-17	0.354102886195529	0.27	0.06	5.06489867280656e-13	8	TTCTCAATCTGCAAGT-2	C7
1.70871888140429e-16	0.431587956582422	0.315	0.08	9.94645260865435e-13	8	GGGTTGCAGGGTTCCC-2	C3
2.23993802845857e-16	0.273483714274553	0.279	0.066	1.30386792636573e-12	8	ACGGGTCTCCTGCCAT-2	C4
2.71600899235491e-16	0.607177790462745	0.856	0.638	1.58098883444979e-12	8	TTCACCGCACCCTAGG-3	C16
2.8173474035862e-16	0.604687452654816	0.856	0.647	1.63997792362753e-12	8	TAGACTGCACAATCTG-3	C16
3.58351843239178e-16	0.40012283306416	0.315	0.083	2.08596607949526e-12	8	CTGTTTACACAAGTAA-2	C3
5.51691040751855e-16	0.595163777172484	0.252	0.054	3.21139354821655e-12	8	TACTTACCAGCTTAAC-2	C5
7.02877585130277e-16	0.685275464084431	0.261	0.059	4.09145042304334e-12	8	GCACTCTCAGACACTT-2	C5
9.93303786362496e-16	0.260130485825849	0.847	0.648	5.78202134041609e-12	8	ATCGTCCGTCCAAGAG-3	C16
1.02953181681389e-15	0.547062189753794	0.847	0.652	5.99290470567364e-12	8	CTTAGGAAGCTTTCCC-3	C16
1.14277407187339e-15	0.332428182877441	0.865	0.648	6.652087872375e-12	8	TCCGAAAAGGTAGCCA-3	C16
1.3659858084902e-15	0.515962277914071	0.829	0.677	7.95140339122148e-12	8	AACCATGTCTAACGCA-3	C3
1.68503619766969e-15	0.403426606157309	0.856	0.643	9.80859570663529e-12	8	TAGAGTCAGGTCTACT-3	C16
2.34392140599799e-15	0.850950483630313	0.252	0.057	1.36439665043143e-11	8	CACCACTAGCTAAACA-2	C5
3.53157132294698e-15	0.310549627895075	0.874	0.67	2.05572766708744e-11	8	AATTCCTTCCAAGCCG-3	C7
3.65272995096595e-15	0.381397742465945	0.829	0.633	2.12625410445728e-11	8	GCACGGTCACTTCATT-3	C16
3.86109360364374e-15	0.933798942961938	0.315	0.086	2.24754258668102e-11	8	TGTTCCGTCATGTCCC-2	C5
3.99398751825525e-15	0.685425367171531	0.27	0.066	2.32490013437638e-11	8	GAACGGAAGGCCCTTG-2	C17
4.21821555746255e-15	0.349426026715015	0.856	0.635	2.45542327599895e-11	8	GCAGCCACATTGGATC-3	C16
5.88798042496258e-15	0.583464118986122	0.234	0.05	3.42739340537072e-11	8	GATCGATGTATATGGA-2	C5
6.16662883730113e-15	1.31807937262209	0.225	0.048	3.58959464619299e-11	8	CTACATTTCGAACGGA-2	C5
6.18937528643548e-15	0.718142063012903	0.261	0.063	3.60283535423409e-11	8	CTAGTGAGTCGAGATG-2	C5
8.57146524305635e-15	0.31892469193731	0.802	0.51	4.9894499179831e-11	8	CCGTACTTCCGTTGTC-1	C16
9.7175258255155e-15	1.97659621385803	0.225	0.049	5.65657178303257e-11	8	TACGGATAGCGATCCC-2	C4
1.71197071119074e-14	0.593348049297949	0.234	0.053	9.96538150984132e-11	8	ATAAGAGCACTAGTAC-2	C4
2.22856487456019e-14	0.529869997991687	0.234	0.051	1.29724761348149e-10	8	AAGGCAGAGTGGAGTC-2	C5
2.75379116646706e-14	0.299844457994692	0.892	0.697	1.60298183800048e-10	8	AGGACTTAGGTATCTC-3	C13
3.35894717821917e-14	0.931473854963673	0.243	0.057	1.95524315244138e-10	8	CTGAAGTCATCACGTA-2	C5
3.41610071884018e-14	0.712965934260845	0.261	0.065	1.98851222843687e-10	8	GCAATCAAGGTCATCT-2	C4
4.32251772711916e-13	0.427561391651826	0.865	0.706	2.51613756895606e-09	8	GATTGGTGTACTTGTG-3	C7
4.46926265314374e-13	0.817289703320154	0.252	0.066	2.60155779039497e-09	8	TGCGGGTCACATTCGA-2	C5
5.73118562887531e-13	0.323318265979029	0.856	0.672	3.33612315456832e-09	8	GATCAGTCATGCGTGC-3	C7
6.11465287184423e-13	0.679893027666652	0.198	0.042	3.55933943670053e-09	8	ATTATCCTCTTTCCTC-2	C5
1.66751928225273e-12	0.886723922922697	0.252	0.068	9.70662974199316e-09	8	ACCAGTAGTCCTCTTG-2	C4
2.49638848882688e-12	1.25638977386362	0.234	0.061	1.45314773934612e-08	8	GATCGCGTCAACACCA-2	C17
3.66537526424975e-12	0.331616878671273	0.243	0.064	2.13361494131978e-08	8	TGGGAAGCAGTAAGAT-2	C5
3.7649048314251e-12	0.392397749040266	0.243	0.065	2.19155110237255e-08	8	GACGGCTCACGACTCG-2	C5
3.77669426136608e-12	0.669309328764848	0.279	0.083	2.19841372954119e-08	8	CTCATTATCTGAAAGA-2	C4
1.98898462351985e-11	0.303199798026542	0.216	0.054	1.15778794935091e-07	8	CCTAAAGAGCTAGGCA-2	C5
3.63977768414593e-11	0.853777501018943	0.198	0.049	2.11871458994134e-07	8	CACAGTATCGGAATCT-2	C5
6.86533511928495e-11	0.742375956616951	0.198	0.05	3.99631157293577e-07	8	GAGGTGACACAGACAG-2	C5
9.03506245989364e-11	0.879476508434996	0.198	0.05	5.25930985790409e-07	8	AGGGAGTGTCAGAATA-2	C17
1.10686224007749e-10	0.459481378263052	0.225	0.062	6.4430450994911e-07	8	TCACGAACACTTAACG-2	C7
1.50547078549008e-10	0.572431055900178	0.261	0.08	8.76334544233776e-07	8	CGAATGTCACATCTTT-2	C3
1.5593982999514e-10	0.811528743368283	0.18	0.043	9.07725750401711e-07	8	TTCCCAGAGATGTAAC-2	C4
2.6729940897842e-10	1.60712791584086	0.829	0.519	1.55594985966338e-06	8	TAGACCACAAGAAGAG-1	C16
2.97752987656394e-10	0.489829830479602	0.225	0.065	1.73322014114787e-06	8	CAACTAGAGCTGAAAT-2	C4
5.38210900808073e-10	0.479718601651393	0.216	0.061	3.13292565360379e-06	8	CCAATCCAGCACGCCT-2	C4
5.93714017852516e-10	0.528966273995425	0.252	0.08	3.4560092979195e-06	8	GCGACCAAGGATGGTC-2	C4
8.45321183777504e-10	0.81860560686561	0.216	0.063	4.92061461076885e-06	8	TCGGGACGTTGATTGC-2	C5
2.2342854849727e-09	0.574887726505549	0.207	0.06	1.30057758080261e-05	8	GGCGTGTCACGACGAA-2	C4
2.4296657488162e-09	1.06964341060294	0.207	0.061	1.41430843238591e-05	8	ATGGGAGAGTGTTAGA-2	C17
2.62386173586374e-09	0.525688235151806	0.856	0.643	1.52734991644628e-05	8	TTAATCCGTCGTTGGC-3	C22
4.24406357605315e-09	0.574801235917096	0.207	0.061	2.47046940762054e-05	8	GATCGATCACATTAGC-2	C5
4.68078950242468e-09	0.292692448275946	0.847	0.54	2.72468756936141e-05	8	CTTGGCTCATATACGC-1	C13
5.2388703713533e-09	1.61301253643651	0.189	0.055	3.04954644316475e-05	8	GCCTCTACAGTAAGAT-2	C5
7.76191474297627e-09	0.694050426677909	0.189	0.054	4.51821057188649e-05	8	GACTGCGCAATCACAC-2	C5
8.09470746605421e-09	1.21049093221227	0.207	0.064	4.71192921599015e-05	8	GTCATTTTCCACGCAG-2	C17
1.56727577755417e-08	1.0763193805156	0.198	0.06	9.12311230114282e-05	8	ACACCCTTCCGCGGTA-2	C17
1.8435515168209e-08	0.552111792750318	0.18	0.051	0.000107313133794144	8	AAGTCTGAGGTGCTAG-2	C4
2.66000858834368e-08	0.678692831048013	0.802	0.497	0.000154839099927486	8	GATGCTACACCATCCT-1	C16
3.01591044520626e-08	0.357053428667367	0.243	0.086	0.000175556147015456	8	CGAATGTAGGATGGTC-2	C5
3.21233994854293e-08	0.501698023538794	0.198	0.061	0.000186990308404684	8	CGACCTTTCACTGGGC-2	C5
8.54507838005035e-08	0.53498183892124	0.189	0.059	0.000497409012502731	8	CATCAGATCTGAAAGA-2	C5
8.91133449087623e-08	0.559164977323021	0.243	0.09	0.000518728780713905	8	TTAGGCATCTATCCTA-2	C9
1.78626564562063e-07	0.380424444771684	0.198	0.066	0.00103978523231577	8	ACGGCCATCGTTTGCC-2	C5
1.96407516107827e-07	0.315669003517146	0.198	0.065	0.00114328815126366	8	AATCCAGAGGTGCTTT-2	C5
1.99287541961494e-07	0.415471967652568	0.252	0.095	0.00116005278175786	8	GGACAAGTCTACTCAT-2	C17
3.16035300379269e-07	0.376424384895366	0.243	0.094	0.00183964148350773	8	CACATTTGTACATGTC-2	C5
3.55058631032726e-07	1.75087279664095	0.82	0.498	0.0020667962912415	8	GCGAGAAAGGCGTACA-1	C16
3.94790232578482e-07	0.372951955660077	0.207	0.074	0.00229807394383935	8	GGAAAGCAGATCACGG-2	C5
7.9614424236464e-07	0.297267373441667	0.162	0.05	0.00463435563480457	8	CAGCTGGCAGTAACGG-2	C9
9.7895649438083e-07	0.470163236023713	0.207	0.074	0.00569850575379081	8	TGAGCCGAGTGTTTGC-2	C9
9.81848422651685e-07	0.819527242588876	0.153	0.047	0.00571533966825546	8	CTCTGGTAGTGATCGG-2	C4
1.2315205826951e-06	0.422424729173977	0.162	0.051	0.00716868131186819	8	ACTGATGTCTTGAGGT-2	C5
1.81181606404169e-06	0.631219387654436	0.135	0.039	0.0105465813087867	8	GATTCAGAGGCGTACA-2	C4
2.33995601135611e-06	0.439860112218993	0.162	0.053	0.0136208839421039	8	AACCATGCACGTCAGC-2	C5
3.13128524292203e-06	0.276264751840668	0.144	0.044	0.0182272113990491	8	GTACTTTGTTGTCGCG-2	C5
3.34403728298e-06	0.374121215322591	0.162	0.054	0.0194656410242266	8	GGGAGATCACAAGTAA-2	C5
6.76154747246787e-06	1.5651271726721	0.802	0.47	0.0393589678372354	8	CTCTAATTCGTCCAGG-1	C16
