p_val	avg_log2FC	pct.1	pct.2	p_val_adj	geneCluster	cell	cellType
2.26102296681343e-39	2.1656417198097	0.313	0.045	1.3161414689821e-35	4	ATGTGTGCAACACGCC-2	C18
1.6489054962367e-32	1.27034850759427	0.282	0.045	9.59827889359381e-29	4	GTTTCTAAGTCGAGTG-2	C18
3.70784070741778e-32	0.284711800011637	0.883	0.703	2.15833407578789e-28	4	CCTCTCCGTACTCCCT-3	C18
5.04504092003869e-32	0.402573973507579	0.847	0.366	2.93671831955452e-28	4	GTCTTCGTCCCTGACT-1	C18
4.65185842912178e-30	1.94161566088615	0.313	0.059	2.70784679159179e-26	4	TCTCTAAGTCGTTGTA-2	C18
5.93857409804077e-30	1.42646924054417	0.276	0.046	3.45684398246953e-26	4	GGCAATTCACCCAGTG-2	C18
1.1646111291319e-29	0.467196464441226	0.89	0.702	6.77920138267682e-26	4	AGCTACACATGCCATA-3	C7
1.67728693562516e-29	0.870107246659782	0.282	0.049	9.76348725227408e-26	4	AACTCTTGTACTTAGC-2	C6
2.30553524866749e-29	0.296675908024224	0.871	0.647	1.34205206824935e-25	4	TCTTCCTTCCACTGAA-3	C7
6.30582017765665e-29	2.2655737249888	0.294	0.056	3.67061792541393e-25	4	GACACGCTCGGCGGTT-2	C18
1.03264238611375e-28	0.25399141458407	0.816	0.381	6.01101132956816e-25	4	ACTGCTCCACGAAACG-1	C7
4.62994017749988e-28	0.307765895524871	0.896	0.691	2.69508817732268e-24	4	TAGTGCAGTAAGCTCT-3	C7
5.13582073029196e-28	2.50588338801177	0.239	0.038	2.98956124710295e-24	4	CCACCTAGTACTTGAC-2	C18
3.10920423615026e-27	0.281110338992026	0.853	0.671	1.80986778586307e-23	4	GACTCTCCATCGATCA-3	C7
1.11971121603735e-26	2.00693393494573	0.258	0.046	6.51783898855341e-23	4	ATGTGTGGTTGTGGAG-2	C18
1.3829456411245e-26	0.676174954439703	0.828	0.364	8.05012657698569e-23	4	GTGAAGGTCCGTCAAA-1	C18
1.98801183831348e-26	0.428376611610243	0.288	0.057	1.15722169108228e-22	4	CAGCAGCAGGTGCTTT-2	C18
2.17732153867998e-26	0.625504686072775	0.828	0.368	1.26741886766562e-22	4	CAGTAACGTTCTGGTA-1	C18
3.70711139506429e-26	0.526933712041644	0.81	0.349	2.15790954306692e-22	4	GTCCTCATCGTTTGCC-1	C18
3.78094045225355e-26	0.517709378934734	0.313	0.067	2.20088543725679e-22	4	AAAGTAGCATCAGTCA-2	C6
7.65426347354551e-26	0.442880282396552	0.233	0.038	4.45554676795084e-22	4	AGGGTGAAGTGAACAT-2	C7
6.78886147380691e-25	2.6138461706995	0.264	0.053	3.951796263903e-21	4	CACACTCAGGAGCGTT-2	C18
6.85609494419713e-25	0.572822093888316	0.859	0.634	3.99093286701715e-21	4	TCTACCGCATGATCTG-3	C7
1.00925731189256e-24	0.268329030876368	0.89	0.694	5.87488681252659e-21	4	TATGTTCTCTCGTTTA-3	C7
1.01223469083008e-24	0.559342291871951	0.84	0.657	5.8922181353219e-21	4	ACACGCGCAACAGCTT-3	C7
1.02102018150638e-24	0.716044495287478	0.276	0.056	5.94335847654866e-21	4	ATCTGCCAGCCTATGT-2	C7
1.98582284496002e-24	0.849757742681439	0.847	0.675	1.15594747805123e-20	4	TGGTGATAGCCGATAG-3	C7
3.09477833085652e-24	1.79934039526579	0.252	0.049	1.80147046639158e-20	4	GAGCAGATCTTAGAGC-2	C18
6.1934227577361e-24	0.890530937197958	0.239	0.044	3.60519138727818e-20	4	CATTATCCAAATTGCC-2	C18
6.58414136393727e-24	1.80876438059996	0.791	0.335	3.83262868794789e-20	4	AACTCTTAGCCCAATT-1	C18
7.60815451504606e-24	0.525723058789112	0.804	0.355	4.42870674320831e-20	4	CTTTGCGTCAGTTCGA-1	C18
8.96260039492604e-24	0.41562453124308	0.871	0.696	5.21712968988645e-20	4	GCTGAATAGACGGTTG-3	C7
1.51922070263715e-23	1.04003992491926	0.239	0.045	8.84338371005083e-20	4	GAGGTGATCGACGGAA-2	C18
1.93572042708116e-23	0.598929888247953	0.84	0.67	1.12678286060394e-19	4	CTTCCTTTCATCTATC-3	C7
2.14210275340476e-23	0.778889585968906	0.816	0.396	1.24691801275691e-19	4	ATCATGGGTAGCGCTC-1	C7
2.72915653449196e-23	0.744169338402254	0.798	0.347	1.58864201872777e-19	4	AAATGCCTCTTGAGGT-1	C18
2.92727449487699e-23	0.397536204081031	0.853	0.686	1.7039664834679e-19	4	GTTACCCAGAGTCTGG-3	C7
3.65790193545247e-23	2.64889538782511	0.227	0.041	2.12926471662688e-19	4	CTCGTACCATTATCTC-2	C18
5.95708658474297e-23	0.894079796138616	0.239	0.046	3.46762010097888e-19	4	TTGCCGTCAGGCTGAA-2	C18
6.74078464474333e-23	0.594985319050284	0.791	0.403	3.92381074170509e-19	4	CGGAGCTGTCACCCAG-1	C6
6.93319673028179e-23	0.335303044931633	0.773	0.339	4.03581381669703e-19	4	TGCGTGGAGCATCATC-1	C7
7.44970153718731e-23	1.16657750894618	0.252	0.051	4.33647126479673e-19	4	CACCACTGTTTGTTTC-2	C18
9.53822708814794e-23	1.12262120620817	0.239	0.046	5.55220198801091e-19	4	ACACCGGCAAAGGTGC-2	C18
1.03046828198708e-22	1.85695899513856	0.233	0.045	5.99835586944681e-19	4	TTTGTCAGTGCACGAA-2	C18
1.03797714293056e-22	0.731831764132679	0.221	0.039	6.04206494899879e-19	4	CAGAATCCAAGTCATC-2	C18
1.21475823979333e-22	0.780333521022085	0.865	0.692	7.071107713837e-19	4	CCTTTGGTCCCAGGCA-3	C7
1.42307340429022e-22	1.23023770901507	0.773	0.339	8.28371028637335e-19	4	CCGGTAGCATTATCTC-1	C18
1.53462171943761e-22	0.346596140619425	0.798	0.386	8.9330330288463e-19	4	CGACTTCCAAGTTAAG-1	C18
1.57701394222763e-22	0.461234199588176	0.871	0.697	9.17979815770704e-19	4	TGGGTTATCCGTGGTG-3	C7
1.62289642817077e-22	0.332391011728424	0.865	0.674	9.44688010838205e-19	4	GGGTAGAAGTCATTGC-3	C1
2.11339050462346e-22	0.464639878920657	0.804	0.39	1.23020461274132e-18	4	TATCAGGTCAAAGTAG-1	C18
2.49652124124827e-22	0.382219031641264	0.245	0.047	1.45322501453062e-18	4	CGGACTGCATCATCCC-2	C7
3.22051702575303e-22	0.597735163516491	0.81	0.43	1.87466296069084e-18	4	ATCATCTCAATGGAGC-1	C6
3.4515387213191e-22	0.959820026371923	0.233	0.045	2.00914068967985e-18	4	GGTGAAGAGATGAGAG-2	C7
9.70462373910997e-22	0.287228845111996	0.785	0.382	5.64906147853591e-18	4	ATTTCTGAGTTATCGC-1	C18
1.06898180532973e-21	0.298658849772311	0.834	0.669	6.22254308882434e-18	4	TTTACGTCAAGAGATT-3	C7
1.24253990836772e-21	0.346749891985052	0.215	0.039	7.2328248066085e-18	4	AACACGTAGTATTGGA-2	C18
1.32373709932982e-21	1.29211899797739	0.221	0.041	7.70547365519887e-18	4	AGGTCCGGTATAAACG-2	C18
1.45645208397719e-21	0.516368862109922	0.245	0.051	8.47800758083125e-18	4	CCACCTAGTGTTGGGA-2	C6
1.50922259591606e-21	0.283132024460387	0.834	0.617	8.78518473082738e-18	4	CTGCATCAGGACTAAT-3	C6
1.89100712115489e-21	1.14246827518005	0.239	0.049	1.10075524522426e-17	4	TGGTTCCTCACATGCA-2	C18
2.18168236788277e-21	0.463404187838286	0.828	0.694	1.26995730634456e-17	4	GACTCTCCAGGTATGG-3	C7
2.32580679781122e-21	0.285315576246746	0.859	0.683	1.35385213700591e-17	4	TCGCTTGCACCTCTGT-3	C7
3.33061379158482e-21	0.433067628402545	0.828	0.665	1.93875028808153e-17	4	AGTGCCGTCTCGCCTA-3	C7
4.84913666379502e-21	0.580829485064753	0.209	0.038	2.82268245199508e-17	4	GGCTGGTTCTGATTCT-2	C18
5.73482147957159e-21	0.27989780566061	0.859	0.656	3.33823958325862e-17	4	GGGTCTGGTACCTTCC-3	C1
6.66457251890526e-21	0.695489611012703	0.245	0.053	3.87944766325475e-17	4	CCGTACTAGACTTGAA-2	C18
7.50631501130357e-21	1.48834514446992	0.221	0.044	4.36942596807981e-17	4	AAGGAGCAGATCGATA-2	C18
1.01286095827022e-20	1.43346457055253	0.233	0.047	5.89586363809093e-17	4	CGAGCCAGTGAAGGCT-2	C18
1.18351788120844e-20	0.458575280006754	0.847	0.687	6.88925758651432e-17	4	TTTGACTGTGGGATTG-3	C7
2.02068198613814e-20	0.435836687525133	0.853	0.667	1.17623898413101e-16	4	AGCTCAAAGCACTTTG-3	C7
2.85393502390923e-20	1.38771408779437	0.767	0.35	1.66127557741756e-16	4	CTGCGGAAGAAAGTGG-1	C18
5.24060768211071e-20	0.561728969595415	0.742	0.312	3.05055773175664e-16	4	CATCGGGTCGGCGGTT-1	C7
8.6860290609425e-20	0.44090269750673	0.773	0.378	5.05613751637463e-16	4	AGTGTCAAGTGAATTG-1	C6
9.56601691102714e-20	0.714680793300732	0.411	0.136	5.5683784439089e-16	4	CCTACCATCGTTTAGG-2	C15
1.08543651585473e-19	0.49068584546199	0.209	0.04	6.3183259587904e-16	4	TCTTTCCAGTTCCACA-2	C18
1.22121997909012e-19	0.468813160441168	0.245	0.054	7.10872149828361e-16	4	TACCTTAAGAGAGCTC-2	C6
1.40584077656858e-19	0.323411356631592	0.264	0.063	8.1833991604057e-16	4	TGGGCGTCAGGATTGG-2	C7
1.42455479526861e-19	0.384912436221857	0.865	0.689	8.29233346325855e-16	4	CATCCGTGTGATAGAT-3	C10
1.89825713598624e-19	1.07142103206617	0.202	0.039	1.10497547885759e-15	4	CCACGGATCCGAGCCA-2	C6
2.07684043446468e-19	0.447878150586577	0.227	0.047	1.20892881690189e-15	4	TTAGTTCGTTGGTTTG-2	C7
2.20310140518756e-19	1.19985224651661	0.276	0.07	1.28242532795968e-15	4	TTGGCAAAGGATGGTC-2	C18
2.54933998576373e-19	0.932409462390759	0.184	0.032	1.48397080571307e-15	4	CAAGGCCAGTGAAGTT-2	C6
2.65140170477017e-19	0.47256323886744	0.847	0.673	1.54338093234672e-15	4	GCTTGGGGTGTACGCC-3	C6
3.02367909498136e-19	0.250752934423839	0.871	0.714	1.76008360118865e-15	4	AGAACCTAGTAGCTCT-3	C0
3.3014273783131e-19	0.29939219723248	0.221	0.046	1.92176087691605e-15	4	CATCGGGCAATAAGCA-2	C6
3.40156110383946e-19	0.441947436248463	0.791	0.491	1.98004871854495e-15	4	GCGACCACAGGTCCAC-1	C6
3.65354469029997e-19	0.265035985524561	0.761	0.382	2.12672836422361e-15	4	CAGGTGCAGGAGCGAG-1	C18
3.69192327373647e-19	0.408957400347026	0.748	0.348	2.149068537642e-15	4	GTCTTCGCAATGGAGC-1	C6
3.87723786991736e-19	0.52934743638497	0.252	0.059	2.2569401640789e-15	4	GTTCTCGTCACCACCT-2	C7
6.05863136147702e-19	1.24177803977337	0.227	0.05	3.52672931551577e-15	4	ACGCCGATCTTGCCGT-2	C18
7.26735659984928e-19	0.610019052779996	0.215	0.044	4.23032827677227e-15	4	CTGAAGTTCAGCGATT-2	C7
7.99602981657722e-19	0.571711402396736	0.736	0.359	4.6544889562296e-15	4	CGCTATCTCCCAACGG-1	C6
8.29442112678631e-19	2.03930041619727	0.215	0.046	4.82818253790231e-15	4	TCCCGATGTCTGGTCG-2	C18
1.13573868623059e-18	0.251929105924314	0.84	0.665	6.61113489254828e-15	4	CATTCTACATCCTAAG-3	C7
1.16346422971415e-18	0.586415692411054	0.215	0.045	6.7725252811661e-15	4	TATTACCCAAGAGGCT-2	C6
2.36833163776003e-18	0.340321972332618	0.748	0.36	1.37860584634011e-14	4	GTCGGGTTCATGTCTT-1	C7
2.7320052949327e-18	0.261464811804909	0.436	0.161	1.59030028218033e-14	4	GGGATGACAGAAGCAC-2	C15
2.78381175213065e-18	0.992430710121459	0.172	0.03	1.62045682091525e-14	4	CTACACCCACAAGTAA-2	C6
3.21921521280706e-18	0.892573505249121	0.202	0.041	1.87390517537499e-14	4	AGGCCACAGGTAGCTG-2	C6
3.7768697051689e-18	0.529823723531167	0.822	0.69	2.19851585537882e-14	4	ACGGTTAGTAGGAGTC-3	C7
3.79669190138221e-18	0.554538668147509	0.761	0.383	2.21005435579458e-14	4	CGCTATCTCCACGCAG-1	C18
3.86358125699928e-18	0.270505778123377	0.804	0.665	2.24899064969928e-14	4	GATTCTTTCCTTCTTC-3	C7
7.9065850822353e-18	2.61052858014224	0.227	0.054	4.60242317636917e-14	4	CAACCAAGTTTAAGCC-2	C18
8.34096417043464e-18	0.29822721594909	0.202	0.041	4.85527524361e-14	4	AGCTCTCAGGATGGTC-2	C7
8.88858121393072e-18	0.283921496521215	0.245	0.059	5.17404312462907e-14	4	TGGGAAGCAGGTGGAT-2	C7
9.11456948408506e-18	0.917239707468889	0.828	0.687	5.30559089668591e-14	4	TTAGGCAGTTAGCGGA-3	C6
1.41875229727718e-17	0.289854239150942	0.221	0.05	8.25855712245047e-14	4	ACTTGTTTCACCGGGT-2	C6
1.4463509103675e-17	0.56740300022806	0.834	0.696	8.41920864924923e-14	4	TCTATACTCTAGTGAC-3	C7
2.05083511919774e-17	0.980945305217248	0.215	0.048	1.193791122885e-13	4	CGGTTAACAGGGAGAG-2	C7
2.56781027365969e-17	1.5910923963443	0.227	0.054	1.4947223602973e-13	4	GATCTAGCAAGACACG-2	C18
2.83097974963985e-17	0.817158181114968	0.724	0.355	1.64791331226536e-13	4	AGATCTGAGTACGCGA-1	C6
5.99812734073017e-17	0.578056875283587	0.724	0.327	3.49150992503903e-13	4	CCTTTCTTCAGGTAAA-1	C7
6.94245917823008e-17	0.40131071209992	0.828	0.692	4.04120548764773e-13	4	GTCAAACGTTAGGGTG-3	C6
7.57836807701874e-17	0.778497755116061	0.712	0.36	4.41136805763261e-13	4	CAAGTTGCACATAACC-1	C6
7.84944721289723e-17	0.358728120509798	0.221	0.051	4.56916322262748e-13	4	GTGCGGTTCTTGGGTA-2	C7
1.04552793596201e-16	1.24605839055567	0.773	0.432	6.08601811523488e-13	4	GGGATGATCTGCTGCT-1	C6
1.27475964882277e-16	0.334367647254471	0.748	0.346	7.42037591579737e-13	4	GATCGTATCCGCATCT-1	C7
1.5717347173621e-16	0.368460463504859	0.221	0.052	9.14906778976481e-13	4	AGCTTGATCGGCTTGG-2	C7
2.33109871355534e-16	0.591809213856239	0.172	0.033	1.35693256116056e-12	4	CACACCTCATAGTAAG-2	C6
2.71558109621931e-16	0.422487432413131	0.81	0.658	1.58073975610926e-12	4	GATCGTATCTCGGGAC-3	C7
3.34172797963746e-16	1.65689485361273	0.258	0.073	1.94521985694696e-12	4	TCGCGAGTCACATGCA-2	C18
5.11038114036844e-16	0.28263421789709	0.209	0.049	2.97475286180847e-12	4	CTCGTCAAGGGTTCCC-2	C6
5.78442120060788e-16	0.351237380740698	0.19	0.041	3.36711158087385e-12	4	ATCTACTCAGTCAGAG-2	C6
5.85995056880957e-16	1.89055020096075	0.221	0.056	3.41107722610405e-12	4	GTATTCTGTCACAAGG-2	C18
5.88858346790352e-16	0.850965226454317	0.221	0.054	3.42774443666664e-12	4	CAGCCGAGTGTGGTTT-2	C7
6.72741454418629e-16	0.927508332258623	0.19	0.041	3.91602800617084e-12	4	AGTCTTTCAGATGAGC-2	C6
7.74208686205095e-16	0.581251722017766	0.81	0.702	4.50666876239986e-12	4	CTCACTGGTAGATTGA-3	C6
8.60375108251016e-16	0.45909575174459	0.184	0.039	5.00824350512916e-12	4	TGCCCTAGTCAATACC-2	C18
1.07938826685375e-15	0.391153139394853	0.258	0.072	6.28311910135569e-12	4	GTACGTAGTCTGCAAT-2	C7
1.21080852520908e-15	1.03347298601547	0.202	0.047	7.04811642524206e-12	4	GTTCTCGGTCGTGGCT-2	C18
1.29744606122793e-15	0.374678939559291	0.209	0.05	7.55243352240776e-12	4	CGGACACGTGTGGTTT-2	C7
1.54480957616073e-15	0.472398408762477	0.718	0.389	8.99233654283162e-12	4	GATCGCGGTACAGCAG-1	C6
2.02221985796621e-15	1.22154569694729	0.178	0.038	1.17713417932213e-11	4	CTCATTATCAGTCAGT-2	C18
2.03809270055365e-15	0.434616171397602	0.221	0.056	1.18637376099228e-11	4	CAGCATAGTATCACCA-2	C6
2.8165277047504e-15	0.319441356510657	0.706	0.318	1.63950077693521e-11	4	ATCACGATCATACGGT-1	C7
3.61057191592264e-15	0.350911347658216	0.798	0.675	2.10171391225857e-11	4	GGGACTCAGCTCCCTT-3	C7
5.47852692240878e-15	0.880881638970243	0.239	0.066	3.18905052153415e-11	4	ACGGGCTAGGGATGGG-2	C6
5.94673285919052e-15	0.593093471389349	0.196	0.047	3.4615931973348e-11	4	TAGACCACAACCGCCA-2	C18
6.08638291159522e-15	0.600752100459348	0.736	0.371	3.54288349283958e-11	4	GGCGTGTGTTAAGAAC-1	C6
7.98670196107144e-15	0.267036523046796	0.84	0.658	4.64905921153969e-11	4	AGATGAAAGCGACTGA-3	C19
8.46806359116393e-15	0.315402962490948	0.687	0.343	4.92925981641653e-11	4	TGATTTCGTGTTTGGT-1	C6
9.89438633733188e-15	1.25130452529589	0.184	0.042	5.75952228696089e-11	4	TTTGGTTAGAGACTTA-2	C18
1.05998306929149e-14	0.372110594624348	0.706	0.312	6.17016144634576e-11	4	CCTAAAGCAATGAAAC-1	C7
1.16438641429003e-14	0.72994229914839	0.221	0.059	6.77789331758228e-11	4	CGGACGTCATCATCCC-2	C6
1.19812731893355e-14	0.691106479290697	0.681	0.29	6.97429912351218e-11	4	CTACGTCAGGCATTGG-1	C7
1.58981706254948e-14	0.58920861788678	0.221	0.059	9.25432512110050e-11	4	TTTGCGCTCCTGCCAT-2	C7
1.71332282583277e-14	0.35989600403049	0.693	0.323	9.97325216917258e-11	4	TAAACCGTCAAACCAC-1	C6
1.90488946745071e-14	0.384937633574838	0.699	0.317	1.10883615900306e-10	4	CATGGCGGTGATGTCT-1	C7
2.15111376079269e-14	0.280297761651987	0.785	0.635	1.25216332015743e-10	4	TATACCTAGGCAATGC-3	C6
2.16895869744577e-14	0.450823408214343	0.282	0.088	1.26255085778318e-10	4	TGTGTTTCAGACGCAA-2	C6
2.46565046429251e-14	0.807454439220949	0.19	0.045	1.43525513526467e-10	4	GGTATTGGTCCAAGTT-2	C7
3.0175900159701e-14	0.719870533041392	0.196	0.047	1.7565391482962e-10	4	GCACATACATCACGAT-2	C7
3.06969274114747e-14	0.31671075004894	0.27	0.084	1.78686814462194e-10	4	GATCTAGAGTGGTCCC-2	C6
3.08283804714102e-14	0.45001465021261	0.258	0.077	1.79452002724079e-10	4	CGTCAGGAGATGTCGG-2	C7
3.20904511095721e-14	0.297645895344527	0.687	0.274	1.86798515908819e-10	4	CCTTTCTCAAGCGCTC-1	C7
3.37278288510608e-14	1.71449356030154	0.16	0.033	1.96329691742025e-10	4	AGGGATGGTCAGAATA-2	C6
3.46442206482681e-14	0.447759667783451	0.798	0.622	2.01664008393568e-10	4	GTGCTTCCACGCTTAA-3	C7
4.15909379137513e-14	1.18736487388117	0.221	0.06	2.42100849595946e-10	4	GTGGGTCTCCGCTGTT-2	C18
4.71085479545152e-14	0.284527739352266	0.712	0.365	2.74218857643233e-10	4	CCTACCATCACTCCTG-1	C6
4.82127784268939e-14	0.510583192880082	0.798	0.675	2.80646583222949e-10	4	GTTCGCTAGCACTCGC-3	C7
5.21359196449797e-14	0.568501777641185	0.19	0.046	3.03483188253427e-10	4	ACTATCTGTCTTCAAG-2	C6
5.57555031654221e-14	0.382210402415459	0.209	0.054	3.24552783925922e-10	4	ATAGACCCACAGCGTC-2	C6
7.24417900252629e-14	0.821602410902979	0.233	0.066	4.21683659737055e-10	4	CTCATTAAGGACTGGT-2	C6
7.88900434609759e-14	0.39101304226511	0.196	0.05	4.5921894298634e-10	4	GGGAATGCAACAACCT-2	C6
1.0442300632178e-13	0.640293430911312	0.779	0.625	6.07846319799083e-10	4	CTACCCAGTTTCTATC-3	C6
1.05145819827873e-13	1.16782558164969	0.239	0.07	6.12053817218049e-10	4	ATAAGAGTCGATAGAA-2	C18
1.20719595671384e-13	0.290714856232767	0.184	0.045	7.02708766403127e-10	4	GTCAAGTGTAAGTGTA-2	C6
1.2850136791896e-13	0.854633676363221	0.202	0.053	7.48006462656267e-10	4	CAAGAAAAGCCAGTAG-2	C7
1.30347736561987e-13	0.507276947634496	0.184	0.044	7.58754174527325e-10	4	AGAGCTTCATCAGTCA-2	C18
1.45867153233304e-13	1.16389421254378	0.706	0.369	8.49092698971065e-10	4	AGGCCACGTGTGGCTC-1	C6
1.83253577118827e-13	0.422441665705919	0.184	0.045	1.06671907240869e-09	4	CTGCCTACAGCCTTGG-2	C6
2.00024164839919e-13	0.388545854345048	0.221	0.061	1.16434066353317e-09	4	CTAACTTCAAACGCGA-2	C7
2.03648072097377e-13	0.545482544902173	0.239	0.072	1.18543542767883e-09	4	ACAGCTACAGACGCCT-2	C6
2.12801360830428e-13	0.310701624600922	0.687	0.357	1.23871672139392e-09	4	GACTAACCACCTCGTT-1	C6
2.39807188408836e-13	0.516018053537195	0.736	0.439	1.39591764372783e-09	4	GATGAGGCAGGTGCCT-1	C9
2.79626496806432e-13	0.540924962117739	0.196	0.051	1.62770583791024e-09	4	CATCCACTCGCGATCG-2	C6
3.13832941264067e-13	0.699267389000512	0.153	0.033	1.82682155109813e-09	4	GACAGAGTCTCAAACG-2	C6
3.53049271217249e-13	0.34476973794936	0.196	0.051	2.05509980775561e-09	4	GACTAACAGCAGCGTA-2	C6
3.58451233578797e-13	0.37415875071258	0.215	0.059	2.08654463066217e-09	4	TACCTATCACGGCGTT-2	C7
3.62000719966806e-13	0.755646207522534	0.202	0.055	2.10720619092678e-09	4	TTCGAAGGTTCTGTTT-2	C18
3.73380175506053e-13	0.522467985243346	0.209	0.057	2.17344600162073e-09	4	TGCGTGGGTAGGGACT-2	C6
3.74755745209853e-13	0.347886955249348	0.816	0.657	2.18145319286656e-09	4	GGGCTACGTAGCTGCC-3	C19
4.39216342886302e-13	0.908924943059054	0.233	0.069	2.55667833194117e-09	4	ACTGCTCTCATCGCTC-2	C7
4.73291129724187e-13	0.267910479917815	0.184	0.046	2.75502766612449e-09	4	TTCCCAGTCTGCTGCT-2	C6
4.96291382621414e-13	0.631185892343891	0.153	0.033	2.88891213823925e-09	4	GTGGGTCGTGTGACGA-2	C7
5.67428436620287e-13	0.328414645484319	0.196	0.052	3.30300092956669e-09	4	GCGGGTTCAGTATGCT-2	C6
7.27777633660987e-13	0.453901777710352	0.773	0.46	4.2363936055406e-09	4	CTGCTGTCAATCTACG-1	C12
7.90407584208065e-13	0.474861404610846	0.196	0.053	4.60096254767514e-09	4	CGATCGGGTGCCTGTG-2	C18
1.0922374024608e-12	0.950633504151944	0.19	0.051	6.3579139197243e-09	4	GACTAACCATAGGATA-2	C18
1.09962047844244e-12	0.764056196678351	0.184	0.048	6.40089080501344e-09	4	TACCTTAGTTACGTCA-2	C7
1.10437678592835e-12	0.301313923988275	0.221	0.064	6.42857727088893e-09	4	CCACGGACATCTACGA-2	C6
1.25819632088634e-12	0.776699953417625	0.233	0.072	7.32396078387937e-09	4	CATTCGCTCGCCATAA-2	C7
1.26507300386335e-12	0.463304558758972	0.196	0.053	7.36398995548855e-09	4	CGATCGGCACCTGGTG-2	C7
2.473564286571e-12	0.953248356409624	0.166	0.041	1.43986177121298e-08	4	TTAGGCAAGCAGGTCA-2	C6
2.48673243202851e-12	0.259172489236029	0.681	0.311	1.4475269486838e-08	4	AGTTGGTTCTTGAGAC-1	C7
2.96426711697099e-12	0.5977643600521	0.166	0.04	1.72549988878881e-08	4	CTGGTCTTCCTGCAGG-2	C7
3.80623376817562e-12	0.891582012483578	0.19	0.052	2.21560867645503e-08	4	TGGCTGGCAGCGATCC-2	C6
7.3443648455029e-12	0.479489845343987	0.227	0.07	4.27515477656724e-08	4	CATTCGCCAAGTAATG-2	C6
9.28832350994778e-12	0.530758111399284	0.178	0.047	5.4067331151406e-08	4	TCGTACCCAGCATACT-2	C7
1.33713187052901e-11	0.736442654380209	0.141	0.032	7.78344461834939e-08	4	GATCGTACATGTCCTC-2	C7
1.4443466824162e-11	0.489066239675418	0.172	0.045	8.4075420383447e-08	4	GACTACAAGAGCTATA-2	C7
3.092659293379e-11	0.586338898366194	0.344	0.142	1.80023697467592e-07	4	AGCATACCAAACTGCT-2	C15
4.75669326812428e-11	0.36764854450025	0.166	0.043	2.76887115137514e-07	4	CCACGGAGTCAGATAA-2	C7
4.86408016419815e-11	0.650361153987528	0.19	0.056	2.83138106357974e-07	4	CTCGTCAAGGGCTTGA-2	C7
4.89656262828469e-11	0.338198907726401	0.19	0.056	2.85028910592452e-07	4	GTGCATATCTTTACAC-2	C18
5.13554301402844e-11	0.510303043421162	0.313	0.122	2.98939958846596e-07	4	CCATGTCGTCTCAACA-2	C0
5.54211287066371e-11	1.01544574873718	0.706	0.4	3.22606390201335e-07	4	CTACGTCAGGTGTTAA-1	C6
7.44022440477801e-11	0.300838967115235	0.16	0.041	4.33095462602128e-07	4	TTTGGTTTCGCATGGC-2	C7
7.59684319871434e-11	1.23065778731871	0.748	0.625	4.42212242597162e-07	4	TACAGGTAGGACTGGT-3	C6
8.69820146712943e-11	0.485560231552955	0.344	0.148	5.06322307401604e-07	4	CATCGGGCAGTCAGCC-2	C15
9.15562214831431e-11	0.396434700331658	0.264	0.097	5.32948765253376e-07	4	ATCCACCAGGAACTGC-2	C6
9.16474757504685e-11	0.294616233444839	0.663	0.278	5.33479956343477e-07	4	TGCGGGTCAGACGCAA-1	C7
9.30124897562042e-11	0.797330673250704	0.172	0.048	5.41425702870865e-07	4	TCAATCTTCGGATGGA-2	C6
1.01480048681431e-10	0.294636926660129	0.656	0.29	5.90715363374609e-07	4	GACGTGCAGGTAGCCA-1	C7
1.34711782145956e-10	0.406374008836621	0.19	0.057	7.84157283871612e-07	4	CTTAACTTCTTCGGTC-2	C7
1.43497738008884e-10	0.918293819888454	0.135	0.032	8.35300332949711e-07	4	CTCCTAGCATGCAATC-2	C6
1.50906360227425e-10	0.621093836848091	0.184	0.053	8.78425922883843e-07	4	GCTGCGAAGGACGAAA-2	C7
1.58020643400036e-10	0.4274418308407	0.184	0.054	9.19838165231612e-07	4	AACTTTCTCAGTGTTG-2	C6
1.58745346566983e-10	0.287040860088093	0.644	0.265	9.24056662366411e-07	4	CACAGTACATGTAGTC-1	C7
1.98410073565551e-10	0.614367001099799	0.153	0.041	1.15494503822507e-06	4	CCATTCGAGGCGTACA-2	C7
2.03311175513595e-10	0.549328531688132	0.196	0.061	1.18347435266464e-06	4	TGCCCATTCGTAGATC-2	C7
2.26154594975836e-10	0.474469507452245	0.675	0.322	1.31644589735434e-06	4	AGAATAGTCACAATGC-1	C7
2.38433935935858e-10	0.586558459972968	0.227	0.078	1.38792394108263e-06	4	AAGCCGCTCGTTGACA-2	C7
2.42343666005484e-10	0.543042952472091	0.166	0.047	1.41068247981792e-06	4	ATCCACCAGTAGGCCA-2	C6
2.49801313565496e-10	1.04487110570164	0.166	0.047	1.45409344626475e-06	4	ACTGTCCAGCGCCTTG-2	C7
3.19644379020971e-10	0.443978412573337	0.178	0.053	1.86064993028107e-06	4	TTCTACATCAAGCCTA-2	C7
3.24928064600014e-10	1.5828882249741	0.202	0.066	1.89140626403668e-06	4	TGCGCAGGTATAGGTA-2	C18
3.94266269356727e-10	0.373353473614816	0.19	0.059	2.29502395392551e-06	4	GAGGTGAGTCCGAAGA-2	C6
4.00788880812716e-10	1.50275512792896	0.779	0.551	2.33299207521082e-06	4	TTTATGCTCCTTAATC-1	C15
4.05980963926339e-10	0.473175285247393	0.687	0.345	2.36321519101522e-06	4	TACGGTATCAATCTCT-1	C7
4.6980917870513e-10	0.38461883900089	0.147	0.038	2.73475922924256e-06	4	CGGCTAGAGAAGGCCT-2	C6
4.90004446840034e-10	0.438025844650045	0.172	0.05	2.85231588505584e-06	4	CCTTCGAGTCTTTCAT-2	C6
5.30544614196937e-10	1.59490612242358	0.798	0.575	3.08830019924037e-06	4	TGCCAAATCAGTACGT-1	C15
5.97412054287524e-10	0.451523251659441	0.663	0.325	3.47753556800768e-06	4	GTAACGTGTAGGCTGA-1	C7
6.01483134277095e-10	0.498448767488851	0.172	0.051	3.50123332462697e-06	4	AGTTGGTGTCTCCACT-2	C18
6.35245377471161e-10	0.320763925600722	0.712	0.489	3.69776334225963e-06	4	AACGTTGCACTACAGT-1	C6
6.5641684983106e-10	2.36140821947143	0.785	0.553	3.8210024828666e-06	4	GGCGTGTTCGCAAACT-1	C15
8.25602453069266e-10	0.318402969684229	0.221	0.078	4.8058318793162e-06	4	AAGGAGCGTAGGCATG-2	C7
9.48940457229636e-10	0.251390824620224	0.761	0.52	5.52378240153371e-06	4	CAGCCGAGTTTACTCT-1	C14
1.58897471067904e-09	0.315524676097373	0.16	0.046	9.24942179086269e-06	4	TCATTACTCATTCACT-2	C7
1.71733961667052e-09	0.257658715579322	0.245	0.092	9.99663390863907e-06	4	ATTCTACTCTGAAAGA-2	C15
1.82282440123417e-09	0.460517422125357	0.184	0.059	1.06106608395841e-05	4	GTCCTCATCTAAGCCA-2	C6
1.83942158169815e-09	1.99544341370074	0.779	0.568	1.07072730270649e-05	4	TTCGGTCAGTACGCCC-1	C15
2.14364299375784e-09	2.08571223422456	0.767	0.556	1.24781458666644e-05	4	GTATTCTTCATCGATG-1	C15
2.21728234859508e-09	0.563564184594434	0.779	0.568	1.29068005511719e-05	4	TGCCCATCATCGGACC-1	C15
2.8002422108016e-09	0.4814869329577	0.16	0.047	1.63002099090761e-05	4	TGTTCCGGTGATGTCT-2	C6
2.83082806876348e-09	0.426309028511473	0.166	0.05	1.64782501882722e-05	4	CGTTGGGCATGAGCGA-2	C6
2.94176138817913e-09	0.380286748773052	0.16	0.047	1.71239930405907e-05	4	GGACAAGTCTGCGTAA-2	C6
3.60418277251166e-09	1.36459725158552	0.791	0.539	2.09799479187904e-05	4	GGGAGATTCAACACAC-1	C15
3.89408721812519e-09	2.32265863837502	0.773	0.56	2.26674816967067e-05	4	CCACGGACAGCTGTTA-1	C15
4.33411777795495e-09	1.80008052136525	0.779	0.592	2.52288995854757e-05	4	ACGGCCACAGTTTACG-1	C15
4.87007791849332e-09	0.334988356690567	0.135	0.036	2.83487235635496e-05	4	GAAACTCGTTGACGTT-2	C6
5.00533194884788e-09	0.461674359829318	0.258	0.102	2.91360372742435e-05	4	GACTAACCACGACTCG-2	C15
8.34124680812685e-09	0.528891914019573	0.172	0.056	4.85543976701064e-05	4	ACGGGTCGTCTGATTG-2	C6
9.44065265489572e-09	1.9595773856917	0.773	0.584	5.4954039104148e-05	4	GTGGGTCTCACTTATC-1	C15
9.98231077210378e-09	2.2205791137641	0.767	0.551	5.81070310044161e-05	4	GACTACACAGGCTGAA-1	C15
1.00745595791459e-08	0.403136745302169	0.16	0.049	5.86440113102082e-05	4	GTTACAGGTACTTAGC-2	C6
1.1520509433023e-08	0.654198252036004	0.129	0.035	6.70608854096267e-05	4	AGGTCCGCATGTCTCC-2	C7
2.07163100254258e-08	0.276926830069738	0.73	0.452	0.000120589640658004	4	CTGAAGTTCTGCGGCA-1	C2
2.19785357618428e-08	0.316787087997857	0.221	0.084	0.000127937056669687	4	CGGACTGTCCCTAACC-2	C7
2.23962901927193e-08	0.615722099056937	0.135	0.039	0.000130368805211819	4	ATCACGAGTAGGAGTC-2	C7
2.48410292951415e-08	0.635935878992248	0.141	0.042	0.000144599631527019	4	CAAGGCCAGTCGAGTG-2	C6
2.63573247826024e-08	0.372634089995529	0.153	0.047	0.000153425987559528	4	GGGTTGCTCCGGCACA-2	C7
2.86616316248461e-08	0.262480795856167	0.209	0.078	0.000166839357688229	4	TCAACGAGTCCGTGAC-2	C9
2.9016458287384e-08	0.293200812859722	0.644	0.314	0.000168904803690862	4	CTTTGCGCAATGCCAT-1	C7
4.07268116835204e-08	0.449445473833691	0.693	0.441	0.000237070770809772	4	CTGTGCTGTTAAGTAG-1	C9
4.45954717274203e-08	0.279741776538365	0.166	0.056	0.000259590240925314	4	TTGAACGTCTAACCGA-2	C7
5.19295309963403e-08	0.812877555675444	0.147	0.046	0.000302281799929697	4	CACACCTTCTTGTACT-2	C7
5.51930962420559e-08	0.26407521121272	0.172	0.058	0.000321279013225007	4	ACCCACTGTGCCTGTG-2	C6
5.74373152050851e-08	0.527474251518415	0.141	0.044	0.0003343426118088	4	GACCAATAGCATCATC-2	C7
7.10982420679537e-08	2.19230852606329	0.202	0.081	0.000413862867077558	4	GAAATGATCAGCATGT-2	C15
8.33884069829237e-08	0.669217950907188	0.184	0.067	0.000485403917047599	4	CAGAATCTCGTTGACA-2	C6
1.19768162282459e-07	0.295966114567471	0.135	0.041	0.000697170472646197	4	GCATGTACAGGTGGAT-2	C6
1.45745406482417e-07	0.272605775603003	0.656	0.363	0.000848384011134146	4	GTATTCTCACAGAGGT-1	C6
1.7635367032459e-07	0.661205663686992	0.202	0.082	0.00102655471495944	4	AAACGGGAGGTGTTAA-2	C18
1.81328686301707e-07	0.504244155524424	0.227	0.096	0.00105551428296224	4	GGCGACTGTTATCGGT-2	C14
2.30823262235185e-07	0.257770720027348	0.166	0.058	0.00134362220947101	4	CGCGTTTCAAGAGTCG-2	C6
2.60460721862294e-07	0.552354414463084	0.153	0.053	0.00151614186196042	4	AAACGGGAGAAGGCCT-2	C6
3.05396426868494e-07	0.367158164056133	0.724	0.527	0.0017777126008015	4	CCGGGATAGACAAAGG-1	C15
3.99514123978686e-07	0.529302206547294	0.141	0.047	0.00232557171567993	4	CCAGCGAAGTGCCATT-2	C7
4.73079790164779e-07	0.419204434729851	0.748	0.554	0.00275379745854918	4	CGGAGTCGTTCAGACT-1	C15
5.14824404137215e-07	0.281549428687463	0.301	0.146	0.00299679285648273	4	GACCTGGAGATTACCC-2	C15
7.03116670637731e-07	0.820822447028474	0.252	0.114	0.00409284213978223	4	CACACAATCACCTTAT-2	C13
9.18530206165646e-07	0.46665731492594	0.178	0.071	0.00534676433009023	4	TCAGGTAGTCCGTTAA-2	C7
9.9365741679088e-07	0.301911823343555	0.178	0.07	0.00578407982313971	4	TTGGAACCATCCTTGC-2	C7
1.01670157018828e-06	0.27921595145591	0.706	0.453	0.00591821984006597	4	CTTAACTAGGAGTACC-1	C15
1.06929344438634e-06	0.280997621367013	0.135	0.045	0.00622435713977287	4	CGGTTAAAGATGGGTC-2	C6
1.11073278696395e-06	0.421488211907005	0.706	0.461	0.00646557555291718	4	GTTCTCGCATCCTTGC-1	C15
1.55001118635143e-06	0.343405764458916	0.264	0.128	0.00902261511575167	4	CGACTTCAGGACACCA-2	C15
1.73530881496736e-06	0.332816082607523	0.607	0.283	0.010101232611925	4	ATGAGGGTCCTGCCAT-1	C7
2.35451839349578e-06	0.388863862983481	0.16	0.062	0.013705651568539	4	GCATGCGGTTATCGGT-2	C6
2.79663082705233e-06	0.42529787642524	0.748	0.59	0.0162791880442716	4	GATCGCGCAACACCTA-1	C15
2.84072464627569e-06	0.675035111695124	0.147	0.056	0.0165358581659708	4	ATAAGAGGTTAAGATG-2	C6
3.00295780602184e-06	0.255045096379132	0.209	0.09	0.0174802173888531	4	GTCGTAACATTAGGCT-2	C9
3.04598211346915e-06	0.526022937264913	0.117	0.038	0.0177306618825039	4	TGTATTCCAACTTGAC-2	C7
3.34520122212839e-06	0.399491568951143	0.141	0.052	0.0194724163140094	4	CGTCTACTCTATCCTA-2	C7
3.63494031717767e-06	0.420446503235721	0.239	0.112	0.0211589875862912	4	ATTGGTGAGGGAACGG-2	C15
4.32544406440872e-06	0.290308272989543	0.196	0.088	0.0251784098989232	4	GGAATAATCTCAAACG-2	C7
6.22610758741574e-06	0.260250847232259	0.141	0.053	0.036242172266347	4	TAGTTGGTCACCTTAT-2	C6
7.86622069621982e-06	0.288772075981852	0.135	0.05	0.0457892706726956	4	GCACTCTCACAGCGTC-2	C6
8.40549918270963e-06	0.462782436059288	0.264	0.134	0.0489284107425527	4	CAGAATCGTCTACCTC-2	C15
