p_val	avg_log2FC	pct.1	pct.2	p_val_adj	geneCluster	cell	cellType
3.04083855881497e-62	0.425298549844769	0.914	0.399	1.77007212508619e-58	2	AACCATGCATAAGACA-1	C0
2.22401120230588e-60	0.344545360182591	0.892	0.397	1.29459692086225e-56	2	GGACATTGTAGCCTCG-1	C0
1.24850194666219e-59	0.5181450145876	0.91	0.399	7.26752983152062e-56	2	TCATTTGGTCCGCTGA-1	C0
1.00276454552422e-58	0.380765220098975	0.896	0.388	5.83709241949646e-55	2	GTCACGGAGATGTGGC-1	C0
9.29136391931936e-56	0.518927144210185	0.883	0.391	5.4085029374358e-52	2	CAAGTTGGTCATTAGC-1	C0
2.2276234324016e-54	0.288547218349949	0.874	0.396	1.29669960000097e-50	2	CCACCTATCCATTCTA-1	C0
1.43765893238774e-53	0.426812376680533	0.874	0.386	8.36861264542903e-50	2	TTGGCAATCCGTTGCT-1	C0
8.20889174719578e-53	0.363221668202571	0.874	0.392	4.77839588604266e-49	2	GTGCTTCAGTTAACGA-1	C0
1.90243996029488e-52	0.351847558566612	0.896	0.396	1.10741030088765e-48	2	CGCTTCATCGTGGTCG-1	C0
3.15411998291938e-52	0.277399369950607	0.874	0.375	1.83601324205737e-48	2	CGGACTGAGTTGCAGG-1	C0
1.93560832789652e-51	0.423140398501417	0.887	0.383	1.12671760766856e-47	2	TACTTACGTTCTCATT-1	C0
1.01767830276925e-50	0.410338455788847	0.856	0.363	5.92390540041978e-47	2	CTGATAGCACGGCTAC-1	C0
6.55187825035833e-50	0.455135670806963	0.86	0.367	3.81384832953358e-46	2	CCCAGTTGTCATTAGC-1	C0
7.88378794343579e-50	0.426399659104345	0.865	0.362	4.58915296187397e-46	2	GTCACAACAAGCTGGA-1	C0
1.72507483834248e-49	0.614619219973226	0.878	0.437	1.00416606339916e-45	2	CTTTGCGAGGGCTTGA-1	C0
1.93440724936786e-49	0.54842579112271	0.851	0.361	1.12601845985703e-45	2	CGCTATCCAGACGCAA-1	C0
2.61722736860105e-49	0.566963739770766	0.883	0.485	1.52348805126267e-45	2	ACATCAGTCGTGGGAA-1	C0
5.63020244434905e-49	0.410054064787927	0.887	0.48	3.27734084285558e-45	2	TAGTTGGAGAGTGACC-1	C0
6.45400242380166e-49	0.465590092512208	0.865	0.39	3.75687481089495e-45	2	TGGGCGTGTATATGAG-1	C0
1.37217771751785e-48	0.876719783608227	0.351	0.054	7.98744649367141e-45	2	GTCGTAATCCTTTCGG-2	C0
3.69927399245761e-48	0.285064667249859	0.865	0.381	2.15334739100957e-44	2	CCCAATCGTTTGGCGC-1	C0
5.61668551149408e-48	0.272668677453444	0.86	0.362	3.2694726362407e-44	2	CTAGCCTCACCGCTAG-1	C0
6.78396117934146e-48	0.40066094284115	0.914	0.639	3.94894380249466e-44	2	TAGGTTGTCTTCGGAA-3	C0
2.17911259801809e-47	0.381835539422063	0.883	0.475	1.26846144330633e-43	2	CATCGGGGTGTTTGGT-1	C0
2.81303722058211e-47	0.47148893354183	0.869	0.403	1.63746896610085e-43	2	TTAACTCGTGTTGAGG-1	C0
3.09832035994476e-47	0.294929637716374	0.851	0.388	1.80353228152384e-43	2	GGAAAGCCACGTAAGG-1	C0
8.6818555067478e-47	0.454447058408015	0.865	0.377	5.05370809047789e-43	2	TTGTAGGAGACGCTTT-1	C0
1.05498198419257e-46	0.6609840023032	0.856	0.377	6.14105012998498e-43	2	GACAGAGTCTATCGCC-1	C0
1.71664823456848e-46	0.292221717726988	0.865	0.382	9.9926093734231e-43	2	GAAGCAGAGGTGACCA-1	C0
3.05957597318071e-46	0.923392350307252	0.333	0.052	1.78097917398849e-42	2	CCTCTGAAGTACGTAA-2	C0
5.1054553500076e-46	0.464262849839607	0.847	0.38	2.97188555923942e-42	2	AAGCCGCAGATCCGAG-1	C0
1.06145354938201e-45	0.43009752841617	0.383	0.071	6.17872111095267e-42	2	TCATTTGTCCTAGGGC-2	C0
2.63081159591443e-45	0.391343992768104	0.86	0.382	1.53139542998179e-41	2	GGAAAGCAGCTAGTCT-1	C0
5.35839692807872e-45	1.07907332595319	0.383	0.074	3.11912285183462e-41	2	CCTCAGTAGTCAAGCG-2	C0
5.44803344800192e-45	0.449655146100649	0.856	0.395	3.17130027008192e-41	2	CATTCGCAGTGCCATT-1	C0
1.15666725692271e-44	0.651191391449255	0.86	0.398	6.73296010254708e-41	2	GCCTCTATCCGTTGTC-1	C0
1.26837352816774e-44	0.509384465320059	0.86	0.405	7.38320230746443e-41	2	GCTCCTAGTCAGCTAT-1	C0
1.38258644422876e-44	0.479297150828733	0.847	0.358	8.04803569185564e-41	2	GGCAATTCATTACGAC-1	C0
1.46850698815572e-44	0.484175066466637	0.851	0.399	8.54817917805445e-41	2	GATCAGTAGTCGTACT-1	C5
2.12181015912917e-44	0.585671191904669	0.856	0.39	1.23510569362909e-40	2	AGATCTGGTTAAGGGC-1	C0
1.07025865240804e-43	0.25380826319898	0.847	0.404	6.2299756156672e-40	2	AGGGTGATCAACGCTA-1	C5
2.17697355415232e-43	0.378020792212405	0.833	0.366	1.26721630587206e-39	2	GGGCACTGTTTACTCT-1	C0
2.40146274351244e-43	0.414534759866811	0.851	0.393	1.39789146299859e-39	2	GCTGCGAAGTTAACGA-1	C5
4.078006559991e-43	0.253664596017219	0.86	0.415	2.37380761857076e-39	2	ATCATCTCACTTCTGC-1	C0
6.9564598126353e-43	0.500938737457559	0.865	0.43	4.04935525693501e-39	2	GGAAAGCCAAACTGCT-1	C0
1.52155406854891e-42	0.400826580362277	0.847	0.406	8.85696623302318e-39	2	ACTGAGTTCACCCGAG-1	C3
1.66600994744262e-42	0.351819017208091	0.847	0.393	9.69784390406348e-39	2	AACTGGTGTATATGGA-1	C0
2.65334361715884e-42	0.572443412221799	0.838	0.372	1.54451131954816e-38	2	GTATCTTCAGAGTGTG-1	C0
3.71131824866927e-42	0.795463907816088	0.833	0.387	2.16035835255038e-38	2	TCGCGAGTCTACCTGC-1	C0
6.30554935920273e-42	0.496198006700745	0.869	0.417	3.67046028199191e-38	2	ACGCCGAGTACCAGTT-1	C0
1.33660080779877e-41	0.547210076655232	0.856	0.425	7.78035330219662e-38	2	CGACTTCTCGATGAGG-1	C0
3.06267990126878e-41	0.689406162797058	0.838	0.379	1.78278597052856e-37	2	ACATACGTCGATAGAA-1	C0
3.11286029245333e-41	2.1568578421173	0.405	0.092	1.81199597623709e-37	2	CAGTCCTAGAGGACGG-2	C21
3.39102534559716e-41	0.271212368935573	0.842	0.395	1.97391585367211e-37	2	GATGCTATCCGGGTGT-1	C5
3.77800719493766e-41	0.473729965030498	0.865	0.487	2.19917798817321e-37	2	CGAGAAGAGATGTGGC-1	C9
3.81082478133251e-41	0.537115427047998	0.847	0.421	2.21828110521366e-37	2	CCTACACGTCTTCAAG-1	C0
7.79735748631702e-41	0.284902520069846	0.833	0.388	4.53884179278514e-37	2	CGATCGGGTACATGTC-1	C0
1.32793801939787e-40	0.33381929829286	0.842	0.404	7.729927210915e-37	2	GTTAAGCTCATTCACT-1	C5
1.43815128786773e-40	0.300668565506363	0.847	0.458	8.37147864667804e-37	2	AAGACCTCAAATCCGT-1	C0
1.60029876718814e-40	0.707651532741801	0.919	0.702	9.31533912380214e-37	2	AGAACCTAGTAGCTCT-3	C0
1.76519867142171e-40	0.494491572977744	0.833	0.388	1.02752214663458e-36	2	CTACGTCAGAAGGACA-1	C0
1.93908735922835e-40	0.450352827489183	0.338	0.062	1.12874275180682e-36	2	CGATGGCTCCTAGTGA-2	C0
1.99195748960753e-40	0.42323929883901	0.82	0.375	1.15951845470054e-36	2	GACGCGTGTAGCTTGT-1	C0
2.0307063159544e-40	0.34547858661811	0.878	0.594	1.18207414651706e-36	2	GATTGGTAGTAACGAT-3	C0
2.3496350460917e-40	0.317472388271246	0.824	0.378	1.36772256032998e-36	2	ACACTGACAGAGTGTG-1	C0
4.59129216485583e-40	0.388225849953566	0.347	0.067	2.67259116916258e-36	2	CTAACTTTCTTCAACT-2	C0
5.03026394936736e-40	0.27261828398114	0.847	0.402	2.92811664492674e-36	2	CGAGCACTCACATAGC-1	C5
1.82937321617577e-39	0.337608047472305	0.824	0.367	1.06487814913591e-35	2	GACTGCGCAAACGCGA-1	C5
6.52082664411291e-39	0.343353082997404	0.829	0.395	3.79577318953813e-35	2	ACGTCAAAGCGAAGGG-1	C0
7.26611242539036e-39	0.289424099585351	0.829	0.389	4.22960404281973e-35	2	CGGAGTCTCTTCCTTC-1	C0
9.72499073002926e-39	1.72937392136082	0.369	0.082	5.66091710395003e-35	2	CCGTACTCAGTACACT-2	C21
1.03623002787367e-38	0.441805542419397	0.315	0.056	6.03189499225264e-35	2	CTCGGGAGTGACGGTA-2	C9
1.41552970322132e-38	0.777646811633305	0.824	0.391	8.23979840245131e-35	2	GGATTACGTGATGTGG-1	C0
1.43127781273458e-38	0.300812926033783	0.82	0.384	8.33146814792798e-35	2	CAGCCGAAGCGCCTTG-1	C5
1.7028335478467e-38	0.259492762164226	0.824	0.373	9.91219408201565e-35	2	CTAGCCTAGGGTCGAT-1	C5
2.68080814366097e-38	0.342976777301326	0.833	0.386	1.56049842042505e-34	2	AGCTCCTAGTCTTGCA-1	C5
2.91525355853126e-38	1.34888167103654	0.315	0.058	1.69696909642105e-34	2	TCAATCTGTAGAGCTG-2	C0
3.01389874281493e-38	0.408052548122871	0.919	0.652	1.75439045819257e-34	2	GTCATGAAGGTTCATC-3	C0
3.75124126978578e-38	0.271158764437639	0.824	0.379	2.1835975431423e-34	2	AGACGTTTCACCACCT-1	C5
2.55549381410218e-37	0.290297876722442	0.824	0.389	1.48755294918888e-33	2	GCGCGATGTACTCGCG-1	C5
2.77498712171518e-37	0.358332823961299	0.842	0.412	1.6153200035504e-33	2	CCTATTACACAACGCC-1	C5
3.8682685802805e-37	2.21122603902129	0.374	0.085	2.25171914058128e-33	2	TTTACTGAGTTCGATC-2	C21
6.29245001850667e-37	0.265731549303702	0.82	0.39	3.66283515577273e-33	2	GGAATAAGTACCAGTT-1	C5
7.27885439484635e-37	0.272378474853197	0.36	0.078	4.23702114324006e-33	2	TGGTTAGTCAGCACAT-2	C0
8.48161132469786e-37	0.329662032494323	0.833	0.405	4.93714595210662e-33	2	AGTGTCAAGACAGGCT-1	C5
9.92312120790951e-37	0.265168247228334	0.838	0.403	5.77624885512412e-33	2	CAGAATCGTATCACCA-1	C5
1.12880989657864e-36	0.328303519148293	0.824	0.417	6.57080240798425e-33	2	CACAGGCCACATTCGA-1	C0
1.36074194928939e-36	0.280608953665936	0.824	0.377	7.92087888681356e-33	2	TCTGGAACAGACAGGT-1	C5
6.81561583714299e-36	0.545516555862105	0.306	0.058	3.96736997880093e-32	2	GCCAAATCACACCGCA-2	C9
7.05085687409884e-36	2.66485280473303	0.374	0.089	4.10430378641293e-32	2	GACGTTAGTCAGTGGA-2	C21
1.34913136932852e-35	0.330179172819471	0.815	0.381	7.85329370086132e-32	2	CAGAATCCAGACACTT-1	C5
1.56530424206436e-35	1.30444678206571	0.266	0.043	9.11163599305662e-32	2	GTGCTTCCACCTGGTG-2	C0
1.85248975257674e-35	1.08080616878581	0.288	0.052	1.07833428497492e-31	2	TTGCCGTAGGACATTA-2	C0
2.51333514904008e-35	0.285589818530431	0.378	0.092	1.46301239025623e-31	2	ACCTTTAGTATTACCG-2	C0
2.7311345462825e-35	0.444248810870134	0.82	0.388	1.58979341939105e-31	2	AACTCTTTCAGGCGAA-1	C0
4.09688275651713e-35	0.853810012308996	0.856	0.444	2.38479545256862e-31	2	TACTCGCAGTGTTGAA-1	C0
4.2617107746688e-35	1.54195456497635	0.387	0.097	2.48074184193471e-31	2	AAAGCAATCTTAACCT-2	C21
4.46697733757765e-35	2.14128999655639	0.351	0.08	2.60022750820395e-31	2	TCGTAGAAGTAGCCGA-2	C21
5.9435146237098e-35	0.602856423857603	0.302	0.057	3.45971986246148e-31	2	AAACGGGTCCAAACTG-2	C0
1.07683292281326e-34	0.460029479745459	0.302	0.057	6.26824444369598e-31	2	CAGAATCAGGTACTCT-2	C0
1.19126293678232e-34	0.295067151553087	0.347	0.075	6.9343415550099e-31	2	ACTGTCCTCTATCGCC-2	C9
1.19365509121342e-34	0.399748134501282	0.811	0.39	6.9482662859533e-31	2	CGTAGCGAGGCTAGGT-1	C0
1.86893149883738e-34	0.266280094418606	0.82	0.408	1.08790502547324e-30	2	TCAGGATCACATGGGA-1	C5
1.92688945869041e-34	0.978932629582404	0.257	0.042	1.12164235390369e-30	2	CTAGCCTTCGTCGTTC-2	C0
2.23538892894681e-34	0.566970930143697	0.288	0.053	1.30121989553994e-30	2	CTGAAACTCCATGCTC-2	C0
7.02490291037267e-34	0.32237094630683	0.333	0.071	4.08919598412793e-30	2	AGTAGTCAGTTTAGGA-2	C9
7.44053619429604e-34	0.893211649132476	0.302	0.059	4.33113611869972e-30	2	CTTCTCTGTGAGCGAT-2	C9
9.24974162750739e-34	0.334079139762507	0.833	0.395	5.38427460137205e-30	2	CAGGTGCGTACGAAAT-1	C0
9.50322487132378e-34	2.17758208510878	0.347	0.079	5.53182719759757e-30	2	GAACCTAAGCTCCTTC-2	C21
3.15072699709725e-33	0.422199975683657	0.261	0.044	1.83403818501031e-29	2	CACATAGGTGCCTGCA-2	C0
4.03497857272081e-33	0.374048016104784	0.815	0.398	2.34876102718078e-29	2	AGGGATGAGAAACGAG-1	C5
4.26450693393174e-33	2.23918681001852	0.356	0.088	2.48236948624167e-29	2	AACCGCGGTATCGCAT-2	C21
4.31683643967327e-33	2.05833965410882	0.387	0.103	2.51283049153381e-29	2	GACACGCCACCGAAAG-2	C21
6.02437842824337e-33	0.56794454719058	0.257	0.043	3.50679068308047e-29	2	TCGGTAATCGACCAGC-2	C0
6.96569156819363e-33	2.33269919030694	0.257	0.044	4.05472906184551e-29	2	CAGAGAGCATGGAATA-2	C21
9.56946537731967e-33	1.79807600279975	0.36	0.09	5.57038579613778e-29	2	CCGGTAGCATTCACTT-2	C21
9.61182555736241e-33	0.872131585609241	0.311	0.065	5.59504365694066e-29	2	TTCTCCTAGGTGCACA-2	C9
1.1733303279651e-32	0.878961720735658	0.351	0.084	6.82995583908486e-29	2	CCAATCCCATATACGC-2	C0
1.31944708814572e-32	0.725600645982253	0.252	0.042	7.68050150009622e-29	2	AAAGATGAGAAGGCCT-2	C0
2.75159887130813e-32	0.630942156802378	0.829	0.416	1.60170570298846e-28	2	AGCGGTCCAGCCAATT-1	C0
3.01714117626469e-32	0.678581832064217	0.266	0.047	1.75627787870368e-28	2	CGTCTACTCTTGTACT-2	C0
3.2755487911632e-32	0.99552995235032	0.311	0.067	1.9066969513361e-28	2	TCTCTAATCAAGCCTA-2	C5
3.48915858102809e-32	1.56887198246744	0.342	0.083	2.03103921001645e-28	2	TGTGGTACACCGTTGG-2	C21
3.82314390805452e-32	1.10136972681628	0.212	0.03	2.22545206887854e-28	2	GACCAATCAAGCTGAG-2	C0
7.38827072944222e-32	0.892528731390708	0.315	0.069	4.30071239160831e-28	2	ACGTCAACAGAGTGTG-2	C0
8.49106666710788e-32	1.04592489989572	0.257	0.044	4.9426499069235e-28	2	CACAGGCTCTTACCGC-2	C0
8.63874760578518e-32	1.08454408238255	0.252	0.043	5.02861498132755e-28	2	GACACGCTCATGTCCC-2	C0
9.99357468952513e-32	2.12618881492305	0.365	0.095	5.81725982677258e-28	2	GTAGGCCGTCAAAGCG-2	C21
1.16822777469942e-31	0.534541232957768	0.802	0.404	6.8002538765253e-28	2	ACACCCTGTTGACGTT-1	C0
1.19512719914001e-31	0.669979602271588	0.329	0.076	6.956835426194e-28	2	CTTTGCGAGCCCTAAT-2	C0
1.21442359808815e-31	0.251982260499634	0.815	0.413	7.06915976447112e-28	2	GTCTCGTGTCGACTGC-1	C5
1.3513206292675e-31	0.533396727271325	0.288	0.056	7.8660373829661e-28	2	AGCAGCCGTAGCGCAA-2	C0
1.95558386910767e-31	0.257147731648133	0.284	0.056	1.13834537020757e-27	2	TCTTTCCAGATCGATA-2	C0
2.18890853254756e-31	0.715878400948399	0.252	0.044	1.27416365679593e-27	2	CCTTACGCAATCACAC-2	C0
2.69826000046538e-31	0.279130443552784	0.802	0.442	1.5706571462709e-27	2	CAGAATCCAGTATCTG-1	C0
2.79395776512505e-31	0.382978642546871	0.324	0.073	1.62636281507929e-27	2	CCTTTCTCAGATGGCA-2	C0
4.15634910798155e-31	0.942627571748607	0.248	0.043	2.41941081575606e-27	2	CGTGTAAAGGGATGGG-2	C0
4.81551297842119e-31	0.490130371702026	0.234	0.038	2.80311010473897e-27	2	GCTCTGTCAGCTGTTA-2	C0
6.11694783690655e-31	0.450595852757091	0.829	0.496	3.5606753358633e-27	2	AGTGTCAGTCTCTTAT-1	C0
9.1288205273891e-31	2.12770422698271	0.342	0.087	5.3138864289932e-27	2	CGGCTAGCAGGATTGG-2	C21
1.07532923374866e-30	0.3102830228042	0.311	0.068	6.25949146965092e-27	2	AACTCAGGTGTATGGG-2	C9
3.03821806253913e-30	1.2027984297324	0.266	0.052	1.76854673420403e-26	2	CTCTGGTTCTCTAGGA-2	C0
3.76944974954054e-30	1.49434772289823	0.36	0.096	2.19419669920755e-26	2	AGCAGCCAGGAGTAGA-2	C21
5.25189016791079e-30	0.919978290576748	0.248	0.044	3.05712526674087e-26	2	TCTCTAAAGAGCTGGT-2	C0
5.50806256157669e-30	1.06833331378779	0.351	0.091	3.20624321709379e-26	2	CCTTACGGTGATGCCC-2	C21
6.84390161327501e-30	0.617563185367385	0.311	0.071	3.98383512908738e-26	2	CATCAGAGTAGCTTGT-2	C0
1.21654008115809e-29	0.359700808796784	0.811	0.41	7.08147981242124e-26	2	CTTAACTTCTTGTACT-1	C5
1.3441646498185e-29	1.89916809854255	0.32	0.078	7.82438242659352e-26	2	CAGCGACAGGTGCTTT-2	C21
1.74419314044933e-29	0.987618118564803	0.324	0.079	1.01529482705555e-25	2	AAACGGGCAGCGTAAG-2	C21
2.55323832527181e-29	0.291468978212078	0.369	0.102	1.48624002914072e-25	2	GGCTGGTTCCAGTATG-2	C0
2.80551590064454e-29	0.258808060391817	0.793	0.373	1.63309080576519e-25	2	TGACAACCAGGGATTG-1	C5
4.92341373363054e-29	0.433911154323633	0.77	0.366	2.86591913434634e-25	2	GATCAGTTCCGCGGTA-1	C5
5.78848065073766e-29	0.850243537943014	0.297	0.067	3.36947458679439e-25	2	AAGGCAGTCTGTCAAG-2	C21
5.87353530730848e-29	2.12887403613271	0.342	0.091	3.41898490238426e-25	2	TTCTTAGGTCCTGCTT-2	C21
6.42849824531197e-29	0.629886957552025	0.248	0.046	3.74202882859609e-25	2	CTGGTCTAGGGATGGG-2	C0
1.09689442108882e-28	0.910852763868853	0.329	0.082	6.38502242515802e-25	2	TGGGCGTTCGGCGCAT-2	C5
1.15588756340621e-28	0.751578185405164	0.27	0.056	6.72842150658752e-25	2	TGCGTGGGTATATGGA-2	C0
1.33960247445233e-28	0.269470191936479	0.793	0.398	7.79782600378701e-25	2	ACTTACTCAGTATCTG-1	C5
1.48989935434769e-28	0.483872451444562	0.293	0.065	8.67270414165788e-25	2	CATGGCGCATGATCCA-2	C0
1.65317968471077e-28	0.646546012344703	0.261	0.052	9.62315894470137e-25	2	TAAGAGACACCGATAT-2	C0
2.14725651213486e-28	0.530851295277911	0.293	0.066	1.2499180157137e-24	2	CACAGGCCAGCTGCTG-2	C0
5.93617394254097e-28	0.350233994112902	0.784	0.373	3.4554468519531e-24	2	AGAATAGTCCGTCATC-1	C5
7.55514640852412e-28	0.368723647938791	0.324	0.083	4.39785072440189e-24	2	GGGATGATCTGTCAAG-2	C0
2.55001726023102e-27	0.861934204637627	0.257	0.053	1.48436504718048e-23	2	ACTGTCCCATTGGCGC-2	C0
2.95942195706049e-27	0.286668333424086	0.797	0.43	1.72267952120491e-23	2	TGGCTGGGTCTGCCAG-1	C0
3.05810977407683e-27	0.664307099043573	0.311	0.076	1.78012569949012e-23	2	CAGCTAAAGCAGGCTA-2	C0
3.67731036343025e-27	2.18762684518871	0.32	0.085	2.14056236255275e-23	2	TGCACCTTCTGGGCCA-2	C21
4.21712945189123e-27	2.96173342562931	0.324	0.088	2.45479105394589e-23	2	CGTGAGCGTCCGAATT-2	C21
4.2565864089773e-27	0.937255074591577	0.27	0.059	2.47775894866569e-23	2	GGCAATTTCGGCGGTT-2	C0
4.27056576088953e-27	0.937639064687212	0.234	0.045	2.4858963294138e-23	2	CTAACTTAGGATGGAA-2	C0
4.66297362759563e-27	0.935507142944519	0.216	0.038	2.71431694862342e-23	2	GCATGATGTTATGTGC-2	C0
5.22969066381723e-27	1.24016335414759	0.356	0.103	3.04420293540801e-23	2	GGTGTTAAGACATAAC-2	C0
5.74369019245931e-27	0.359911749057728	0.779	0.403	3.34340206103056e-23	2	CATGCCTTCTTCATGT-1	C5
6.70077224283083e-27	0.450027471506603	0.248	0.049	3.90051952255182e-23	2	GAGCAGAGTACAGTTC-2	C0
6.71082944543016e-27	1.27949566652312	0.347	0.095	3.9063738201849e-23	2	GATCAGTGTGATGCCC-2	C21
7.75608749272348e-27	0.477573755369133	0.788	0.4	4.51481852951434e-23	2	TAGGCATCACCGGAAA-1	C5
1.09763883317086e-26	1.59142330839286	0.32	0.084	6.38935564788756e-23	2	ACGAGGAGTAAGGATT-2	C21
1.42768046083267e-26	0.387095917543094	0.279	0.064	8.31052796250696e-23	2	ACATCAGAGATCTGCT-2	C0
1.58155042833106e-26	0.817001651152255	0.797	0.424	9.20620504331507e-23	2	AGGGATGGTATGAAAC-1	C3
1.9882407244762e-26	0.730508472963481	0.248	0.051	1.1573549257176e-22	2	TAGCCGGGTTACCGAT-2	C0
2.79653938888548e-26	0.488194661963089	0.261	0.056	1.62786557827024e-22	2	GTGTTAGGTAAACACA-2	C0
3.3957565362983e-26	0.543383618202152	0.243	0.049	1.97666987977924e-22	2	CGGAGCTAGGCGTACA-2	C0
3.50815317798602e-26	0.442131027641444	0.23	0.044	2.04209596490566e-22	2	ACTTACTAGATGGCGT-2	C0
4.08043392224558e-26	0.507600274939164	0.284	0.067	2.37522058613915e-22	2	CCTTTCTTCCTCCTAG-2	C5
4.25904470818105e-26	0.32986822105883	0.775	0.389	2.47918992463219e-22	2	GGCCGATGTTACCGAT-1	C5
4.74236456026805e-26	1.0994123808912	0.23	0.044	2.76053041053203e-22	2	CGTCAGGGTCCTCTTG-2	C0
6.24694390967203e-26	1.62235111169432	0.243	0.051	3.63634604982009e-22	2	ACCGTAACAGGGAGAG-2	C0
1.52275164778803e-25	0.635499735229757	0.243	0.051	8.86393734177413e-22	2	GATCAGTCAGTAAGCG-2	C0
1.54233413675869e-25	0.646385325233003	0.248	0.052	8.97792701007232e-22	2	CCTCAGTGTCAATACC-2	C3
1.58370227383506e-25	0.54661518467825	0.189	0.03	9.21873093599386e-22	2	TTGACTTTCTGGAGCC-2	C0
1.92697287101528e-25	0.584106205155692	0.279	0.066	1.12169090821799e-21	2	GAATGAACAAGCGCTC-2	C0
2.26021798499697e-25	0.253792231742657	0.275	0.063	1.31567288906674e-21	2	GCTGCTTAGCGGATCA-2	C3
2.37309891921091e-25	0.578796262598488	0.297	0.076	1.38138088087267e-21	2	CGTCTACCACTTAAGC-2	C3
2.46431771004462e-25	0.917185217811238	0.212	0.038	1.43447933901698e-21	2	CTTTGCGTCGAGCCCA-2	C0
2.62194898848224e-25	0.783321589999136	0.338	0.096	1.52623650619551e-21	2	GATGAGGGTGACGCCT-2	C5
4.72793822682958e-25	0.557860342706607	0.261	0.058	2.7521328418375e-21	2	CGGACACCAATCCAAC-2	C5
5.25989777849358e-25	0.496192793595229	0.252	0.056	3.06178649686111e-21	2	TGACTTTTCCGTAGGC-2	C0
5.7328143407912e-25	0.311353251792241	0.279	0.067	3.33707122777456e-21	2	TTCTCAACATACCATG-2	C5
6.92691420217329e-25	0.523508618897386	0.252	0.055	4.03215675708507e-21	2	GATGAGGCAGGATCGA-2	C5
1.06838890756903e-24	1.03080538518321	0.216	0.042	6.21909183095934e-21	2	CAGCGACTCCCTGACT-2	C0
1.7200943468179e-24	0.571036218150172	0.329	0.094	1.0012669192827e-20	2	ACATCAGAGGCGTACA-2	C3
1.96070686913715e-24	0.614070056294668	0.248	0.054	1.14132746852474e-20	2	GGACATTGTCGTGGCT-2	C9
2.26196257704587e-24	0.758786970643172	0.216	0.042	1.3166884160984e-20	2	CACACTCCATGCCACG-2	C9
2.93196162606076e-24	0.634799183058153	0.27	0.065	1.70669486252997e-20	2	TCTGAGACATCATCCC-2	C5
3.64839238160443e-24	0.797268312533268	0.234	0.05	2.12372920533194e-20	2	AGTAGTCCAAGCCCAC-2	C0
4.10038600115111e-24	0.454367932823357	0.275	0.067	2.38683469127006e-20	2	ACGAGCCAGTTGAGTA-2	C0
7.45288955746316e-24	0.275431553009341	0.23	0.048	4.33832701139931e-20	2	CTGCTGTAGTACGACG-2	C0
7.97259691841655e-24	0.43420906657554	0.266	0.064	4.64084866621027e-20	2	ACTGAGTCACCGGAAA-2	C0
7.97969994638477e-24	0.268694369072613	0.234	0.049	4.64498333879058e-20	2	ACCTTTATCTGATTCT-2	C0
1.18771757975893e-23	0.304322713284373	0.221	0.045	6.91370403177671e-20	2	CAGCATACACAGTCGC-2	C0
1.51663649629229e-23	0.59109306758141	0.257	0.061	8.82834104491739e-20	2	AAAGCAATCTTTACGT-2	C5
1.80565264128128e-23	0.579781567454754	0.248	0.057	1.05107040248984e-19	2	CGTCTACGTGATAAAC-2	C0
4.33832299433953e-23	0.999805218813708	0.239	0.053	2.52533781500504e-19	2	CAGCCGACAATCTGCA-2	C0
5.03708890996506e-23	0.882576189261845	0.234	0.052	2.93208945449066e-19	2	AACTCCCTCGTCACGG-2	C5
5.43216433781637e-23	0.608231859643094	0.234	0.053	3.16206286104291e-19	2	TCAGCTCGTAGGCATG-2	C9
5.82019013127976e-23	0.619454793641446	0.216	0.044	3.38793267541795e-19	2	GGTGAAGTCTTCATGT-2	C0
6.00677113392278e-23	0.463117512979732	0.833	0.558	3.49654147705645e-19	2	CTCCAACCACCTGAAT-3	C13
6.25925936085269e-23	0.673232816042172	0.27	0.069	3.64351487395235e-19	2	GCTTCCAAGTCTTGCA-2	C0
6.60343250289655e-23	0.573990476924266	0.248	0.057	3.84385805993608e-19	2	GCTGCAGCATCGGTTA-2	C5
8.07016488665781e-23	0.471922193739142	0.243	0.056	4.69764298052351e-19	2	CTCGGAGGTCAAAGCG-2	C5
1.80054837676843e-22	1.14692458207383	0.266	0.068	1.04809921011691e-18	2	GTGTGCGAGAGTAATC-2	C0
1.86800718264087e-22	0.730979768300884	0.261	0.065	1.08736698101525e-18	2	ACTGAGTAGCTAGTGG-2	C5
2.10429906215204e-22	1.12956729657295	0.243	0.058	1.2249124840787e-18	2	GACGGCTGTGACTACT-2	C0
2.29606244274951e-22	0.364282223322585	0.225	0.049	1.33653794792449e-18	2	TCAGCAAGTCTCTCTG-2	C0
2.36871376716917e-22	0.351216391925665	0.234	0.053	1.37882828386918e-18	2	CAGCTGGAGCGTGAAC-2	C5
2.47657142770213e-22	0.387220442407756	0.279	0.074	1.44161222806541e-18	2	TCCCGATAGACGCAAC-2	C9
2.49752212124517e-22	0.381988528373407	0.266	0.068	1.45380762677681e-18	2	TGGACGCTCATTGCGA-2	C9
2.65898773009931e-22	1.19589597162723	0.23	0.052	1.54779675769081e-18	2	CACCACTGTGCTTCTC-2	C0
6.23660585294698e-22	0.440670903770284	0.257	0.064	3.63032826700044e-18	2	GCTGCGATCGAACTGT-2	C5
8.5911867380955e-22	0.473587763694514	0.212	0.044	5.00092980024539e-18	2	CGGACACGTCAATACC-2	C5
8.80103752539507e-22	0.773346462674574	0.185	0.034	5.12308394353247e-18	2	CGTAGCGGTTATCGGT-2	C0
1.09017357484787e-21	0.518379866226473	0.207	0.043	6.34590037918943e-18	2	CAGTCCTTCGTGGACC-2	C5
1.19068205316029e-21	0.263831431139495	0.23	0.052	6.93096023144605e-18	2	CTCGTCACACATCTTT-2	C0
1.28465728997663e-21	0.594205845094194	0.23	0.053	7.47799008495399e-18	2	TCATTACTCGTTTGCC-2	C5
1.46012467743495e-21	0.460400517429989	0.248	0.061	8.49938574734884e-18	2	TAAGCGTTCTAAGCCA-2	C5
1.49078683966108e-21	0.652428771744516	0.252	0.064	8.67787019366713e-18	2	AGAATAGGTTACCGAT-2	C0
1.66334934048907e-21	1.0170823939758	0.194	0.038	9.68235651098686e-18	2	CGTGAGCTCACTCCTG-2	C0
1.90436519959081e-21	0.522412749452852	0.239	0.056	1.10853098268181e-17	2	GACACGCAGGAATCGC-2	C0
2.01370273393502e-21	0.330011202538975	0.23	0.053	1.17217636142357e-17	2	GAGTCCGAGCTCCTTC-2	C0
2.05054122337809e-21	0.62640461890411	0.198	0.04	1.19362004612839e-17	2	TACGGGCGTATGCTTG-2	C0
2.3635874697377e-21	0.575192767093766	0.248	0.061	1.37584426613432e-17	2	GGAAAGCTCATCACCC-2	C5
2.59128172393826e-21	0.431433814541351	0.243	0.06	1.50838509150446e-17	2	TATTACCCACTAAGTC-2	C5
2.59911202943634e-21	0.776262833055227	0.216	0.048	1.5129431123349e-17	2	TAGTGGTCAAAGGTGC-2	C0
4.29271373725566e-21	1.18520330280468	0.266	0.071	2.49878866645652e-17	2	CTTAGGACACAACGTT-2	C21
4.93655881916231e-21	0.270322228975461	0.216	0.048	2.87357088863438e-17	2	GATCTAGCATGTTGAC-2	C9
5.04327381060972e-21	0.804585179395685	0.216	0.049	2.93568968515592e-17	2	CACATTTAGAGTACAT-2	C0
5.51199769959452e-21	0.446759235021494	0.266	0.072	3.20853386093397e-17	2	GGGTTGCAGATGTTAG-2	C3
5.62453525450154e-21	0.795539672963889	0.225	0.052	3.27404197164535e-17	2	TGAGCCGGTAGAAGGA-2	C0
5.64208731815551e-21	1.00878002650107	0.207	0.044	3.28425902789832e-17	2	ACTGAACGTCGAACAG-2	C0
5.95163133500403e-21	0.550112968760735	0.194	0.039	3.46444460010585e-17	2	CGATGTATCTAACTCT-2	C0
6.47712429193248e-21	0.707045636525838	0.234	0.057	3.7703340503339e-17	2	TCAGATGAGATACACA-2	C5
7.19673829077634e-21	1.0782537058347	0.194	0.04	4.18922135906091e-17	2	CGGGTCACAATGTTGC-2	C0
7.81204938711941e-21	0.401500154540216	0.207	0.045	4.54739394824221e-17	2	GGACAGATCAAACGGG-2	C0
9.18909867475545e-21	0.515372114601035	0.239	0.059	5.34897433857514e-17	2	GTAGGCCTCGCTAGCG-2	C0
9.60269994486258e-21	0.97592891738777	0.185	0.037	5.58973163790451e-17	2	CGCTTCAGTGTCCTCT-2	C0
1.12561809375363e-20	0.580414432149041	0.207	0.044	6.55222292373988e-17	2	CGATCGGTCGAATGGG-2	C5
1.5666937096967e-20	0.476443612886197	0.221	0.051	9.11972408414451e-17	2	AGGGTGATCTCTGTCG-2	C5
2.80401618507776e-20	0.532459780244883	0.27	0.076	1.63221782133377e-16	2	CAGCTGGAGTACGTAA-2	C0
3.54472849247726e-20	0.705311955734583	0.216	0.05	2.06338645547102e-16	2	TAAGCGTGTAGCGATG-2	C0
5.1967931496842e-20	1.18742706280047	0.216	0.052	3.02505329243118e-16	2	GGACATTTCCTGTACC-2	C0
5.23299692650009e-20	0.324382683676152	0.234	0.058	3.0461275109157e-16	2	GTGCGGTAGACAGACC-2	C5
5.23320876349078e-20	0.27591853475885	0.748	0.397	3.04625082122798e-16	2	GGTGTTAGTCTGGAGA-1	C5
5.79251191064443e-20	0.815324547818219	0.216	0.051	3.37182118318612e-16	2	AACCATGAGAAGAAGC-2	C0
6.10413227125796e-20	0.368521452112401	0.23	0.056	3.55321539509926e-16	2	GTTAAGCGTTATCACG-2	C5
6.29489552671288e-20	0.452233634569803	0.189	0.039	3.66425868609957e-16	2	CCACCTAAGTCATCCA-2	C0
6.36802099885874e-20	1.24629986559057	0.207	0.047	3.70682502343568e-16	2	GGTGAAGGTAAATACG-2	C5
6.86708782104985e-20	0.326318827388496	0.212	0.049	3.99733182063312e-16	2	GGGTCTGTCCACGACG-2	C0
7.33834042520094e-20	0.728079149690576	0.203	0.045	4.27164796150947e-16	2	ACTGATGAGCCGTCGT-2	C0
9.61666544741839e-20	0.297646145494526	0.315	0.101	5.59786095694225e-16	2	CAGCGACCACCTGGTG-2	C0
1.08324232680625e-19	0.52778689479124	0.194	0.042	6.30555358433917e-16	2	TGATTTCCAAGCGAGT-2	C0
1.38054398702942e-19	0.42612085229901	0.207	0.047	8.03614654849824e-16	2	CGTGTAAGTTCAGTAC-2	C0
1.49815401373223e-19	0.558469369721621	0.212	0.049	8.72075451393532e-16	2	CAGCCGAAGACTAGGC-2	C0
1.57173041862185e-19	1.29669082885461	0.275	0.082	9.1490427667978e-16	2	ACGCAGCGTCTCCATC-2	C0
1.57420612228018e-19	0.384044467545675	0.203	0.045	9.16345383779293e-16	2	TGTCCCATCTTGCAAG-2	C5
1.58998362171456e-19	0.502397478131333	0.239	0.061	9.25529466200047e-16	2	TTAGGCACACAACGTT-2	C5
2.33025513511418e-19	0.618768958219076	0.189	0.04	1.35644151414996e-15	2	CGGACACAGCGATATA-2	C5
3.14527298748549e-19	0.954129637740513	0.171	0.034	1.8308634060153e-15	2	AATCGGTGTGGTCTCG-2	C0
4.16079961462563e-19	0.744956922628268	0.23	0.059	2.42200145567358e-15	2	CTCGTACCACCATCCT-2	C5
4.61121783759292e-19	0.646427515037471	0.221	0.055	2.68418990326284e-15	2	CGAACATTCCTGTAGA-2	C0
4.68309223974661e-19	0.809755176561762	0.221	0.055	2.7260279927565e-15	2	CAGATCATCTTGTCAT-2	C5
4.89113816051809e-19	1.07422070995671	0.239	0.065	2.84713152323758e-15	2	TTGTAGGTCACTTCAT-2	C0
5.00666170563296e-19	0.412674104122048	0.203	0.046	2.91437777884894e-15	2	CGGACGTCACGCCAGT-2	C5
7.00851937820219e-19	0.317811804543702	0.225	0.058	4.0796591300515e-15	2	TTCTCCTGTATCGCAT-2	C0
7.85762751737058e-19	0.27188141864732	0.23	0.06	4.57392497786142e-15	2	TCAGGTATCGGAGCAA-2	C5
8.79412272850885e-19	1.21914970171819	0.176	0.037	5.119058840265e-15	2	GTGGGTCAGGGAAACA-2	C0
1.13344729101492e-18	1.16890014500848	0.189	0.042	6.59779668099785e-15	2	GATCTAGCAAGCTGAG-2	C0
1.27076801868324e-18	0.751860042567835	0.198	0.046	7.39714063675517e-15	2	CGGGTCATCTCTAGGA-2	C0
1.43896515027489e-18	0.615973912653802	0.176	0.037	8.37621613975014e-15	2	CTAGCCTCAATGAATG-2	C0
1.44986794619418e-18	0.415709102963018	0.207	0.05	8.4396813147963e-15	2	ACACCCTCATGAGCGA-2	C5
1.533255705587e-18	0.331077199049322	0.221	0.056	8.92508146222194e-15	2	GCTCTGTAGACGCAAC-2	C0
1.77074390072303e-18	0.263149241744591	0.248	0.069	1.03075002461088e-14	2	GTACTTTAGTGCGTGA-2	C9
1.96772478505034e-18	0.287232452112267	0.207	0.049	1.1454125973778e-14	2	CAGCTGGGTCGAGATG-2	C5
2.01731053521744e-18	0.300151056459364	0.221	0.057	1.17427646255007e-14	2	GGAATAATCGGATGGA-2	C0
2.06914416608402e-18	0.308606623332875	0.297	0.096	1.20444881907751e-14	2	CCGTTCACAGCATACT-2	C9
2.08043663068808e-18	0.851683133561279	0.275	0.083	1.21102216272353e-14	2	ATTATCCGTAAGTTCC-2	C0
2.4769537210821e-18	0.461075231247107	0.216	0.055	1.44183476104189e-14	2	CATCGAAAGTGCAAGC-2	C5
2.79883081308591e-18	0.2540365071582	0.221	0.057	1.62919941629731e-14	2	GTTCTCGGTCGCGAAA-2	C0
3.71696190033266e-18	0.39937058099637	0.234	0.063	2.16364352218364e-14	2	TGAGCATCAGTGACAG-2	C0
3.74634334260214e-18	1.23038451211057	0.171	0.036	2.1807464597287e-14	2	GTCCTCATCTCCAACC-2	C0
4.34275778185914e-18	0.378283633266826	0.257	0.074	2.5279193048202e-14	2	CGAATGTAGGATGGTC-2	C5
4.68015743819457e-18	0.367041553516786	0.248	0.071	2.72431964477306e-14	2	TCTCTAAGTAGGAGTC-2	C3
5.98263813777443e-18	0.629463731639278	0.203	0.049	3.4824936599985e-14	2	CATCAGATCTGAAAGA-2	C5
6.52112602360016e-18	0.286805243077691	0.212	0.053	3.79594745833766e-14	2	AACTCAGGTCAGTGGA-2	C5
8.0573182538393e-18	0.706553811301995	0.293	0.096	4.69016495555986e-14	2	GTGCTTCTCCCAAGTA-2	C3
8.57705709287079e-18	0.316423992852332	0.27	0.082	4.99270493376009e-14	2	GTGCAGCAGGAGTTTA-2	C3
9.97287408477093e-18	1.49325474249932	0.775	0.449	5.80521000474516e-14	2	CAACCTCCATGACGGA-1	C15
1.35413110056057e-17	0.391495803528449	0.216	0.057	7.88239713636309e-14	2	GCACTCTAGGTTCCTA-2	C0
1.39920204895205e-17	0.708790550502916	0.23	0.064	8.14475512694988e-14	2	AAGCCGCCACTTCTGC-2	C0
1.77010349675473e-17	0.576326281959138	0.185	0.043	1.03037724546093e-13	2	TAGACCAAGTCATCCA-2	C9
2.13895392063876e-17	0.594752885640429	0.221	0.06	1.24508507720382e-13	2	TGCGTGGCAGCTTAAC-2	C0
2.34716556432526e-17	0.405492238366884	0.198	0.048	1.36628507499374e-13	2	CTAGCCTCATGCTAGT-2	C5
2.91696977418804e-17	0.57010149312029	0.225	0.061	1.69796810555486e-13	2	ACGCCGAAGAGTGAGA-2	C0
5.4208164336644e-17	0.639326528115885	0.198	0.05	3.15545724603605e-13	2	CTGGTCTGTTCGTCTC-2	C0
7.87243546741781e-17	0.483688131421579	0.203	0.052	4.58254468558391e-13	2	GGACATTCAAACCCAT-2	C5
8.82439216429918e-17	0.424042864206398	0.198	0.049	5.13667867883855e-13	2	CGTGAGCCAAAGGAAG-2	C5
1.32368118441221e-16	0.793246639422414	0.185	0.046	7.70514817446349e-13	2	ACCAGTATCGTAGGTT-2	C0
1.50932928853709e-16	0.254894638714762	0.275	0.089	8.78580578857442e-13	2	GTCAAGTGTAGAAGGA-2	C5
1.57369476537161e-16	0.302945975503168	0.261	0.082	9.16047722922817e-13	2	CACATTTGTACATGTC-2	C5
1.75154751012205e-16	0.332878817690604	0.216	0.059	1.01957580564204e-12	2	GGGAGATTCCATGAAC-2	C5
1.81164722525617e-16	0.778782317309925	0.189	0.047	1.05455984982162e-12	2	TATGCCCCAGATAATG-2	C0
2.2674996358117e-16	0.262682433751946	0.203	0.053	1.31991153800599e-12	2	CGATGGCTCACAATGC-2	C5
3.05407783606539e-16	0.380697578184449	0.176	0.04	1.77777870837366e-12	2	GTTCATTTCACCCGAG-2	C0
3.11626253195937e-16	0.959930591436963	0.18	0.044	1.81397641985355e-12	2	GTACTTTTCGGATGTT-2	C0
3.82073604161465e-16	0.515810789832108	0.248	0.076	2.22405044982389e-12	2	TCAGCAAAGGCATGGT-2	C5
3.85674640960103e-16	0.316488377092684	0.248	0.076	2.24501208502876e-12	2	GGAATAAAGATGCGAC-2	C3
3.86476213845651e-16	0.590457543564541	0.194	0.049	2.24967804079554e-12	2	CCTTCGATCAGCTCGG-2	C5
5.60583018445806e-16	0.510094452653675	0.221	0.063	3.26315375037304e-12	2	ATTTCTGCATCTACGA-2	C5
7.20047677185553e-16	0.467869510930073	0.203	0.055	4.1913975288971e-12	2	CATCAAGCAAGTAATG-2	C0
7.78666584089375e-16	0.539847167862247	0.203	0.055	4.53261818598425e-12	2	TGGGCGTAGGGATACC-2	C5
1.39132749271712e-15	0.574569027080258	0.185	0.047	8.09891733510637e-12	2	CTCTACGAGTCCAGGA-2	C0
1.49173962999338e-15	0.465353099410373	0.221	0.064	8.68341638619149e-12	2	GCTTCCAAGACATAAC-2	C5
1.6515994468865e-15	0.808137431814986	0.153	0.034	9.61396038032631e-12	2	CGGTTAACAGTCCTTC-2	C0
2.26652177283391e-15	0.516401736836444	0.23	0.07	1.31934232396662e-11	2	TACCTTACATATGGTC-2	C0
3.05610142913217e-15	0.424482730512927	0.203	0.057	1.77895664189784e-11	2	GCGACCACAGTACACT-2	C5
3.38537114615851e-15	0.556495236778081	0.194	0.052	1.97062454417887e-11	2	GTGCATATCTCCAGGG-2	C5
4.06483059686542e-15	0.425485997772605	0.18	0.046	2.36613789043536e-11	2	TGTGTTTCACACATGT-2	C3
4.60356087014708e-15	0.528469597540244	0.216	0.064	2.67973278251262e-11	2	CAGGTGCTCTGAGTGT-2	C5
4.81871131594674e-15	0.357520002852689	0.189	0.05	2.8049718570126e-11	2	TCAATCTTCCAACCAA-2	C0
4.95773496798727e-15	0.431522335458643	0.198	0.055	2.88589752486539e-11	2	GGACAAGGTCCGACGT-2	C5
5.23810711931842e-15	0.827521599095357	0.167	0.04	3.04910215415525e-11	2	TTTCCTCGTATGGTTC-2	C9
5.25058530879149e-15	1.00998576226955	0.176	0.044	3.05636570824753e-11	2	GATCGCGGTGCCTGCA-2	C0
6.42229375150802e-15	0.577820780923206	0.185	0.048	3.73841719275282e-11	2	GAGGTGACAGTCGTGC-2	C0
7.24571824679643e-15	0.297506188337826	0.212	0.061	4.2177325914602e-11	2	CCTAGCTCACACGCTG-2	C5
7.47645693877838e-15	0.294026218030492	0.216	0.065	4.35204558406289e-11	2	TGAGAGGTCTCTTATG-2	C5
8.31659031293367e-15	0.414297622834286	0.23	0.072	4.84108722115869e-11	2	GCGACCAAGGATGGTC-2	C4
8.99094080434351e-15	0.322352569659956	0.194	0.053	5.23362664220836e-11	2	ACATGGTGTAACGCGA-2	C0
9.48941223211522e-15	0.312043186746787	0.221	0.067	5.52378686031427e-11	2	CGGAGTCCACGCGAAA-2	C5
1.05368353855301e-14	0.376669791873306	0.216	0.065	6.13349187791704e-11	2	TGAGCCGAGTGTTTGC-2	C9
1.3283790016671e-14	0.34514552315318	0.18	0.047	7.73249416870418e-11	2	GCATGCGGTTGCGTTA-2	C5
1.36868733310667e-14	0.377132191616722	0.198	0.056	7.96712896601393e-11	2	AATCCAGAGACTACAA-2	C0
1.42676496745567e-14	0.428290800712948	0.153	0.035	8.30519887555948e-11	2	TCTCATACAGGACGTA-2	C0
1.66482637538994e-14	0.33740835973484	0.207	0.061	9.69095433114484e-11	2	TTGAACGCACTGAAGG-2	C0
1.91686372677274e-14	0.336558155867882	0.194	0.054	1.11580637535441e-10	2	CGATCGGCACAAGCCC-2	C5
2.26332017793034e-14	0.426616176883625	0.302	0.118	1.31747867557325e-10	2	CCATGTCGTCTCAACA-2	C0
2.69662530027513e-14	0.435689290129541	0.207	0.061	1.56970558729015e-10	2	ACATCAGGTTCCAACA-2	C5
2.81451940116451e-14	0.298543094105507	0.189	0.052	1.63833174341786e-10	2	AAACCTGAGGGTGTTG-2	C5
3.11039519284672e-14	0.256890664980458	0.189	0.052	1.81056104175608e-10	2	GACCAATCAATGGTCT-2	C5
3.54980871225272e-14	0.529178199334953	0.216	0.067	2.06634365140231e-10	2	CATGGCGTCCTAGTGA-2	C5
4.43119411200359e-14	0.900239664266166	0.207	0.062	2.57939809259729e-10	2	ATGAGGGCACAAGTAA-2	C0
7.59780213981037e-14	0.411522157853073	0.203	0.062	4.42268062558362e-10	2	ATCTACTTCATTTGGG-2	C9
9.97940898178738e-14	0.270244453293735	0.203	0.061	5.80901396829844e-10	2	CATGACAGTAAGTAGT-2	C5
1.01492409973965e-13	0.342802294880158	0.185	0.052	5.90787318458449e-10	2	TGGACGCAGAAGATTC-2	C5
1.05308975015589e-13	0.453072025875836	0.194	0.057	6.13003543565741e-10	2	ATCGAGTCACTCTGTC-2	C5
1.23931575945852e-13	0.29359620313126	0.203	0.06	7.21405703580805e-10	2	AAATGCCCAAGGTGTG-2	C5
1.45239582633457e-13	0.699761943070015	0.221	0.071	8.45439610509352e-10	2	ATGTGTGAGAGGTAGA-2	C5
1.89914797683348e-13	0.303742955104873	0.189	0.055	1.10549403731477e-09	2	CTGCCTATCTGGGCCA-2	C5
2.01253672508752e-13	0.902381014179126	0.149	0.036	1.17149762767345e-09	2	CTGCGGAGTCAGAGGT-2	C0
2.69135339180049e-13	0.589128768672249	0.158	0.04	1.56663680936707e-09	2	AACTCTTCAAGTCTGT-2	C5
3.65058144108847e-13	0.34949886930514	0.194	0.058	2.1250034568576e-09	2	TCTATTGGTACAGCAG-2	C5
4.43084431287311e-13	0.539105194200415	0.194	0.059	2.57919447452344e-09	2	GTTAAGCAGCGTGAGT-2	C0
5.40189080541109e-13	0.365796979444808	0.176	0.049	3.14444063782979e-09	2	GATCGATCACAGCGTC-2	C5
5.5139242638242e-13	0.325383003278236	0.212	0.069	3.20965531397207e-09	2	ATTATCCGTGCGAAAC-2	C5
5.67740557450652e-13	0.320913213063067	0.185	0.054	3.30481778492024e-09	2	CTGTGCTAGTGAAGTT-2	C5
6.30516483919254e-13	0.624686154043069	0.171	0.048	3.67023645289398e-09	2	CCTAGCTCAGTAAGCG-2	C5
7.44328046975421e-13	0.377447805522243	0.194	0.059	4.33273356144393e-09	2	GTTAAGCCAATGGAGC-2	C9
7.63951904100069e-13	0.421358398131521	0.198	0.062	4.4469640337665e-09	2	AAATGCCTCAAGCCTA-2	C5
8.20850897105423e-13	0.419265961081053	0.171	0.048	4.77817307205067e-09	2	TGCCCATTCAACACAC-2	C5
9.72028658514312e-13	0.625175855947918	0.176	0.05	5.65817882121181e-09	2	TTCTACATCAACACCA-2	C5
1.26410322208429e-12	0.596393998535853	0.144	0.036	7.35834485575266e-09	2	CAAGGCCTCGCCTGAG-2	C9
1.4229532670761e-12	0.314774254248275	0.216	0.071	8.28301096764998e-09	2	CCTACCATCAGGTTCA-2	C5
1.80800068351905e-12	0.38100029299141	0.158	0.042	1.05243719787644e-08	2	CGCTATCCACAACGCC-2	C5
2.60590912722351e-12	0.486088997236357	0.176	0.052	1.51689970295681e-08	2	TATCAGGAGCTGCCCA-2	C5
3.42023591248094e-12	0.285953508341734	0.171	0.05	1.99091932465516e-08	2	GCTGCAGGTGAAATCA-2	C0
4.08293344938962e-12	0.589759397349553	0.18	0.055	2.3766755608897e-08	2	GGGTTGCCAGCTTAAC-2	C0
4.36343808628251e-12	0.609890310620317	0.207	0.07	2.53995731002505e-08	2	CCAATCCAGCGATTCT-2	C5
7.50461413089757e-12	0.841338896208072	0.18	0.057	4.36843588559548e-08	2	AGGGAGTCATTCCTCG-2	C5
7.51789675856735e-12	0.272749972352721	0.203	0.067	4.37616770316206e-08	2	TGCCAAAGTTGATTGC-2	C5
8.48022461889008e-12	0.279832601087456	0.198	0.066	4.93633875065592e-08	2	AATCCAGTCTTAGCCC-2	C5
8.91358320895728e-12	0.272356098757559	0.171	0.051	5.18859678593403e-08	2	TGGTTCCCAGGTGCCT-2	C5
1.29368345858138e-11	0.628738067326781	0.153	0.043	7.53053141240223e-08	2	GCCTCTAGTCTCTTAT-2	C5
1.36453612355805e-11	0.66886770387589	0.743	0.506	7.94296477523143e-08	2	AACTGGTGTCACTTCC-1	C17
2.15106911777539e-11	0.350904462825457	0.176	0.055	1.25213733345705e-07	2	CCACCTAGTTGTCTTT-2	C5
2.29794770051568e-11	0.532390381102326	0.203	0.07	1.33763535647018e-07	2	GACGTTATCCAGATCA-2	C9
3.58167018862991e-11	0.346920325992021	0.212	0.076	2.08489021680147e-07	2	CGGGTCAGTCAGAGGT-2	C9
7.49091228880739e-11	0.322035535633073	0.176	0.057	4.36046004331478e-07	2	AAAGTAGCAGTATCTG-2	C5
8.42792896109013e-11	0.279008916392112	0.162	0.05	4.90589744825056e-07	2	CGATGGCCACGAAATA-2	C5
8.70073116315151e-11	0.543345489461051	0.167	0.053	5.06469561007049e-07	2	TTGGAACTCCCTCAGT-2	C5
9.91570032674049e-11	0.332754752129853	0.176	0.057	5.77192916019564e-07	2	AGTGTCATCTAACTTC-2	C5
1.35248999728836e-10	0.262969899023505	0.189	0.065	7.87284427421552e-07	2	CGCGTTTCAGAAGCAC-2	C5
1.39350297179642e-10	0.307609413515235	0.171	0.055	8.11158079882693e-07	2	GGGCACTGTAAGTGGC-2	C0
1.39931649773515e-10	0.455135677647535	0.162	0.051	8.1454213333163e-07	2	CGATGTACATGTCCTC-2	C5
1.52782989397058e-10	0.403849083436953	0.176	0.058	8.89349781280275e-07	2	TCGGGACGTTGATTGC-2	C5
2.11408200173225e-10	1.30128859145239	0.162	0.052	1.23060713320834e-06	2	CAACCTCGTGCAGACA-2	C21
2.79017617726892e-10	0.550638199219664	0.18	0.061	1.62416155278824e-06	2	TAAGAGAAGGAGTACC-2	C5
2.92956896499523e-10	0.359837346540497	0.171	0.057	1.70530209452373e-06	2	GATCGATCACATTAGC-2	C5
7.03898856771631e-10	0.411151433561618	0.153	0.048	4.09739524526766e-06	2	CTTAGGAGTAGCAAAT-2	C0
7.37607694275116e-10	0.351794431807515	0.189	0.069	4.29361438837545e-06	2	GCATGATTCAGTACGT-2	C5
7.75675906903685e-10	0.253192147608254	0.153	0.048	4.51520945408635e-06	2	GTTCTCGAGCGTTGCC-2	C5
7.95854772653206e-10	1.05217845054841	0.153	0.049	4.63267063161431e-06	2	CGCTTCAAGCGTTCCG-2	C0
8.42421642436854e-10	0.272665479008094	0.162	0.053	4.90373638062493e-06	2	TAAGCGTGTTCGCTAA-2	C5
1.06561894702322e-09	0.297323875251234	0.212	0.083	6.20296789062219e-06	2	CAGCTGGGTGCCTTGG-2	C20
1.18982251258215e-09	0.311678893055086	0.176	0.061	6.92595684574071e-06	2	GCGGGTTTCCCATTAT-2	C5
1.36120148795866e-09	0.270040069024251	0.131	0.038	7.92355386140734e-06	2	AGCGGTCAGAGGACGG-2	C5
1.73420931086118e-09	0.453272044765151	0.18	0.065	1.0094832398523e-05	2	ACCAGTAGTCCTCTTG-2	C4
2.05758540356041e-09	0.330230390679873	0.167	0.057	1.19772046341251e-05	2	CGACCTTTCACTGGGC-2	C5
3.75262041263231e-09	0.77181081551897	0.185	0.07	2.18440034219327e-05	2	TGTCCCACACCGTTGG-2	C0
4.17114941260522e-09	0.318791979066723	0.162	0.056	2.4280260730775e-05	2	ACACCAAGTAATTGGA-2	C5
4.25071525093203e-09	0.657573426559543	0.149	0.049	2.47434134756753e-05	2	CTTTGCGAGTGCGTGA-2	C5
5.08298236123803e-09	0.490302947608314	0.14	0.044	2.95880403247666e-05	2	GACCAATAGGGCACTA-2	C5
5.76947693327777e-09	0.282257623598677	0.158	0.055	3.35841252286099e-05	2	CTCTAATGTCACTGGC-2	C5
6.08406110091999e-09	0.328387233618631	0.18	0.067	3.54153196684552e-05	2	ATCATGGAGAGCTGGT-2	C0
7.31468751192059e-09	0.382645223047459	0.158	0.055	4.25787960068897e-05	2	TTGGCAACAAGTTAAG-2	C5
7.38876963010864e-09	0.260876865828518	0.153	0.052	4.30100280168624e-05	2	ACATGGTTCAGCATGT-2	C5
1.26371662020942e-08	0.421473087566703	0.144	0.048	7.35609444623901e-05	2	AACCATGCACGTCAGC-2	C5
1.3775477171588e-08	0.465871611435121	0.216	0.09	8.01870526158137e-05	2	GGCTGGTCAGGGATTG-2	C13
1.38448639447376e-08	0.424756979038639	0.14	0.046	8.05909530223173e-05	2	GAAATGAAGGTGTTAA-2	C5
2.42589166314108e-08	0.303583549576061	0.158	0.057	0.000141211153711442	2	TTGGAACGTGATGCCC-2	C5
3.05164064899235e-08	0.269814272264123	0.185	0.074	0.000177636002177845	2	TGTGGTACAATGGTCT-2	C5
3.20383696784768e-08	0.253829814384545	0.14	0.047	0.000186495349898413	2	CACAGTATCGGAATCT-2	C5
4.79936660532183e-08	0.403257923038465	0.162	0.062	0.000279371130095784	2	AAGTCTGTCCACGTGG-2	C5
5.43164602493484e-08	0.307589848672823	0.131	0.044	0.000316176115111457	2	AACTCAGCATGCCTAA-2	C5
1.28472489694064e-07	0.344609616334538	0.158	0.06	0.000747838362509149	2	TGGACGCCATACGCTA-2	C5
1.4267916777339e-07	0.3232404078534	0.149	0.056	0.000830535435608902	2	CTTAACTTCGAATGGG-2	C5
1.45251487642988e-07	0.417077744021714	0.126	0.043	0.000845508909569835	2	ACTTACTAGATATGCA-2	C5
1.87251948821277e-07	0.411346276195281	0.14	0.051	0.00108999359408865	2	GTCCTCATCTCTGAGA-2	C5
2.74033538980415e-07	0.341896298363073	0.18	0.076	0.001595149230405	2	AGTTGGTCAGTCAGAG-2	C5
3.10924108046916e-07	0.422167537468398	0.14	0.052	0.0018098892329411	2	GTACTCCCACAGCGTC-2	C5
3.67291970810832e-07	0.287011443015766	0.144	0.054	0.00213800656208985	2	CGCTATCGTAGCGATG-2	C5
4.80856257023994e-07	0.380446041583217	0.158	0.064	0.00279906427213667	2	GACGGCTCACGACTCG-2	C5
5.19689949055548e-07	0.328841551247836	0.189	0.084	0.00302511519345234	2	CAGCGACCAGCCAGAA-2	C3
5.47488390848722e-07	0.352901839803163	0.131	0.048	0.00318692992313041	2	ATTCTACAGTTGTCGT-2	C5
1.17850231722468e-06	0.306280952386218	0.838	0.654	0.00686006198856488	2	CGGGTCACAGGCTCTG-3	C1
2.30360798052287e-06	0.505907617643632	0.18	0.082	0.0134093020546236	2	CACACTCAGAAGGTTT-2	C5
2.90366732839075e-06	0.498823053229554	0.122	0.046	0.0169022475185625	2	TAAACCGTCCTGTACC-2	C5
2.9395143489326e-06	0.394484011579669	0.149	0.062	0.0171109130251367	2	AATCCAGAGGTGCTTT-2	C5
3.13975731194181e-06	0.28613647380651	0.131	0.051	0.0182765273128133	2	GGGAGATCACAAGTAA-2	C5
3.521556325197e-06	0.26919073051404	0.131	0.052	0.0204989793689717	2	GTGTGCGCACATTAGC-2	C3
4.82486045313806e-06	0.25259566753753	0.153	0.066	0.0280855126977166	2	TGCGGGTCACATTCGA-2	C5
4.96985529235582e-06	0.501659674703035	0.176	0.082	0.0289295276568032	2	TGCCCTAGTAGAAAGG-2	C0
5.01459425753072e-06	0.459969553264736	0.131	0.053	0.0291899531730863	2	AAGGCAGAGTGGAGTC-2	C5
