p_val	avg_log2FC	pct.1	pct.2	p_val_adj	geneCluster	cell	cellType
2.85158246901216e-114	4.24589666136165	0.756	0.063	1.65990615521198e-110	10	ACGGAGACAGGAATCG-2	C16
1.14277025202356e-106	4.39374806680748	0.656	0.048	6.65206563702916e-103	10	CTGAAGTCAGGCAGTA-2	C16
7.34112715882722e-105	4.20523948319272	0.6	0.038	4.27327011915333e-101	10	CTACGTCGTGTGAATA-2	C16
7.41806906033326e-97	3.97193803229763	0.6	0.043	4.31805800001999e-93	10	TGGGCGTAGGTAGCTG-2	C16
4.04544008690721e-96	4.266425852882	0.722	0.072	2.35485067458869e-92	10	TGACAACAGTCGTACT-2	C16
1.11255685498548e-88	3.9736363277073	0.744	0.085	6.47619345287047e-85	10	AGTGAGGAGGTGATAT-2	C16
1.72980021946041e-84	4.27525604229131	0.689	0.076	1.00691670774791e-80	10	GTGTTAGAGGTGTGGT-2	C16
1.14139382296346e-46	3.77402096837376	0.522	0.076	6.64405344347032e-43	10	TGGTTCCTCTGCCCTA-2	C16
5.11093152483199e-45	1.50294868298777	0.544	0.084	2.9750732406047e-41	10	TTTCCTCCACCCATGG-2	C16
5.52743969086253e-38	4.46026211038126	0.944	0.466	3.21752264405108e-34	10	CTCTAATTCGTCCAGG-1	C16
3.28275959905647e-35	3.12666350999521	0.378	0.051	1.91089436261077e-31	10	CTCCTAGCACATGGGA-2	C16
4.23258335099997e-34	3.32536021843754	0.478	0.088	2.46378676861708e-30	10	CTGTTTAAGGCTCATT-2	C16
1.2373983162722e-33	1.37973118835605	0.933	0.518	7.20289559902046e-30	10	TAGACCACAAGAAGAG-1	C16
1.84386533485336e-33	1.77269581901826	0.933	0.543	1.07331401141814e-29	10	TGGTTCCGTTTAGGAA-1	C16
1.42834476140345e-32	3.57416359263753	0.911	0.497	8.31439485612949e-29	10	GCGAGAAAGGCGTACA-1	C16
1.04848688712708e-30	3.17175654356762	0.444	0.084	6.10324216996676e-27	10	GGTATTGGTGTGCCTG-2	C16
6.26688628683374e-28	3.26912581150849	0.422	0.083	3.64795450756592e-24	10	TGAAAGAGTGCCTGGT-2	C16
1.72164508181384e-27	2.87954665771565	0.878	0.496	1.00216960212384e-23	10	GATGCTACACCATCCT-1	C16
1.55401281146911e-23	0.42086680701038	0.922	0.484	9.0459085755617e-20	10	GTTCATTTCGGAGGTA-1	C16
2.14199762746502e-23	0.268443746283321	0.9	0.487	1.24685681894739e-19	10	GCGACCAAGATAGTCA-1	C16
3.44993470465532e-23	0.458235571308295	0.889	0.472	2.00820699157986e-19	10	CGGACGTCAATGCCAT-1	C16
6.73229655279564e-21	0.505642614335776	0.9	0.496	3.91886982338234e-17	10	AGTCTTTGTAAAGGAG-1	C16
1.80023650314885e-20	0.481361714029291	0.9	0.498	1.04791766848294e-16	10	CCTACACCAGGGTTAG-1	C16
1.62064311238954e-19	0.461493136843508	0.9	0.519	9.43376355721953e-16	10	CCTAAAGAGTAAGTAC-1	C16
5.66542470762864e-19	0.422117865922637	0.878	0.494	3.29784372231063e-15	10	GGACAGAAGGGATACC-1	C16
8.51067922817775e-19	0.846082072216415	0.878	0.485	4.95406637872227e-15	10	CTACACCAGGCAGTCA-1	C16
5.37538242742125e-18	0.4316895855096	0.878	0.492	3.12901011100191e-14	10	TCTCATAGTGCAACTT-1	C16
8.83536556220696e-18	1.76470758453004	0.367	0.091	5.14306629376067e-14	10	TACTTGTTCGCAAACT-2	C16
1.58122136536479e-17	0.554810897394273	0.889	0.509	9.20428956778843e-14	10	CCGTACTTCCGTTGTC-1	C16
1.59880802441998e-17	0.433943964008619	0.856	0.484	9.3066615101487e-14	10	CATGGCGTCCTCAATT-1	C16
5.6010401017239e-17	0.289476227721477	0.9	0.641	3.26036544321348e-13	10	CGTTAGAGTATCCCAA-3	C16
6.07809035751343e-17	0.484014185923591	0.867	0.501	3.53805639710857e-13	10	CCCAATCGTACATGTC-1	C16
7.50634941939269e-17	0.644563942554062	0.867	0.485	4.36944599702848e-13	10	TAGACCATCCTTGCCA-1	C16
1.88821856529437e-16	0.562422546041626	0.9	0.651	1.09913202685786e-12	10	GTCCTCAGTAGGCAAC-3	C16
5.75879323208125e-16	0.257096042658194	0.889	0.64	3.35219354039449e-12	10	CATTTCATCGGTGCAC-3	C16
2.72911156157024e-15	2.46721951191449	0.267	0.058	1.58861583999004e-11	10	GAAGCAGGTCTCAACA-2	C16
3.41557781497608e-15	0.343097573217311	0.844	0.482	1.98820784609757e-11	10	GATCAGTAGTAACCCT-1	C16
4.07479176400231e-15	0.279721865432498	0.889	0.645	2.37193628582574e-11	10	GAGACTTAGTCAAGCG-3	C16
6.02209439993874e-11	0.268104961173343	0.878	0.646	3.50546115020434e-07	10	GAATAGAAGAATAACC-3	C16
