p_val	avg_log2FC	pct.1	pct.2	p_val_adj	geneCluster	cell	cellType
2.22220102038035e-201	4.17166499821296	0.748	0.034	1.2935432139634e-197	5	GTACTTTCAAACTGTC-2	C8
3.31779312374921e-200	4.1059175132186	0.735	0.032	1.93128737733442e-196	5	GGATTACTCCACGTGG-2	C8
6.15465352182435e-199	3.67925322494117	0.781	0.041	3.58262381505396e-195	5	AAACGGGGTGGTAACG-2	C8
2.55368659633728e-198	3.78034247089976	0.762	0.037	1.48650096772793e-194	5	CGAGCCAGTCACACGC-2	C8
6.41122707565083e-198	3.8950548761465	0.808	0.048	3.73197528073635e-194	5	AACGTTGAGGTAGCTG-2	C8
1.68645684179045e-197	3.55393438022504	0.775	0.04	9.81686527606222e-194	5	TTTCCTCAGGACGAAA-2	C8
4.90819344380109e-191	3.68427819830712	0.755	0.041	2.85705940363661e-187	5	GCAGCCAAGGCAAAGA-2	C8
9.35869352324717e-190	3.6971784995273	0.748	0.039	5.44769549988218e-186	5	AGCTCTCGTTACGACT-2	C8
1.3560414568369e-189	4.04799467828962	0.728	0.036	7.89351732024762e-186	5	TCATTACCATACTACG-2	C8
2.4974986475301e-189	4.08115899733931	0.775	0.046	1.45379396272727e-185	5	GACAGAGCAGGGCATA-2	C8
3.41649528035302e-189	3.69203112864482	0.735	0.037	1.9887419026935e-185	5	GATCTAGTCGCTTGTC-2	C8
5.45385126448014e-189	3.82607750468584	0.788	0.049	3.17468682105389e-185	5	CACTCCACAGATTGCT-2	C8
1.94096046878449e-188	3.79684731155835	0.781	0.047	1.12983308887945e-184	5	CCTACACAGACTAGAT-2	C8
2.90643804018538e-187	4.08823611634724	0.675	0.028	1.69183758319191e-183	5	GCGACCAGTGATGTGG-2	C8
4.11745984817764e-187	3.59545500231358	0.841	0.06	2.3967733776242e-183	5	GGATGTTAGAGGTAGA-2	C8
2.0606719936555e-185	4.13292638210353	0.596	0.016	1.19951716750686e-181	5	GTCTCGTGTAGCTAAA-2	C8
1.4441317798828e-184	3.89072426168215	0.808	0.056	8.40629109069778e-181	5	GTACTCCTCCGCGCAA-2	C8
3.54956387914165e-184	3.60096090931976	0.775	0.048	2.06620113404836e-180	5	ACCGTAACAATCGAAA-2	C8
5.17337085061081e-184	3.91307817133343	0.762	0.045	3.01141917214055e-180	5	ACGTCAACAGCGATCC-2	C8
8.69443625914032e-184	3.9164078088025	0.768	0.048	5.06103134644558e-180	5	TACTCATAGAGGTTGC-2	C8
1.50295980457711e-183	4.10401475125953	0.669	0.028	8.74872902244334e-180	5	CTCGAGGAGATATGGT-2	C8
1.50110303972528e-182	4.05500846275013	0.662	0.028	8.73792079424084e-179	5	GATCGTATCTCGTATT-2	C8
2.36151684857855e-182	3.89553958994987	0.682	0.031	1.37463895755757e-178	5	CAGAATCAGGATTCGG-2	C8
4.78003334340993e-182	4.01621657396327	0.715	0.037	2.78245740919892e-178	5	AGCAGCCGTGGTTTCA-2	C8
4.79786270619493e-182	3.86388386003415	0.649	0.025	2.79283588127607e-178	5	GGACAAGTCCCTTGTG-2	C8
3.85894132885238e-181	4.20712456975361	0.675	0.03	2.24628974752497e-177	5	ACGCCGATCCCTAATT-2	C8
8.4982520836094e-181	3.86114990531331	0.695	0.034	4.94683253786903e-177	5	AGAGTGGGTTCCCTTG-2	C8
8.71060962324136e-181	3.70631476373828	0.815	0.058	5.0704458616888e-177	5	CGTCCATTCACTTACT-2	C8
9.06115395090803e-181	3.81998226378087	0.808	0.058	5.27449771482356e-177	5	ACTATCTAGAATTCCC-2	C8
2.01843078596218e-180	3.81498523728846	0.742	0.043	1.17492856050858e-176	5	TGCGGGTAGTGCGTGA-2	C8
2.62114201740237e-180	3.92484771677023	0.742	0.043	1.52576676832992e-176	5	GGACATTGTGCAGACA-2	C8
3.7172253956515e-180	3.74912434592429	0.821	0.06	2.16379690280874e-176	5	ATAAGAGAGGAGCGAG-2	C8
4.49064924030603e-180	3.39341858627371	0.689	0.032	2.61400692278214e-176	5	CATCAGATCTCGTATT-2	C8
1.16543189152456e-178	3.97521416916094	0.662	0.029	6.78397904056448e-175	5	AGATCTGAGTGGTCCC-2	C8
2.57200542085632e-178	3.63957911285502	0.636	0.024	1.49716435548046e-174	5	TGACTTTCATCCTAGA-2	C8
3.60695954289961e-178	3.78870271846933	0.728	0.042	2.09961114992186e-174	5	AGTAGTCGTGCTTCTC-2	C8
5.74239752036725e-178	4.06108639856167	0.715	0.039	3.34264959660578e-174	5	GACGTTATCAACGAAA-2	C8
1.57078977015345e-177	3.97109896274647	0.702	0.037	9.14356725206323e-174	5	CACTCCATCCTCCTAG-2	C8
5.56623628359814e-177	3.3204917258339	0.815	0.059	3.24010614068248e-173	5	ACGATACTCGGCGGTT-2	C8
4.69294073209354e-176	3.3980292923272	0.722	0.039	2.73176080015165e-172	5	TTGACTTGTCTCGTTC-2	C8
6.3143193797491e-176	3.64621011071247	0.768	0.051	3.67556531095195e-172	5	TAAGCGTCAAAGGAAG-2	C8
6.78030440758574e-176	3.7652080834699	0.656	0.029	3.94681519565566e-172	5	CGCGGTAGTTGTGGCC-2	C8
4.52359200893e-175	3.8609448254634	0.669	0.032	2.63318290839816e-171	5	ACACCAACACACCGAC-2	C8
5.22977142500984e-175	3.71640286422606	0.742	0.047	3.04424994649823e-171	5	CGGAGTCTCATATCGG-2	C8
3.00640740578454e-174	3.70255796682352	0.788	0.058	1.75002975090718e-170	5	CGTGAGCAGGCTCATT-2	C8
3.42146278182836e-174	3.59228748560525	0.722	0.041	1.99163348530229e-170	5	CGTAGCGAGATAGGAG-2	C8
9.63669826558318e-174	3.50956339096523	0.795	0.056	5.60952206039597e-170	5	CTTAACTCAGCCTGTG-2	C8
1.40837020023894e-173	3.93462077128848	0.649	0.029	8.19812293559084e-170	5	CACACAAAGACTACAA-2	C8
1.55073292883465e-173	3.92590252713078	0.649	0.029	9.0268163787465e-170	5	CGTAGGCAGGCAGTCA-2	C8
1.7154874742751e-173	3.45610595871216	0.775	0.054	9.98585258775533e-170	5	ATAGACCTCACGCATA-2	C8
7.20702317155601e-173	3.73334898421851	0.841	0.071	4.19520818816275e-169	5	AGAGTGGAGTGTCCCG-2	C8
8.97874287994078e-173	3.82562881937682	0.649	0.029	5.22652623041353e-169	5	TTCTCAAAGTCCTCCT-2	C8
1.77507446823753e-172	3.79865978084606	0.689	0.036	1.03327084796107e-168	5	GACTAACGTAATCGTC-2	C8
2.6111227295301e-172	3.62163464151508	0.755	0.05	1.51993454085947e-168	5	GGTGAAGGTTTGACTG-2	C8
3.91587574233544e-172	3.43712735331825	0.801	0.061	2.27943126961346e-168	5	ATTGGTGGTCAGGACA-2	C8
4.00430312629894e-172	3.63044925890996	0.788	0.057	2.33090484981861e-168	5	AGGCCGTCAGTTCATG-2	C8
5.92878577540449e-172	3.29541535264956	0.828	0.067	3.45114619986296e-168	5	CTCGAGGAGAAGGGTA-2	C8
7.41017145132544e-172	3.49412209815626	0.815	0.063	4.31346080181654e-168	5	GTAACGTTCCCATTAT-2	C8
1.24411857379748e-171	3.72110454813036	0.675	0.035	7.24201421807516e-168	5	AGCATACGTACGCTGC-2	C8
1.52935182724093e-171	3.55816320552041	0.781	0.056	8.90235698636946e-168	5	GTCCTCACAACTGCTA-2	C8
2.30915143236393e-171	3.88113653182872	0.748	0.05	1.34415704877904e-167	5	TACGGGCTCTGAAAGA-2	C8
2.42759832759778e-171	3.81208547836137	0.675	0.035	1.41310498649467e-167	5	TGCTACCAGGCTACGA-2	C8
2.73527244871339e-171	3.73029186286709	0.649	0.03	1.59220209239607e-167	5	GCTGCAGCACCCATTC-2	C8
8.60149113364366e-171	3.7377812003277	0.596	0.021	5.00692798889397e-167	5	GCAGCCACAAACGCGA-2	C8
1.50020553608102e-170	3.87922891354689	0.695	0.039	8.73269642552764e-167	5	CGATCGGCAGCAGTTT-2	C8
4.67250179905442e-170	3.53615358149439	0.808	0.064	2.71986329722958e-166	5	ATCATCTCAATACGCT-2	C8
6.50800047574373e-170	3.42474810779127	0.755	0.052	3.78830707693043e-166	5	TTGGAACAGTGGTAAT-2	C8
3.73543089844422e-169	3.72065897234212	0.642	0.029	2.17439432598438e-165	5	GTTCGGGGTGTGACGA-2	C8
8.03702016488761e-169	3.39100887780425	0.755	0.051	4.67834943798108e-165	5	TGACGGCAGCGCTTAT-2	C8
9.25834872250221e-169	3.88764590678325	0.669	0.035	5.38928479136854e-165	5	TAGACCACACCGAATT-2	C8
1.80794745193527e-168	3.99017893869938	0.642	0.03	1.05240621177152e-164	5	GTTTCTAAGAGCCTAG-2	C8
3.49036235856181e-168	3.55301318329726	0.795	0.061	2.03173992891883e-164	5	AAGCCGCTCTTTAGGG-2	C8
5.66102704211796e-168	4.16553040886182	0.563	0.017	3.29528384121687e-164	5	AGCTCCTGTGATGTCT-2	C8
6.19886850762234e-168	3.65546926094982	0.768	0.056	3.60836135828697e-164	5	TCAGCAAGTCGACTAT-2	C8
7.65571016076754e-168	3.7507837098725	0.775	0.058	4.45638888458279e-164	5	TGACTTTCAATAACGA-2	C8
2.06712751407699e-167	4.01625134664318	0.636	0.029	1.20327492594421e-163	5	CATTCGCTCCTAGGGC-2	C8
2.12642695822528e-167	3.96880777564095	0.642	0.03	1.23779313238294e-163	5	GTCGTAACACGGTTTA-2	C8
2.28018721376812e-167	3.78245351070671	0.682	0.037	1.32729697713442e-163	5	TCCCGATTCTGGGCCA-2	C8
1.13982237060699e-166	3.68811905148077	0.656	0.033	6.63490601930326e-163	5	GATTCAGGTGTCCTCT-2	C8
1.18387620439574e-166	3.43508535898679	0.669	0.036	6.8913433857876e-163	5	GAACGGATCGCGTTTC-2	C8
6.14302510795788e-166	3.93365814247324	0.609	0.025	3.57585491534228e-162	5	CGATGTATCCGCGCAA-2	C8
9.52869541655594e-166	3.8257157873331	0.656	0.034	5.54665360197721e-162	5	CTAAGACAGGCTCTTA-2	C8
1.20377088901573e-165	4.00451163337174	0.709	0.044	7.00715034496058e-162	5	GGGTCTGTCTTTAGTC-2	C8
2.22919186890391e-165	4.15324028351734	0.629	0.029	1.29761258688897e-161	5	CACACTCCATCGGAAG-2	C8
3.5748893722773e-165	3.36893931960515	0.781	0.061	2.08094310360262e-161	5	TATCAGGTCCATGAGT-2	C8
7.73376193057143e-165	3.46411482467719	0.768	0.058	4.50182281978563e-161	5	CTAATGGTCTTGAGAC-2	C8
1.33717043074396e-164	3.96334791586411	0.642	0.031	7.78366907736059e-161	5	TAGTTGGCAAACAACA-2	C8
2.11381755525632e-164	3.85065924064913	0.662	0.036	1.2304531989147e-160	5	ACCTTTAGTAGATTAG-2	C8
2.65099838294695e-164	3.91824203440686	0.675	0.038	1.54314615871342e-160	5	GGACGTCAGACTGTAA-2	C8
5.06774090661778e-164	3.85855387380264	0.603	0.025	2.94993198174221e-160	5	CAGCCGATCATGTCTT-2	C8
8.61654093787805e-164	3.76198109567753	0.722	0.047	5.01568847993882e-160	5	GTCGGGTCACCCATGG-2	C8
8.94600526177691e-164	3.87824046785381	0.616	0.027	5.20746966288034e-160	5	TCAGGATGTTATCCGA-2	C8
1.55658778198736e-163	3.89939028157403	0.728	0.051	9.0608974789484e-160	5	TGAGCATTCTTGACGA-2	C8
1.93154023329299e-163	3.40709248922466	0.762	0.057	1.12434956979985e-159	5	ACTGCTCTCTGGGCCA-2	C8
2.65892444838011e-163	3.56779532300996	0.748	0.053	1.54775992140206e-159	5	TGGCTGGCACTTAAGC-2	C8
4.28775558176779e-163	3.97042559025098	0.609	0.027	2.49590252414703e-159	5	CCTCTGAAGAGTACAT-2	C8
5.04474282015668e-163	3.85917104992575	0.682	0.041	2.93654479561321e-159	5	TGGTTAGTCGAGGTAG-2	C8
7.64583750863463e-163	3.97830346739837	0.583	0.022	4.45064201377622e-159	5	ACGGGTCAGGCATGTG-2	C8
8.08762572919567e-163	3.27055176746344	0.722	0.047	4.7078069369648e-159	5	ACTGATGGTGCGGTAA-2	C8
1.08011189406442e-162	3.75088313240242	0.656	0.036	6.28733133534902e-159	5	GCTGCTTAGCTGAAAT-2	C8
1.13227161802927e-162	3.77179277914392	0.669	0.038	6.59095308854836e-159	5	CTGTGCTCAAGCTGGA-2	C8
1.33878138971871e-162	3.79157069491224	0.576	0.022	7.79304646955263e-159	5	CGAGAAGGTCAATGTC-2	C8
2.17547781366926e-162	3.14049319037859	0.762	0.057	1.26634563533688e-158	5	GTTAAGCGTTGTTTGG-2	C8
2.68999645883239e-162	3.84003412083785	0.675	0.039	1.56584693868634e-158	5	CATGACACATGGTTGT-2	C8
7.25129246895428e-162	3.71716885626436	0.702	0.045	4.22097734617829e-158	5	CCAATCCAGCCATCGC-2	C8
9.82822398580253e-162	3.643778552815	0.795	0.065	5.72100918213565e-158	5	GACCAATAGCTCAACT-2	C8
1.06814100809084e-161	3.71083972233602	0.675	0.039	6.21764880809678e-158	5	GGAAAGCCAACACCTA-2	C8
2.385595650384e-161	3.37317647186408	0.722	0.048	1.38865522808853e-157	5	AGACGTTCATTAGGCT-2	C8
3.12306523363472e-161	3.98758232574063	0.642	0.033	1.81793627249877e-157	5	AGTGGGAGTCACTGGC-2	C8
3.58997578945001e-161	4.16912433353066	0.563	0.02	2.08972490703885e-157	5	ATTCTACCAGCGTTCG-2	C8
5.25933902221311e-161	3.51873030249232	0.589	0.024	3.06146124483025e-157	5	TGAAAGATCGTCCAGG-2	C8
7.58303500448781e-161	4.05947739771962	0.609	0.028	4.41408467611235e-157	5	ACGTCAAAGTTGAGTA-2	C8
6.31836718759714e-160	3.13785702922421	0.695	0.044	3.67792153990029e-156	5	ACACCGGCAATGAAAC-2	C8
7.89733350232394e-160	3.6292817722342	0.603	0.027	4.59703783170277e-156	5	GCGACCACAAGCCTAT-2	C8
1.43971156438096e-159	4.07979524830123	0.649	0.036	8.38056101626155e-156	5	CCTACCAGTCTTCGTC-2	C8
1.52073657911206e-159	3.93686480991167	0.609	0.028	8.85220762701133e-156	5	CCACGGACAAGAAGAG-2	C8
3.94987340287165e-159	3.94589898637109	0.636	0.032	2.29922130781159e-155	5	ATCTACTTCTGGGCCA-2	C8
4.09216053208654e-159	4.24071085697967	0.609	0.028	2.38204664572757e-155	5	GCAAACTGTAGCTTGT-2	C8
4.13252266309515e-159	3.38689039280221	0.589	0.025	2.40554144218769e-155	5	AGCATACCAGGCTGAA-2	C8
1.31642722958167e-158	3.91020740658925	0.636	0.033	7.66292290339492e-155	5	ACGGCCACAAGTTGTC-2	C8
1.46621470798764e-158	3.81488304437268	0.609	0.028	8.53483581519606e-155	5	TGACGGCTCATCGCTC-2	C8
2.06172599946478e-158	3.87191942663271	0.649	0.037	1.20013070428845e-154	5	CTAATGGCATGCAATC-2	C8
2.09731128893785e-158	3.24760157830314	0.728	0.05	1.22084490129072e-154	5	GACTACAGTGACTCAT-2	C8
4.68268649498769e-158	3.79227393265682	0.576	0.023	2.72579180873233e-154	5	TCGAGGCCAGCATGAG-2	C8
7.27365360056754e-158	3.75631791965939	0.722	0.051	4.23399376089037e-154	5	TCACAAGGTGTGGCTC-2	C8
8.13035540599495e-158	3.47285752527378	0.788	0.067	4.73267988182966e-154	5	CGCTGGAAGATGCGAC-2	C8
9.47269523118496e-158	3.40372053610771	0.795	0.069	5.51405589407277e-154	5	ACTATCTGTGTGCGTC-2	C8
1.18554945349832e-157	4.05077063469702	0.636	0.034	6.90108336881374e-154	5	TTGGAACTCGTCCAGG-2	C8
1.35266769157253e-157	2.96784905209722	0.722	0.051	7.87387863264369e-154	5	CTCGGGACACTGTTAG-2	C8
1.51506397719999e-157	3.50646855270323	0.682	0.042	8.81918741128114e-154	5	CAGATCAGTGACAAAT-2	C8
1.59915369357766e-157	3.52139418485629	0.689	0.044	9.30867365031555e-154	5	GCATGTAGTCAAAGCG-2	C8
2.64835382155601e-157	3.73389055139625	0.735	0.055	1.54160675952775e-153	5	GAGCAGACAAGTAATG-2	C8
8.02077597919547e-157	3.07367673158295	0.669	0.039	4.66889369748968e-153	5	ATCTGCCCAAGACACG-2	C8
8.25796440971753e-157	3.84277214643282	0.675	0.042	4.80696108289657e-153	5	CAAGATCCATTTCACT-2	C8
8.42052468206409e-157	3.40365377671981	0.768	0.064	4.90158741742951e-153	5	TACTCGCCATTGGGCC-2	C8
2.9421919342491e-156	3.77869011545924	0.589	0.026	1.7126499249264e-152	5	GGCTGGTAGGAATTAC-2	C8
1.15230805836509e-155	3.51564234618074	0.709	0.05	6.70758520774321e-152	5	TGGGAAGGTTGCCTCT-2	C8
1.9184586650239e-155	3.3716690216793	0.755	0.059	1.11673478891041e-151	5	CGCGTTTCATGCCTAA-2	C8
2.3533995945497e-155	2.92268034080328	0.722	0.05	1.36991390398738e-151	5	CCTAGCTTCTTTAGTC-2	C8
4.88700787662959e-155	3.70350010502786	0.709	0.05	2.84472728498608e-151	5	ATGCGATAGATGTGTA-2	C8
1.51597703695821e-154	3.9811880773682	0.636	0.036	8.82450233213372e-151	5	ATTTCTGAGTGTTTGC-2	C8
2.50272885051699e-154	3.80775742006542	0.702	0.05	1.45683846388594e-150	5	TTCTACACATTATCTC-2	C8
3.14400193691735e-154	3.52828343464173	0.742	0.06	1.83012352747959e-150	5	GAACGGATCTTGACGA-2	C8
3.68622067800639e-154	3.09037359152977	0.775	0.065	2.14574905666752e-150	5	AACCGCGGTTCCACTC-2	C8
5.66778995015909e-154	3.54673568243977	0.642	0.036	3.29922052998761e-150	5	ACGGCCATCAGGATCT-2	C8
1.99931487939554e-153	4.29361575408699	0.589	0.027	1.16380119129614e-149	5	TAAGCGTAGAGTCTGG-2	C8
2.91314694840136e-153	4.09475186151432	0.576	0.025	1.69574283866443e-149	5	TAGCCGGCAGTATCTG-2	C8
3.12256092797632e-153	3.42073075692664	0.748	0.059	1.81764271617501e-149	5	AAGCCGCAGCCAACAG-2	C8
1.82566516297524e-152	3.75191605743795	0.675	0.044	1.06271969136789e-148	5	TGACTAGGTGTGACGA-2	C8
2.31319374309559e-152	3.55003097037294	0.589	0.028	1.34651007785594e-148	5	GACCTGGGTCGAATCT-2	C8
3.94019196388752e-152	2.94224942201952	0.728	0.055	2.29358574217893e-148	5	CCTACACGTGATGTGG-2	C8
4.53946480258579e-152	3.75890956913723	0.748	0.062	2.64242246158519e-148	5	ATAAGAGGTTAAAGTG-2	C8
2.48102417075151e-151	3.61602786010489	0.702	0.051	1.44420416979446e-147	5	CATATTCCAGATGGGT-2	C8
1.05126399228832e-150	3.30434416451677	0.728	0.056	6.11940769911031e-147	5	TGTTCCGAGGGCTCTC-2	C8
1.37541118056477e-150	3.5032159730234	0.636	0.037	8.00626848206754e-147	5	GTGCAGCGTCTTTCAT-2	C8
3.42903421226791e-150	3.95714284609856	0.57	0.025	1.99604081496115e-146	5	GGGACCTGTCATATCG-2	C8
4.31803217024218e-149	3.00493766243314	0.695	0.049	2.51352652629797e-145	5	TTGACTTCACTTCGAA-2	C8
5.31280152120682e-149	3.6874221752235	0.596	0.03	3.09258176549449e-145	5	TCACAAGGTCTAGTCA-2	C8
7.9743917021999e-149	3.62164845781578	0.669	0.046	4.64189340985056e-145	5	ATCTACTTCCATGAAC-2	C8
1.07114427189548e-148	3.26757514923884	0.662	0.043	6.23513080670361e-145	5	TCGCGAGAGACTAAGT-2	C8
1.22797090345426e-147	2.96314705517495	0.675	0.047	7.14801862900722e-144	5	TCTGAGACACGCGAAA-2	C8
1.63678551166518e-147	3.80944925071693	0.636	0.039	9.52772846340304e-144	5	CCTCAGTGTACGCTGC-2	C8
4.64552780340314e-147	3.87265477271396	0.589	0.03	2.70416173436097e-143	5	GTTACAGGTCTTCGTC-2	C8
5.49821682860817e-147	3.56470063804245	0.609	0.034	3.20051201593282e-143	5	CAGATCATCCAGTAGT-2	C8
4.74107836646002e-146	3.85624163107836	0.695	0.055	2.75978171711638e-142	5	TGCCAAACACCTGGTG-2	C8
2.3390189762409e-145	3.76755106196717	0.583	0.03	1.36154294606983e-141	5	AACTCCCGTGGAAAGA-2	C8
8.40061266649469e-145	3.21346674750249	0.682	0.049	4.88999663316656e-141	5	GGGCATCCAAACCCAT-2	C8
9.35835502217227e-145	3.69401172596537	0.563	0.027	5.44749845840648e-141	5	GACCAATGTTGGAGGT-2	C8
7.87271724065401e-144	3.9375359341413	0.57	0.028	4.5827087057847e-140	5	AAAGATGAGGACAGAA-2	C8
2.1067593531161e-143	3.63803503150632	0.636	0.041	1.22634461944888e-139	5	TCTCATATCACGCATA-2	C8
4.73925391512499e-143	4.20996639202381	0.589	0.032	2.75871970399426e-139	5	CGCTTCAGTGCGATAG-2	C8
5.15155172153955e-143	3.77326202587697	0.576	0.03	2.99871825710817e-139	5	ATCCACCTCAGCTCTC-2	C8
7.47335847213261e-143	3.71666825277557	0.57	0.029	4.35024196662839e-139	5	ACTTGTTCATGGGAAC-2	C8
4.59850314076754e-142	2.457581839239	0.722	0.059	2.67678867824079e-138	5	CAGCTAAAGGTTCCTA-2	C8
9.12940923082677e-142	3.5470086042263	0.583	0.031	5.31422911326426e-138	5	CTGCGGAGTCCCTACT-2	C8
4.53324820485904e-141	3.77786925469651	0.583	0.032	2.63880378004845e-137	5	GGGAATGCAACCGCCA-2	C8
1.53437097713066e-140	3.08644495690769	0.781	0.078	8.93157345787756e-137	5	CTGAAGTAGACAAGCC-2	C8
5.93281257039328e-140	3.94857803524766	0.556	0.028	3.45349019722593e-136	5	GGATTACTCATAAAGG-2	C8
9.718469057525e-140	3.94468266089455	0.543	0.025	5.6571208383853e-136	5	CACCACTGTGATGATA-2	C8
5.47725661863401e-139	3.06418110754899	0.715	0.061	3.18831107770686e-135	5	CCAATCCCAAGGTTTC-2	C8
6.45752244388192e-139	3.35263731440734	0.636	0.042	3.75892381458367e-135	5	ACGGCCACAGAGCCAA-2	C8
1.08406299249761e-138	3.31515471217788	0.742	0.071	6.31033067932861e-135	5	GGTATTGGTGCTGTAT-2	C8
8.21917251005093e-138	3.68650659576458	0.503	0.02	4.78438031810065e-134	5	GCACTCTGTAGCGTCC-2	C8
1.39594683024726e-137	3.89054519758613	0.556	0.029	8.12580649886933e-134	5	AACTGGTCAATAAGCA-2	C8
1.68911690386966e-137	3.59967994477604	0.649	0.047	9.83234949742532e-134	5	CGGACACTCTGATACG-2	C8
1.97096289480067e-137	3.35682675153056	0.762	0.077	1.14729750106347e-133	5	ATCACGATCGAATGGG-2	C8
5.59026548805873e-137	3.76473078161718	0.57	0.031	3.25409354059899e-133	5	GGCTCGACATAGTAAG-2	C8
8.15869687651593e-137	3.01560724486523	0.623	0.041	4.74917745181992e-133	5	GACCTGGGTCTCTTTA-2	C8
2.8330842362314e-136	3.71176853992831	0.55	0.028	1.6491383339103e-132	5	TGGCGCATCACGACTA-2	C8
4.29640816193397e-136	2.84779246334061	0.695	0.058	2.50093919106176e-132	5	CAGGTGCTCCACGTTC-2	C8
7.89758055603269e-136	3.98327762228748	0.556	0.03	4.59718164166663e-132	5	CCTAGCTTCTTTACAC-2	C8
1.58533296874414e-135	3.47728474828966	0.53	0.025	9.22822321105965e-132	5	AGCGTATTCTGAGTGT-2	C8
6.68574974628357e-135	3.59313069936116	0.589	0.036	3.89177492731167e-131	5	ATAGACCCACTCAGGC-2	C8
2.143419709576e-134	3.69141614279675	0.589	0.037	1.24768461294419e-130	5	GCACATAAGAAGGCCT-2	C8
1.71194951329582e-132	3.2017347037174	0.523	0.025	9.96525811689494e-129	5	GAGCAGAAGAGCCCAA-2	C8
4.33170897442578e-131	3.49130943141376	0.576	0.036	2.52148779401324e-127	5	TACGGATTCTTACCTA-2	C8
1.01554491213288e-130	3.92442296362393	0.536	0.029	5.91148693352549e-127	5	CCCATACGTACAGTTC-2	C8
1.04331089491031e-129	3.57377799356912	0.483	0.02	6.07311271927291e-126	5	CTCTAATCATACTCTT-2	C8
1.298184034662e-129	3.63318481332433	0.543	0.031	7.5567292657675e-126	5	GCGGGTTGTAGAAGGA-2	C8
1.57992351535425e-129	4.29056800935061	0.583	0.038	9.1967347828771e-126	5	CCATTCGAGAGACTAT-2	C8
3.33410228535358e-129	3.51531080658327	0.55	0.032	1.94078094030432e-125	5	CGTGAGCTCTAACGGT-2	C8
8.44165434681369e-129	3.46083675197012	0.695	0.065	4.91388699528025e-125	5	CAGCATAGTGGTGTAG-2	C8
9.78884193675832e-129	3.75910712688898	0.497	0.023	5.69808489138702e-125	5	CGGAGTCTCCGTACAA-2	C8
3.97749669141092e-128	3.90958835460151	0.589	0.041	2.3153008240703e-124	5	TACGGATCAGCATACT-2	C8
4.72085532400464e-128	3.79250377800544	0.53	0.029	2.7480098841031e-124	5	GTCGGGTAGGATGTAT-2	C8
1.22378197133238e-126	3.75098289532966	0.556	0.035	7.12363485512577e-123	5	TTGCGTCGTCAGCTAT-2	C8
2.34875452788851e-126	2.59916269153206	0.762	0.086	1.3672100106839e-122	5	TGGCGCATCCTGCCAT-2	C8
2.57223586572981e-125	3.71216299241841	0.556	0.035	1.49729849744132e-121	5	TCACGAACAACGATGG-2	C8
4.10298973814234e-125	3.40023129147761	0.603	0.045	2.38835032657266e-121	5	CGAATGTAGCTACCGC-2	C8
1.92993875050716e-122	3.87999081634046	0.517	0.029	1.12341734667022e-118	5	GGATTACAGGTGACCA-2	C8
2.50115289613878e-120	3.86901912232016	0.49	0.025	1.45592110084238e-116	5	ACGAGGAAGGCATTGG-2	C8
6.40386343550323e-119	3.37580200749781	0.503	0.028	3.72768890580643e-115	5	AAGTCTGAGTGCGTGA-2	C8
1.21767318985607e-118	3.73638562605122	0.49	0.026	7.08807563815219e-115	5	GTCCTCAGTACCGTTA-2	C8
1.42293080221632e-118	3.33090739124559	0.57	0.042	8.28288019970121e-115	5	CATCGAACAAGACACG-2	C8
2.06850436130343e-118	3.17816758210333	0.689	0.072	1.20407638871473e-114	5	TTTGGTTGTGCAACGA-2	C8
9.57417305071347e-116	2.27516650823572	0.589	0.049	5.57312613282031e-112	5	ATCCACCTCAGCGATT-2	C14
2.33545559735581e-115	2.51156679736129	0.589	0.047	1.35946870322081e-111	5	GGGAGATAGTGAACAT-2	C8
1.02059011032277e-112	3.02193683780804	0.709	0.083	5.94085503218885e-109	5	GCATGCGTCCTTAATC-2	C8
1.35390462497824e-109	3.46462637041412	0.503	0.033	7.88107882199832e-106	5	AGGGATGAGAAGGGTA-2	C8
2.51888800681085e-108	3.95910311737491	0.483	0.03	1.4662447087646e-104	5	CAGCTAATCCTCCTAG-2	C8
3.4078246454004e-107	1.94018956626188	0.609	0.058	1.98369472608757e-103	5	AGAGCGACAGACGCAA-2	C14
2.23109942621742e-105	1.69159955680711	0.523	0.04	1.29872297600116e-101	5	GAAGCAGCATGGATGG-2	C14
1.16501490761386e-104	3.2142383148737	0.517	0.039	6.78155177722025e-101	5	CGCGTTTTCTTCCTTC-2	C8
9.02800332872891e-104	3.39078974605863	0.596	0.061	5.2552007376531e-100	5	AAGGTTCAGGCGACAT-2	C8
9.48104242227831e-104	3.2432977343856	0.497	0.036	5.51891479400821e-100	5	CTTGGCTCATTAGCCA-2	C8
4.14944456832529e-103	3.29431908060586	0.536	0.044	2.41539168322215e-99	5	AGATCTGAGGGAACGG-2	C8
1.21785141081206e-102	3.67487370270244	0.503	0.038	7.08911306233701e-99	5	AAGTCTGGTGGTACAG-2	C8
5.67748675892669e-102	2.98702318538039	0.411	0.02	3.30486504237123e-98	5	GGAATAACATGAACCT-2	C8
1.63681252277161e-101	1.95861552608911	0.603	0.061	9.52788569505352e-98	5	GTCGTAATCATATCGG-2	C14
2.46001837783366e-95	1.50958968424148	0.563	0.055	1.43197669773697e-91	5	CAGTCCTTCCTCCTAG-2	C14
3.33489946117831e-95	3.05090613797223	0.715	0.108	1.9412449763519e-91	5	TACCTATGTCATGCCG-2	C8
3.83439045078119e-91	3.35344341525811	0.49	0.043	2.23199868139973e-87	5	GCTCCTAGTCAGAATA-2	C8
2.27656130706071e-90	3.75952888756868	0.974	0.293	1.32518633684004e-86	5	AGAGTGGGTCTCCACT-1	C8
7.11722457415011e-90	1.42948336240231	0.517	0.048	4.14293642461278e-86	5	GACTGCGTCGTTTATC-2	C14
8.68712087354798e-86	3.3244678525739	0.974	0.317	5.05677306049228e-82	5	CCGTGGACACTGAAGG-1	C8
9.72848462602415e-84	4.0180744872852	0.96	0.282	5.66295090080866e-80	5	AGCCTAACATCCCATC-1	C8
1.73084398486797e-82	3.26587172409328	0.974	0.343	1.00752428359164e-78	5	TTTGCGCGTCTCTCGT-1	C8
1.77401891328039e-81	2.65115987739469	0.974	0.357	1.03265640942051e-77	5	GGCTCGATCGCATGAT-1	C8
1.88195847204618e-81	1.32314252705863	0.49	0.049	1.09548802657808e-77	5	AACGTTGTCTCAAACG-2	C14
3.40167245567456e-81	3.32217443034294	0.967	0.326	1.98011353644816e-77	5	CGCTTCACACGAAATA-1	C8
4.42498283838516e-81	3.25352913963705	0.954	0.33	2.575782510224e-77	5	AGTGGGAGTCTGCGGT-1	C8
7.92749914915047e-81	3.95364380027134	0.947	0.291	4.61459725472049e-77	5	ATGAGGGCATGAGCGA-1	C8
1.58753275441825e-80	3.08882143744444	0.947	0.294	9.24102816346864e-77	5	TCATTACAGGTGATAT-1	C8
1.35425652000626e-79	2.71052797927712	0.464	0.043	7.88312720295642e-76	5	GGTGAAGAGGAATCGC-2	C20
7.27676265894696e-79	4.05557990545292	0.94	0.276	4.23580354377303e-75	5	AACGTTGCAAAGAATC-1	C8
1.10484196394548e-78	2.6328236031469	0.483	0.049	6.43128507212661e-75	5	CTCAGAAGTCCGAATT-2	C20
1.29841607928022e-78	1.2872550663491	0.444	0.041	7.55807999749014e-75	5	CATCAAGGTCGGATCC-2	C14
2.97511850193995e-77	3.85227508646309	0.934	0.279	1.73181647997925e-73	5	GGATGTTTCAACACAC-1	C8
5.47815646531599e-77	3.67251119176446	0.934	0.279	3.18883487846044e-73	5	TAGAGCTAGCTAGTGG-1	C8
7.37112141581848e-77	1.72228639724003	0.536	0.068	4.29072977614794e-73	5	GGATTACCATAGACTC-2	C14
7.32279039013867e-76	3.57277752757137	0.934	0.283	4.26259628609972e-72	5	CAACTAGGTTAAAGTG-1	C8
2.0007306894731e-75	3.87877362974766	0.927	0.279	1.16462533434229e-71	5	CGCTATCAGGCCCGTT-1	C8
4.35787589151931e-75	3.48648231450195	0.934	0.294	2.53671955645339e-71	5	CATTATCCATACTACG-1	C8
8.07001287917286e-75	3.95512637309356	0.94	0.325	4.69755449696652e-71	5	GGGAGATAGAGTAAGG-1	C8
8.96289143646474e-75	3.70693852867055	0.927	0.283	5.21729910516612e-71	5	CTTGGCTAGGCTCTTA-1	C8
1.01223804470906e-74	3.99506176701333	0.934	0.274	5.89223765825143e-71	5	AGAGCTTAGATGGGTC-1	C8
1.03071117674492e-74	3.88111801117052	0.927	0.284	5.9997697598322e-71	5	CAACCAATCTACGAGT-1	C8
2.30066290906558e-74	4.09271721532741	0.934	0.308	1.33921587936707e-70	5	GCATGATCAGTACACT-1	C8
3.43969197457371e-74	4.22874725780582	0.921	0.267	2.00224469839935e-70	5	ACGAGCCTCTGCGTAA-1	C8
1.35465347109413e-73	2.82178555968758	0.947	0.348	7.88543785523894e-70	5	TAGTGGTGTAAGAGAG-1	C8
2.09840624252948e-73	3.59201359909224	0.934	0.328	1.22148227377641e-69	5	AACGTTGCATGCAATC-1	C8
2.57255071611854e-73	4.26006911649976	0.927	0.287	1.4974817718526e-69	5	AGGGTGACATTACCTT-1	C8
1.56396284509042e-72	3.93086162189402	0.921	0.281	9.10382772127136e-69	5	TCTGAGATCTTAGCCC-1	C8
1.57298122419844e-72	3.77517730860888	0.927	0.29	9.15632370605914e-69	5	ACTGTCCCATACAGCT-1	C8
3.87175229679518e-72	4.02011304220912	0.927	0.317	2.25374701196448e-68	5	CACAGTAAGACTAGAT-1	C8
4.17209175377295e-72	3.65781221137821	0.921	0.277	2.42857460987123e-68	5	ACGGGCTTCGTCCGTT-1	C8
5.59697102779377e-72	3.56472802244204	0.921	0.277	3.25799683527875e-68	5	TGGCCAGTCCATGAGT-1	C8
5.6248775551303e-72	4.10846413927674	0.921	0.289	3.27424122484135e-68	5	GATCAGTAGTACACCT-1	C8
5.83889607355199e-72	4.06510814537224	0.921	0.283	3.39882140441462e-68	5	CGTCAGGGTCAATACC-1	C8
9.08608583503688e-72	3.80159280692455	0.927	0.299	5.28901056457497e-68	5	GTGCTTCTCTAACTGG-1	C8
1.52649162030898e-71	3.65392285924556	0.921	0.286	8.88570772181859e-68	5	AACTCTTAGAGACGAA-1	C8
1.55660909047016e-71	2.92656096513393	0.55	0.079	9.06102151562679e-68	5	AGTTGGTAGAATGTGT-2	C8
2.35259773557978e-71	4.03136583855532	0.921	0.285	1.36944714188099e-67	5	CGATGGCCATCGGTTA-1	C8
2.45879903736958e-71	2.21905300704458	0.49	0.058	1.43126691965283e-67	5	TTCGGTCAGGTGGGTT-2	C20
2.97840472727371e-71	4.15756797610343	0.921	0.28	1.73372939174603e-67	5	ACCCACTCAATCACAC-1	C8
3.40025291143448e-71	3.85102155455934	0.914	0.281	1.97928721974601e-67	5	CACATTTGTCAAGCGA-1	C8
7.1269507272309e-71	3.85177736819629	0.391	0.033	4.14859801832111e-67	5	TTTGTCATCCAGAGGA-2	C20
1.49882469583947e-70	1.23846431163845	0.477	0.056	8.72465855448153e-67	5	GCGACCAAGCGTTTAC-2	C14
1.88718030358645e-70	4.33827080170982	0.921	0.279	1.09852765471767e-66	5	GGGAATGCAGCTCGCA-1	C8
3.02331574145063e-70	4.12070439629201	0.914	0.28	1.75987209309841e-66	5	CCTAAAGCAGGGTACA-1	C8
3.33709603050591e-70	3.53133509042673	0.921	0.304	1.94252359935749e-66	5	TTCCCAGCAGTGACAG-1	C8
3.97338223090859e-70	4.25843774732457	0.921	0.3	2.31290579661189e-66	5	CGAGCCAAGGTAAACT-1	C8
1.3908615688746e-69	3.96963220688844	0.907	0.27	8.09620519241907e-66	5	GGAAAGCTCGACGGAA-1	C8
1.43668418318927e-69	4.58587780480901	0.907	0.262	8.36293863034473e-66	5	GTGCAGCCAGGTGCCT-1	C8
1.94995757983441e-69	3.884787943122	0.914	0.288	1.13507030722161e-65	5	AGTGAGGTCATGTCTT-1	C8
2.24148734777041e-69	3.53991158611372	0.921	0.322	1.30476978513716e-65	5	TTTATGCGTGAAGGCT-1	C8
2.58462714938068e-69	2.34248873213073	0.96	0.522	1.5045114636545e-65	5	TGAGAGGCAATAAGCA-1	C8
3.20290094705475e-69	4.08696698354242	0.907	0.273	1.86440864128057e-65	5	GAGCAGAAGTACGCGA-1	C8
3.36154750432108e-69	2.75433693425153	0.43	0.045	1.9567568022653e-65	5	TGACAACTCGTGACAT-2	C20
4.05056836018044e-69	3.37341625896954	0.914	0.28	2.35783584246103e-65	5	CGATCGGAGACTGGGT-1	C8
5.45334690089789e-69	3.4171248215993	0.914	0.293	3.17439323101266e-65	5	CGCGTTTTCACAACGT-1	C8
1.04335267883614e-68	3.90580772003688	0.921	0.327	6.07335594350518e-65	5	CGTCAGGAGCCACCTG-1	C8
1.19754936915521e-68	4.0266211772277	0.914	0.297	6.9709348778525e-65	5	CGCTTCAAGTTTGCGT-1	C8
1.39922307265919e-68	3.96413372422797	0.907	0.277	8.14487750594917e-65	5	CCCAATCGTGATGATA-1	C8
1.47901484462116e-68	3.63743556876968	0.914	0.287	8.60934541053978e-65	5	GAATGAAGTGCGGTAA-1	C8
3.0390697035621e-68	3.91105569624564	0.901	0.262	1.7690424744435e-64	5	TCACGAATCCAAGCCG-1	C8
4.5374539937457e-68	3.58308056244939	0.914	0.289	2.64125196975937e-64	5	CTCGGGAGTCATCCCT-1	C8
5.51439199242336e-68	3.78752105220339	0.914	0.306	3.20992757878964e-64	5	ACGAGGAAGACCGGAT-1	C8
6.3677343406259e-68	3.18641041439127	0.45	0.052	3.70665815967834e-64	5	TTGTAGGTCTGGCGTG-2	C8
8.23352343823662e-68	4.01168914919849	0.921	0.319	4.79273399339753e-64	5	CGATTGAAGGCTACGA-1	C8
9.32289753455803e-68	4.10843751068122	0.907	0.277	5.42685865486623e-64	5	AAGGCAGAGCTGAACG-1	C8
2.47036402499321e-67	3.94252501738184	0.907	0.281	1.43799889894855e-63	5	ACGCAGCCACGGTAGA-1	C8
3.19514756268712e-67	2.49419042173906	0.497	0.065	1.85989539624017e-63	5	GCGAGAACAGGAATGC-2	C20
3.3390238563799e-67	3.71765716891902	0.907	0.293	1.94364578679874e-63	5	AGAATAGCAATGGAAT-1	C8
1.77141651740714e-66	3.72650553018973	0.907	0.299	1.0311415547827e-62	5	GAATGAAAGGAGTCTG-1	C8
3.18478674425191e-66	3.33785822961604	0.901	0.272	1.85386436382903e-62	5	ATGGGAGTCGCCCTTA-1	C8
3.59057477009026e-66	0.946662717834644	0.437	0.048	2.09007357366954e-62	5	CGGCTAGGTCAAGCGA-2	C14
8.39082641973555e-66	3.5577525736064	0.901	0.269	4.88430005892806e-62	5	AACGTTGTCGTATCAG-1	C8
1.48568701815044e-65	4.05692721117168	0.894	0.268	8.64818413265372e-62	5	AGTTGGTCAATGAATG-1	C8
2.49266208700482e-65	3.88253423020772	0.954	0.65	1.4509786008455e-61	5	AGATAGATCGAACCAT-3	C8
2.66436248702435e-65	4.00951174329921	0.901	0.284	1.55092540369687e-61	5	ACGCAGCCACCTCGGA-1	C8
1.92516788044436e-64	1.94408047686535	0.576	0.096	1.12064022320666e-60	5	CGTAGGCCATTCTCAT-2	C8
3.41278502216729e-64	0.526151005155202	0.444	0.051	1.98658216140358e-60	5	TGGTTCCGTACCCAAT-2	C14
5.84695491897661e-64	2.51141491124889	0.437	0.051	3.40351245833629e-60	5	ATGCGATCAAACAACA-2	C20
5.28921816558651e-63	3.58070027574093	0.907	0.314	3.07885389418791e-59	5	CACATTTGTATTACCG-1	C8
9.14538368185011e-63	0.728270707597087	0.457	0.057	5.32352784120495e-59	5	CGGAGCTAGTCGATAA-2	C14
1.71770838936327e-62	1.52887339661359	0.954	0.685	9.99878053448358e-59	5	GAGATGGTCACCTGTC-3	C8
1.88631977127032e-62	3.78654023458308	0.894	0.275	1.09802673885645e-58	5	ATCGAGTAGGTCGGAT-1	C8
2.23757397522559e-62	3.61051349030899	0.894	0.3	1.30249181097881e-58	5	GATGAGGTCCGAAGAG-1	C8
3.49531457400104e-62	3.99463278701558	0.894	0.287	2.03462261352601e-58	5	GTGTGCGTCCTCATTA-1	C8
3.61406201522773e-62	0.945230782200183	0.457	0.059	2.10374549906406e-58	5	GGAATAACAATGCCAT-2	C14
2.63469190300613e-61	4.34882926106327	0.887	0.277	1.53365415673987e-57	5	CTCTGGTGTGGCTCCA-1	C8
3.49615180209856e-61	3.94028510299248	0.894	0.307	2.03510996400157e-57	5	CTACATTGTCCTGCTT-1	C8
7.40034966837136e-61	3.8666368790012	0.887	0.281	4.30774354195897e-57	5	CAGCGACCATGTAGTC-1	C8
8.88165053038924e-61	2.95333526399616	0.907	0.347	5.17000877373958e-57	5	CTCAGAATCGTCTGAA-1	C8
1.14339530309103e-60	1.26640156629555	0.391	0.043	6.65570405929288e-57	5	GTCTCGTAGCGATAGC-2	C14
1.69446454187952e-60	3.46418489235804	0.894	0.333	9.86347809828069e-57	5	CCCATACAGTGAAGAG-1	C8
1.81449635537377e-60	2.9557436418935	0.404	0.045	1.05621832846307e-56	5	CGCCAAGAGGAGTTGC-2	C20
1.86300409640152e-60	1.0586273133136	0.417	0.049	1.08445468451532e-56	5	GTCATTTGTTCCACAA-2	C14
3.90365667481629e-60	0.969054572514453	0.424	0.051	2.27231855041056e-56	5	TTCTACAGTGCCTGCA-2	C14
6.99920655874323e-60	2.60544277629951	0.43	0.054	4.07423813784443e-56	5	CGCGGTAAGCTAACAA-2	C20
7.08130622610737e-60	4.28315561717938	0.881	0.266	4.1220283542171e-56	5	AACACGTTCATCTGTT-1	C8
1.31067684368229e-59	1.32978802662981	0.457	0.062	7.62944990707462e-56	5	AAACGGGAGGTGTTAA-2	C18
1.37138086856334e-59	3.20881638682836	0.371	0.038	7.98280803590718e-56	5	ACCTTTAGTCTCAACA-2	C20
2.13915346993826e-59	4.7423343826238	0.894	0.34	1.24520123485106e-55	5	TCGAGGCCAGTCCTTC-1	C8
3.71804367571187e-59	1.60917884686925	0.305	0.023	2.16427322363188e-55	5	TGGCTGGAGCTGATAA-2	C14
4.3754480415799e-59	0.789437061899238	0.417	0.049	2.54694830500366e-55	5	TGGGCGTTCATACGGT-2	C14
5.69190032903373e-59	2.49539141949507	0.934	0.666	3.31325518153054e-55	5	AGACCATTCCGGACGT-3	C8
2.04646491536857e-58	2.24519254274169	0.358	0.035	1.19124722723604e-54	5	CGATGTATCTGCAGTA-2	C20
5.00444390145551e-57	2.60289687105982	0.358	0.037	2.91308679503725e-53	5	CGTAGGCTCACGACTA-2	C20
1.17989006585968e-56	2.13780891445971	0.934	0.66	6.86814007336923e-53	5	GTTTACTTCCCAACTC-3	C20
1.50290253070953e-56	4.18493604048358	0.874	0.285	8.74839563126019e-53	5	GTGTGCGAGTGGGTTG-1	C8
3.76361204973111e-55	1.00595971995729	0.384	0.046	2.19079857414848e-51	5	GCGCGATCACGACGAA-2	C14
3.89754392993933e-55	4.98529753738516	0.868	0.279	2.26876032161769e-51	5	CGGACTGCACAGGCCT-1	C8
4.76058776849976e-55	1.69452813131745	0.457	0.067	2.77113814004371e-51	5	TACTCATGTGTTTGGT-2	C20
2.572529371347e-54	2.72422561559511	0.364	0.041	1.49746934706109e-50	5	CGCTATCCAGTTAACC-2	C20
4.22165176662478e-54	2.63590647738607	0.43	0.061	2.45742349335229e-50	5	TGAGCATGTACCGGCT-2	C20
4.27976795750895e-54	1.7461109259044	0.444	0.065	2.49125292806596e-50	5	TGACGGCAGCCAGTAG-2	C20
5.36435078218505e-54	0.992914557845154	0.444	0.064	3.12258859030992e-50	5	GCTGCGAAGCCAGAAC-2	C14
7.82991689272204e-54	3.2794357836759	0.351	0.038	4.5577946232535e-50	5	GCTGCTTTCACTATTC-2	C20
3.30731835801028e-53	4.23999129171889	0.868	0.332	1.92519001619778e-49	5	GTTCATTTCGCCTGTT-1	C8
4.59087044440373e-53	0.648912125107237	0.947	0.405	2.67234568568741e-49	5	AAGTCTGAGCGATTCT-1	C14
1.30399613254224e-52	3.1973055692637	0.344	0.037	7.5905614875284e-49	5	GCGAGAATCTGGCGTG-2	C20
2.28109591247871e-52	2.75531141305482	0.351	0.04	1.32782593065386e-48	5	TCGAGGCAGCTACCGC-2	C20
3.25964650069442e-52	0.90996766836178	0.94	0.685	1.89744022805422e-48	5	ACCTGAAGTACATACC-3	C14
3.38856119197157e-52	1.04749344134234	0.94	0.694	1.97248146984665e-48	5	GCCGATGGTTAAGTCC-3	C14
4.62460788555687e-52	0.450082333084562	0.96	0.669	2.69198425018265e-48	5	AGAACCTGTAGACTGG-3	C14
4.69494100596509e-52	2.50217500731473	0.371	0.045	2.73292515957228e-48	5	GTTAAGCGTGAACCTT-2	C20
1.37531437455598e-51	1.31476057493635	0.404	0.055	8.00570497429037e-48	5	CACCTTGCAAGCCGCT-2	C14
1.75701560519218e-51	3.17691860436254	0.358	0.042	1.02275878378237e-47	5	CTTAGGATCCAGGGCT-2	C20
3.4045012334874e-51	2.53892317209851	0.947	0.536	1.98176016801301e-47	5	CTAACTTGTTCGTGAT-1	C20
5.36057647058865e-51	1.11161452130557	0.921	0.665	3.12039156352965e-47	5	TTAGGGTTCCATTGCC-3	C14
5.86258366772451e-51	1.01423868447095	0.404	0.056	3.41260995298244e-47	5	TTCCCAGGTCCAGTGC-2	C14
1.03531834041617e-50	1.82939795057439	0.523	0.101	6.02658805956254e-47	5	CACAAACAGTGAATTG-2	C20
1.91223156778116e-50	2.64497409789239	0.338	0.038	1.11310999560541e-46	5	TTGCCGTAGCGTGAGT-2	C20
3.99835248977767e-50	2.41615724492306	0.311	0.031	2.32744098429958e-46	5	AGAGCTTGTGCGAAAC-2	C20
6.22301119918049e-50	1.93495609697738	0.364	0.045	3.62241481904296e-46	5	TGACAACGTGCAGACA-2	C20
8.18972867937151e-50	1.1600981051399	0.364	0.047	4.76724106426215e-46	5	CGAACATTCCGCGGTA-2	C14
9.07477235640821e-50	1.10289143082884	0.43	0.067	5.28242498866522e-46	5	GTAACTGGTTATCACG-2	C14
3.22084406540908e-49	2.46152507121669	0.411	0.061	1.87485333047463e-45	5	TGAGGGATCATTGCCC-2	C2
3.59900398366407e-49	1.59943749254935	0.907	0.656	2.09498021889086e-45	5	TCCTAATGTGGCAACA-3	C8
1.13202351882495e-48	1.80182821930759	0.536	0.11	6.58950890308003e-45	5	ACAGCCGCAGATGAGC-2	C15
7.7869324270727e-48	2.40330986713905	0.384	0.055	4.53277336579902e-44	5	CCCAATCAGGGCTTGA-2	C20
1.5149790292245e-47	2.54044550182225	0.338	0.041	8.81869292911582e-44	5	ACCGTAAGTGTTGAGG-2	C20
1.97506364100895e-47	2.3389321289199	0.338	0.041	1.14968454543131e-43	5	ACTGCTCAGCTAAACA-2	C20
5.8341346939295e-47	1.93439886921853	0.358	0.047	3.39604980533636e-43	5	GGCGTGTAGTCTCAAC-2	C20
6.42425306563597e-47	0.722638899841393	0.424	0.068	3.7395577095067e-43	5	AGCAGCCGTGAACCTT-2	C14
1.33087229484411e-46	1.62253308785037	0.53	0.11	7.74700762828757e-43	5	GTGCTTCCATTGTGCA-2	C15
1.35243656858784e-45	3.19717446364556	0.311	0.036	7.8725332657498e-42	5	GTGGGTCAGTACGATA-2	C20
2.18581962844166e-45	0.993534738031694	0.391	0.059	1.27236560571589e-41	5	AGACGTTGTGTTCTTT-2	C14
2.38272152216723e-45	0.544059549462229	0.358	0.048	1.38698219805355e-41	5	GGATTACCATCATCCC-2	C14
6.2968021505914e-45	0.803103060735366	0.371	0.053	3.66536853185925e-41	5	GCTGGGTCAGTGACAG-2	C14
3.39397978541994e-44	0.871515668548765	0.351	0.049	1.97563563309295e-40	5	GTCGGGTGTCTCTTAT-2	C14
5.78646236640615e-44	0.788463355890044	0.384	0.059	3.36829974348502e-40	5	TCATTACAGAGTCTGG-2	C14
6.20880503849829e-44	2.81825215828097	0.298	0.034	3.61414541290986e-40	5	TATTACCAGTTCGCGC-2	C20
1.34736749942869e-43	1.90146344390263	0.331	0.043	7.84302621417442e-40	5	CAGTAACTCAGGTAAA-2	C20
5.40712320617439e-43	2.5761039360039	0.311	0.038	3.14748641831411e-39	5	TAAGAGATCCCTAACC-2	C20
6.71249360025533e-43	1.47889496871801	0.464	0.089	3.90734252470863e-39	5	ATCTACTGTAGTGAAT-2	C15
6.98115485057202e-43	0.973523493524295	0.377	0.059	4.06373023851797e-39	5	CACACCTCAGCGAACA-2	C14
7.63059585232623e-43	1.02324563372774	0.397	0.067	4.4417698456391e-39	5	CTCACACGTTTGACTG-2	C14
8.37553251297742e-43	0.529505845669979	0.364	0.054	4.87539747580416e-39	5	CGTTAGATCCGTACAA-2	C14
2.59536806633709e-42	1.32449173185727	0.901	0.453	1.51076375141482e-38	5	TGGTTCCCACAAGTAA-1	C14
5.09677409412772e-42	0.99170461050798	0.921	0.698	2.96683220019175e-38	5	ATGCCTCAGTTGCTCA-3	C14
2.22961546117734e-41	1.19401824875298	0.371	0.057	1.29785915995133e-37	5	ACGATGTTCCGGCACA-2	C20
1.65850256422299e-40	1.10756500629924	0.384	0.064	9.65414342634203e-37	5	CCAGCGAGTCAGATAA-2	C14
2.9305141804452e-40	0.63376325345469	0.338	0.049	1.70585230443715e-36	5	CTGAAGTGTGAGGCTA-2	C14
3.10665494469061e-40	1.28069783456539	0.616	0.168	1.8083838433044e-36	5	TTGGAACAGCTGATAA-2	C15
4.69744759580278e-40	0.844369938395341	0.424	0.08	2.7343842455168e-36	5	TGACTAGAGCCGGTAA-2	C14
5.71552155052472e-40	2.55215549722484	0.45	0.094	3.32700509456044e-36	5	TAGCCGGAGTGACTCT-2	C15
9.43891719754586e-40	0.363313578942988	0.344	0.051	5.49439370069144e-36	5	CCTAGCTCAGCTGTAT-2	C14
3.51478788652355e-39	0.745679319737829	0.391	0.069	2.04595802874536e-35	5	CACAGTATCGGAGGTA-2	C14
8.75864470118813e-39	0.927202602417067	0.881	0.443	5.09840708056161e-35	5	GTAGGCCAGTTACGGG-1	C14
1.88704460583452e-38	1.39878142430568	0.887	0.453	1.09844866505627e-34	5	CCTCAGTTCCCAACGG-1	C14
5.18444700787158e-38	0.72366348860729	0.344	0.055	3.01786660328205e-34	5	GGGCACTGTGAGGGTT-2	C14
6.40321220611306e-38	0.956581376584736	0.311	0.045	3.72730982517841e-34	5	ACGATGTAGCATGGCA-2	C14
8.83863513761477e-38	0.723100314699518	0.384	0.068	5.14496951360555e-34	5	CTTTGCGTCGTCTGCT-2	C14
1.69825513776125e-37	1.29393753009054	0.596	0.178	9.88554315690824e-34	5	TGTATTCTCATAACCG-2	C15
3.26359658496501e-37	0.932035749327496	0.344	0.057	1.89973957210813e-33	5	GCAGCCAGTTTGTGTG-2	C14
1.00812707853013e-36	0.445762300692024	0.94	0.682	5.86830772412388e-33	5	TGATTTCTCCTTGGAA-3	C1
1.28706507731525e-36	0.853695825033879	0.351	0.059	7.49200581505206e-33	5	TGCCAAAAGGATTCGG-2	C14
2.31452945249444e-36	0.866142783025393	0.861	0.456	1.34728759429702e-32	5	CCATTCGAGATATGGT-1	C14
1.03306879292378e-35	2.11459070490301	0.325	0.052	6.0134934436093e-32	5	ACATGGTAGCGGATCA-2	C20
1.34775638923909e-35	0.259004864763935	0.325	0.051	7.84528994176077e-32	5	AACCGCGAGTACGTTC-2	C14
1.57376353397223e-35	1.24426439455096	0.55	0.153	9.16087753125236e-32	5	AACTCAGGTCAGGACA-2	C15
1.76743866265809e-35	0.797700973883401	0.305	0.045	1.02882604553327e-31	5	TCGTAGAAGCACGCCT-2	C14
2.08750784980401e-35	0.666892106399042	0.384	0.074	1.21513831937092e-31	5	CCTCTGACACGTCAGC-2	C14
3.31796393878597e-35	0.967446822801314	0.377	0.071	1.93138680876731e-31	5	ATGAGGGCAGTCACTA-2	C14
6.4377686615799e-35	1.13092199975455	0.921	0.682	3.74742513790566e-31	5	GCTGCAGGTCTCGGGT-3	C20
8.61218164339027e-35	0.589543120395364	0.305	0.045	5.01315093461747e-31	5	GATCAGTCAGATCCAT-2	C14
2.74683236483248e-34	0.792206351721349	0.358	0.067	1.59893111956899e-30	5	GCATGCGCACCCAGTG-2	C14
3.8218143408753e-34	1.58691064759076	0.503	0.135	2.22467812782352e-30	5	GCGAGAAAGGGTCTCC-2	C15
6.54721549030786e-34	0.964376516720606	0.331	0.056	3.8111341369082e-30	5	AGCTTGACACTTAAGC-2	C14
3.9451246811431e-33	1.82499553377766	0.47	0.121	2.2964570768934e-29	5	TGCCCATAGTTCGCGC-2	C15
4.13748187120779e-33	3.22399363321185	0.272	0.039	2.40842819723005e-29	5	ATGTGTGAGACAAAGG-2	C20
4.5469080830782e-33	0.691197270524208	0.868	0.513	2.64675519515982e-29	5	CAGCCGAGTTTACTCT-1	C14
1.83646611644513e-32	1.55911290776399	0.318	0.055	1.06900692638271e-28	5	TTTACTGCAGCATGAG-2	C14
3.17777351560917e-32	0.658592085371896	0.325	0.057	1.8497819634361e-28	5	AGCCTAATCCTGCCAT-2	C14
4.7177954228359e-32	0.381671560854511	0.808	0.372	2.74622871563277e-28	5	TCTTCGGAGCTAGTCT-1	C14
7.36692401686937e-32	0.916692347744459	0.848	0.433	4.28828647021966e-28	5	GTACGTAGTTCGGGCT-1	C14
1.1433819102239e-31	0.980435262978359	0.457	0.116	6.65562609941332e-28	5	GAAGCAGCATTATCTC-2	C15
1.66500595578043e-31	1.34681050989349	0.497	0.136	9.6919996685979e-28	5	GTCATTTAGCTGATAA-2	C15
1.94183796272889e-31	1.29657610166663	0.523	0.154	1.13034387810449e-27	5	AGCCTAAGTCGGATCC-2	C15
2.18492853209437e-31	1.30553149189776	0.444	0.107	1.27184689853213e-27	5	TTAGTTCCATCCGCGA-2	C15
3.64946354612073e-31	1.09211777946935	0.523	0.15	2.12435273019688e-27	5	TACCTATCAGCGTAAG-2	C15
3.65515829543463e-31	0.494705997271471	0.914	0.661	2.1276676437725e-27	5	GCATCGGGTAACAAGT-3	C1
4.71179765145757e-31	1.14612899315209	0.47	0.123	2.74273741291345e-27	5	CATCAAGGTGCAACTT-2	C15
5.81884378144705e-31	1.11577506899071	0.397	0.089	3.38714896518033e-27	5	TACTTACGTTATCACG-2	C15
2.98534210599558e-30	1.11132742902586	0.483	0.133	1.73776763990003e-26	5	GCTCTGTCACGGCTAC-2	C15
5.28086184675763e-30	1.53290941774294	0.444	0.117	3.07398968099762e-26	5	GACGTTAAGATGCCAG-2	C15
8.54414948267938e-30	0.833767210652793	0.298	0.052	4.97354941386767e-26	5	GGGATGAGTTATCACG-2	C14
9.39752922434855e-30	1.26934711979703	0.457	0.12	5.47030176149329e-26	5	CGCCAAGAGCTGTCTA-2	C15
1.27025890497489e-29	2.20116151688693	0.252	0.037	7.39417708585881e-26	5	TGCACCTGTTACAGAA-2	C20
2.25358392641323e-29	0.782798303614445	0.272	0.044	1.31181120356514e-25	5	TGTATTCTCTCGTATT-2	C14
2.62154989304379e-29	1.14005805596489	0.265	0.042	1.52600419274079e-25	5	AACGTTGGTCATGCAT-2	C14
2.6719560038021e-29	0.301886140521511	0.907	0.671	1.5553455898132e-25	5	CACAGGCTCCATACTT-3	C1
2.81625081022342e-29	0.640198727030441	0.351	0.072	1.63933959663106e-25	5	ACTATCTGTATCGCAT-2	C14
3.26977513652679e-29	0.466995441245407	0.318	0.059	1.90333610697224e-25	5	TACGGATAGGGCTTCC-2	C14
5.72031980522395e-29	0.408279230216734	0.901	0.664	3.32979815862086e-25	5	CGGTCAGAGTAGCCAG-3	C2
1.04137548505665e-28	0.55882410079966	0.887	0.68	6.06184669851475e-25	5	TCGCTTGGTGCGGCTT-3	C7
1.22344553659431e-28	1.43471617120037	0.464	0.133	7.12167646851549e-25	5	CCTACCATCGTTTAGG-2	C15
1.7690094346624e-28	0.407759016779636	0.338	0.071	1.02974039191698e-24	5	GACTGCGCATAAGACA-2	C14
2.6437107781427e-28	1.44007066334799	0.397	0.096	1.53890404395687e-24	5	AAGACCTGTATAAACG-2	C15
2.72807358318234e-28	1.27332675267393	0.331	0.069	1.58801163277044e-24	5	AGAGCGAAGCTGTCTA-2	C14
2.76280903492219e-28	1.13185248344969	0.563	0.189	1.60823113922821e-24	5	TGTATTCGTCTTCTCG-2	C15
3.6204733537377e-28	0.62351168350048	0.311	0.059	2.10747753921072e-24	5	CAAGTTGGTGGTTTCA-2	C14
9.53023506156988e-28	1.39336109262091	0.437	0.121	5.54754982933983e-24	5	GGAATAAAGGGTATCG-2	C15
1.01905422286974e-27	1.64670100173154	0.351	0.078	5.93191463132477e-24	5	TTAGGACGTACGACCC-2	C15
1.07040260218418e-27	0.544162013854229	0.371	0.085	6.2308135473141e-24	5	GGCGACTGTTATCGGT-2	C14
1.48772136425271e-27	0.799567522547906	0.305	0.059	8.66002606131504e-24	5	GCAGTTATCAAACAAG-2	C14
2.69105682276577e-27	1.19660833878774	0.397	0.1	1.56646417653195e-23	5	TTCGGTCGTCTCTTAT-2	C15
2.85505453135394e-27	0.338002863863401	0.894	0.714	1.66192724270113e-23	5	CAATGACGTATTTCTC-3	C7
3.64389764132065e-27	1.23054467639734	0.437	0.122	2.12111281701275e-23	5	CGACCTTTCCCGACTT-2	C15
4.79822746803609e-27	1.29449689714865	0.364	0.084	2.79304820914381e-23	5	GACTAACCAGTTCATG-2	C15
4.93776177355332e-27	0.456949027305523	0.907	0.663	2.87427112838539e-23	5	TCATGGACAATCGCAT-3	C1
5.62709443778554e-27	0.450734180034713	0.331	0.07	3.27553167223496e-23	5	AGCGGTCTCGAATGCT-2	C14
1.18884684338848e-26	1.23236528848014	0.457	0.135	6.92027747536435e-23	5	TATGCCCTCGTAGGAG-2	C15
1.75752154734531e-26	1.1520825112128	0.43	0.122	1.0230532927097e-22	5	AGCCTAAGTGTGCGTC-2	C15
2.79715722549652e-26	1.35177865362949	0.444	0.128	1.62822522096153e-22	5	GTTCTCGGTTGTACAC-2	C15
3.12058312281286e-26	0.842132347686633	0.457	0.133	1.81649143578937e-22	5	TTGTAGGAGTGTTGAA-2	C15
3.64440385172885e-26	1.18013116114072	0.45	0.135	2.12140748209136e-22	5	CGTCAGGCAAATCCGT-2	C15
7.47878745880737e-26	2.29427426463962	0.305	0.064	4.35340217977177e-22	5	GATCGTAAGCATCATC-2	C20
7.48747597762877e-26	1.26760836448348	0.404	0.108	4.35845976657771e-22	5	AAGACCTCAAGAAGAG-2	C15
7.62328366333541e-26	1.1720382970168	0.384	0.098	4.43751342042754e-22	5	GGGTTGCAGTGGGTTG-2	C15
8.22713352717623e-26	1.33905072018954	0.377	0.095	4.78901442616928e-22	5	TTGCGTCAGTTATCGC-2	C15
1.4153013357998e-25	0.434085545487613	0.874	0.648	8.23846907569066e-22	5	GCGGAAATCTCACGAA-3	C1
1.64318589925597e-25	1.06765091126244	0.417	0.113	9.56498511956898e-22	5	CTCACACCACACGCTG-2	C15
1.65456205728561e-25	1.81663200989133	0.331	0.075	9.63120573545954e-22	5	ACACTGACAGTCAGAG-2	C14
3.36195197539361e-25	0.984631431462055	0.225	0.035	1.95699224487662e-21	5	ACTATCTCACATGGGA-2	C14
3.7304081162072e-25	1.30533935650662	0.424	0.118	2.17147056444421e-21	5	GAGCAGAGTCGACTGC-2	C15
4.26372906666799e-25	1.11504269235915	0.358	0.086	2.48191668970744e-21	5	CCACCTACAACTTGAC-2	C15
4.53973877361328e-25	0.334811366293747	0.907	0.676	2.64258194012029e-21	5	TCAGCCTCACTACAGT-3	C1
8.16474835488344e-25	0.570288110945477	0.212	0.031	4.75270001737765e-21	5	CTCGAGGTCTAACTGG-2	C14
1.4531183972863e-24	0.708786541958962	0.298	0.063	8.45860219060355e-21	5	TTCTCAACAGTACACT-2	C14
1.57162513025758e-24	0.28786182605658	0.887	0.645	9.14842988322936e-21	5	TCATTGTCAATTTCGG-3	C11
2.15932869579021e-24	0.942946152445064	0.384	0.101	1.25694523381948e-20	5	ATTGGTGAGGGAACGG-2	C15
6.00585480211557e-24	0.25428533151569	0.901	0.655	3.49600808031147e-20	5	GGAACCCGTTATAGCC-3	C1
7.15030108640478e-24	0.314011863931545	0.894	0.658	4.16219026239622e-20	5	CCGTTCACAGAGAATT-3	C1
1.54816329202964e-23	0.625720745830752	0.285	0.059	9.01185852290454e-20	5	ACGGAGATCGCTTAGA-2	C14
2.60139584096748e-23	0.84442867300433	0.325	0.077	1.51427251902717e-19	5	TTTGCGCGTCTCTCGT-2	C14
2.81684921248731e-23	0.970225431753692	0.437	0.131	1.63968792658886e-19	5	GCTGCTTCATGTCGAT-2	C15
2.92605602221458e-23	1.22069436546377	0.391	0.112	1.70325721053111e-19	5	AGACGTTAGTAGCCGA-2	C15
3.05750858111734e-23	0.955025896594726	0.424	0.122	1.7797757450684e-19	5	CAGAATCGTCTACCTC-2	C15
3.75584855210959e-23	0.411807801168801	0.854	0.651	2.18627944218299e-19	5	TTCTTGAAGTCCTACA-3	C1
9.7959283321561e-23	1.04384685790219	0.43	0.137	5.70220988214807e-19	5	GACCTGGAGATTACCC-2	C15
1.00260967386022e-22	0.671689714226898	0.351	0.089	5.83619091154034e-19	5	CAGCGACTCTCTTATG-2	C15
1.03174645714126e-22	0.346593537215118	0.901	0.657	6.0057961270193e-19	5	TCAAGTGAGATCCGAG-3	C1
1.12212751169048e-22	0.936442968358718	0.424	0.133	6.5319042455503e-19	5	AGTGAGGGTTGAGTTC-2	C15
1.77268300563337e-22	0.280902889923282	0.887	0.659	1.03187877757918e-18	5	CTGCATCGTCCGGTCA-3	C1
2.36423863081201e-22	0.358673621933019	0.894	0.659	1.37622330699567e-18	5	AGCTACATCATCCTGC-3	C1
2.38754582351811e-22	0.305512031620196	0.874	0.648	1.38979042386989e-18	5	TCAATCTCAGCGTAGA-3	C1
2.72952192462904e-22	0.508942691919968	0.391	0.111	1.58885471232657e-18	5	CACAGTATCCTCAACC-2	C15
3.25821511843887e-22	0.957669903841699	0.338	0.085	1.89660702044326e-18	5	GTACTCCCAGCTCGAC-2	C14
5.86510120363083e-22	0.847656435221427	0.43	0.136	3.4140754106335e-18	5	AGCATACCAAACTGCT-2	C15
9.21795071366377e-22	1.25765898857607	0.371	0.104	5.36576911042368e-18	5	GTACTTTCATTGGTAC-2	C15
9.68395944182583e-22	0.804937492782242	0.45	0.146	5.63703279108682e-18	5	CACCTTGAGGCAATTA-2	C15
9.72151050466904e-22	1.2103322858264	0.358	0.099	5.65889126476785e-18	5	CAGCAGCTCATTATCC-2	C15
2.12763758558928e-21	1.27846371461508	0.351	0.097	1.23849783857152e-17	5	ACTATCTCACAGGTTT-2	C15
2.72088407407059e-21	0.269695742869636	0.881	0.646	1.58382661951649e-17	5	CGCATGGTCCTGCCAT-3	C1
2.99546338697635e-21	0.686084259911866	0.47	0.16	1.74365923755894e-17	5	GGGATGACAGAAGCAC-2	C15
4.58534023952999e-21	0.868620044789514	0.371	0.105	2.66912655343041e-17	5	GGTGTTATCTTCCTTC-2	C15
1.56111038402918e-20	0.421438807268285	0.868	0.642	9.08722354543385e-17	5	GCAACATTCTAGTTCT-3	C1
1.96601041342383e-20	0.357145975932839	0.894	0.665	1.14441466165401e-16	5	AACCAACGTCAGATTC-3	C1
2.86382952770187e-20	0.469446788614706	0.854	0.671	1.66703516807526e-16	5	AGACCCGAGTACTGGG-3	C18
3.56599012836052e-20	0.283164605183616	0.881	0.651	2.07576285371866e-16	5	AAGTACCGTAGAAACT-3	C1
6.91521735342377e-20	0.882535560594518	0.318	0.083	4.02534802142798e-16	5	CTAGTGACAGTTCCCT-2	C15
7.04741172340845e-20	0.296329064049669	0.881	0.652	4.10229836419606e-16	5	TCTGTCGTCGATACGT-3	C1
7.83687163021172e-20	0.778265540311957	0.205	0.037	4.56184297594624e-16	5	GTCTCGTTCCGCTGTT-2	C14
8.76733819173313e-20	0.650253306092033	0.43	0.142	5.10346756140786e-16	5	CATCGGGCAGTCAGCC-2	C15
9.62463129725377e-20	1.05282664093853	0.351	0.102	5.60249787813142e-16	5	GGGCATCAGCAAATCA-2	C15
1.22715998117557e-19	1.12293844458736	0.325	0.09	7.14329825042302e-16	5	GTGTTAGGTCTGCGGT-2	C15
1.37305969740306e-19	0.885766592820186	0.417	0.141	7.99258049858322e-16	5	TGTCCCACATTGGTAC-2	C15
1.4239282903292e-19	0.354735543858597	0.881	0.667	8.2886865780063e-16	5	AGGCCACGTATCTTCT-3	C1
1.69727117862296e-19	0.774965133935663	0.364	0.11	9.87981553076427e-16	5	GACCAATGTCCGAGTC-2	C15
4.41605742754681e-19	0.930192784698733	0.338	0.098	2.570587028575e-15	5	CCGTTCAAGTAGATGT-2	C15
5.04687630434159e-19	0.309782610155297	0.854	0.648	2.93778669675724e-15	5	GCCCGAAGTGTTCGTA-3	C1
5.22310876707857e-19	0.314620228649001	0.834	0.547	3.04037161331643e-15	5	CCGTTCATCATTGCCC-1	C13
5.35871054009088e-19	0.420733441257063	0.868	0.69	3.1193054053869e-15	5	TCTGCCAAGGCTCTAT-3	C10
5.4345884344988e-19	0.444834453588317	0.397	0.129	3.16347392772175e-15	5	AGTTGGTCACCGCTAG-2	C15
5.80713578441031e-19	1.17359344635094	0.384	0.124	3.38033374010524e-15	5	GACACGCCACCGGAAA-2	C15
6.80261428532259e-19	0.293638940726364	0.861	0.662	3.95980177548628e-15	5	GTGAGTTCACCGCTGA-3	C1
7.42013514491045e-19	0.424205365800682	0.861	0.651	4.31926066785238e-15	5	TCACTCGCACATACTG-3	C2
8.62944664235233e-19	0.325252872660306	0.854	0.62	5.02320089051329e-15	5	ACCTGAAAGTTGCGAG-3	C1
1.0457442215293e-18	0.272780284150232	0.868	0.643	6.08727711352208e-15	5	CAGCGTGGTGGCGCTT-3	C2
1.71627015781193e-18	0.299397956874943	0.874	0.661	9.99040858862324e-15	5	CATTCATCAATCGAAA-3	C1
2.07231172618746e-18	1.27376407878601	0.358	0.115	1.20629265581372e-14	5	TACCTTAAGATGGCGT-2	C15
2.24347518753334e-18	0.970034217175397	0.311	0.085	1.30592690666315e-14	5	GTTACAGAGCCACCTG-2	C15
2.37219571966316e-18	1.01385396173624	0.325	0.095	1.38085512841592e-14	5	TCTCATATCGTTTATC-2	C15
2.51006303514155e-18	1.26347908206602	0.285	0.074	1.4611076927559e-14	5	AACTTTCTCATCTGTT-2	C15
2.51980524974533e-18	0.318378196327115	0.861	0.668	1.46677863587675e-14	5	ATTACCTTCCATAGAC-3	C1
2.62566572268809e-18	1.10521683726271	0.331	0.097	1.52840001717674e-14	5	TGTATTCCAGGAATCG-2	C15
3.58914935785082e-18	0.907373702523182	0.437	0.158	2.08924384120496e-14	5	CGAGCACCAGGATCGA-2	C15
3.82948179571883e-18	0.267694724136047	0.868	0.674	2.22914135328793e-14	5	GGGACAATCAAGCCGC-3	C1
4.61458122995013e-18	0.964123713164741	0.371	0.12	2.68614773395397e-14	5	CGACTTCAGGACACCA-2	C15
5.69386908421088e-18	0.281662182740432	0.868	0.645	3.31440119391915e-14	5	ACTTTGTTCTAAGCGT-3	C2
5.81545078675708e-18	0.36470321437854	0.861	0.665	3.38517390297129e-14	5	TCACATTCAGAGTAAT-3	C1
6.95931203199281e-18	0.285458201747396	0.854	0.669	4.05101553382302e-14	5	TCACAAGAGTCGGGAT-3	C1
7.12558336012555e-18	0.460466924870236	0.861	0.653	4.14780207392908e-14	5	ATGAAAGGTTAGGACG-3	C1
8.45701123152495e-18	0.730682446775476	0.391	0.133	4.92282623787068e-14	5	ACTGAACCACGCTTTC-2	C15
1.36277464519415e-17	0.495206901071086	0.854	0.657	7.93271120967515e-14	5	TTCGGTCGTGGCTCTG-3	C19
1.48258024975031e-17	1.2233208655972	0.205	0.042	8.63009963379653e-14	5	TTGTAGGCAGGCTGAA-2	C14
2.13540159131972e-17	0.364762492183871	0.868	0.674	1.24301726630721e-13	5	TATGTTCGTCCAAATC-3	C1
3.05238211022796e-17	0.304988094120621	0.861	0.676	1.77679162636369e-13	5	CCGAACGAGGCATCAG-3	C10
3.47579144549802e-17	0.260752976291642	0.854	0.652	2.0232582004244e-13	5	GTTCATTAGCCATCCG-3	C1
5.70133046809986e-17	1.03123653148965	0.305	0.088	3.31874446548093e-13	5	ATTCTACTCTGAAAGA-2	C15
7.19723292488033e-17	0.643920408988528	0.371	0.125	4.18950928557284e-13	5	AAGGCAGGTCCGTGAC-2	C15
1.05773020472264e-16	0.261581123694755	0.828	0.612	6.15704752169051e-13	5	CTGTATTAGAGCAGCT-3	C11
1.55424696017126e-16	0.269013122445316	0.874	0.684	9.04727155515692e-13	5	AAGTGAACAGTCAACT-3	C10
1.59522886894915e-16	0.41916637063411	0.868	0.68	9.28582724615302e-13	5	ACGTACATCTCCTACG-3	C10
1.86095731247157e-16	1.12007057428234	0.318	0.098	1.0832632515897e-12	5	GACTAACCACGACTCG-2	C15
3.13852342799012e-16	0.585883892335069	0.258	0.068	1.82693448743305e-12	5	ACTGCTCTCATCGCTC-2	C7
4.07597053388166e-16	0.314964412987748	0.874	0.686	2.37262244777251e-12	5	GTTGTAGTCAGTGGGA-3	C10
4.71745714947537e-16	0.347157835127036	0.848	0.66	2.74603180670961e-12	5	AGAACAAGTTCCGCAG-3	C2
5.35486107104125e-16	0.250464731064649	0.781	0.448	3.11706462945311e-12	5	AGTAGTCAGAGAACAG-1	C2
8.15539551744636e-16	0.857003606203217	0.298	0.089	4.74725573070553e-12	5	TTTCCTCCACCCATGG-2	C16
9.27527202628442e-16	0.366684802064926	0.338	0.109	5.39913584650016e-12	5	ATAACGCGTAGAGCTG-2	C4
1.07838209846781e-15	0.266339940932293	0.861	0.688	6.2772621951811e-12	5	GTCAAACGTTTGCAGT-3	C10
1.40131600151482e-15	0.727020644948926	0.298	0.09	8.15706044481775e-12	5	CTGTGCTAGCAGACTG-2	C14
1.50429292758317e-15	0.250191545527651	0.788	0.511	8.75648913146165e-12	5	ACACCCTCAGGGAGAG-1	C13
1.88233695705883e-15	0.545930303634456	0.881	0.668	1.09570834270395e-11	5	ACAGGGATCGAGCTGC-3	C1
2.96964709028415e-15	0.276672406553618	0.834	0.672	1.7286315712544e-11	5	AAACGCTAGCAATAAC-3	C1
3.49260873774285e-15	0.858372878740841	0.331	0.109	2.03304754624011e-11	5	AGCAGCCAGGAGTAGA-2	C21
3.8147803435076e-15	1.06377839751604	0.272	0.076	2.22058363795577e-11	5	CTGCTGTCATCTATGG-2	C5
4.62879369814587e-15	0.303368028129874	0.861	0.67	2.69442081169071e-11	5	TGATCTTGTTGCTCGG-3	C10
4.64735634156648e-15	0.447700928187263	0.272	0.077	2.70522612642585e-11	5	GACGTTATCCTCTAGC-2	C14
5.49327175657197e-15	1.10820005695428	0.258	0.073	3.19763348950054e-11	5	CACACAACAGTCACTA-2	C15
6.09987009846632e-15	0.295844653786361	0.854	0.669	3.55073438431724e-11	5	CATACTTGTACAAGTA-3	C2
8.9938758816007e-15	0.815712947365449	0.278	0.084	5.23533515067977e-11	5	CTCGGGATCAGTTAGC-2	C14
9.89972716976374e-15	0.293818610305804	0.841	0.648	5.76263118551947e-11	5	TTCATGTAGGAATTAC-3	C1
9.91756785754851e-15	0.295403628700657	0.828	0.527	5.77301624987899e-11	5	ACGGCCACACCCATTC-1	C13
1.02611276251103e-14	0.43843820956412	0.854	0.666	5.97300239057673e-11	5	GGTTGTACAGTAGAAT-3	C1
1.07270591943203e-14	0.259437254895118	0.722	0.407	6.24422115701382e-11	5	CCAGCGATCGCAGGCT-1	C2
1.11042685967758e-14	0.274709434370052	0.894	0.703	6.4637947501832e-11	5	AGCTACACATGCCATA-3	C7
1.46449242818052e-14	0.830944045915872	0.358	0.126	8.52481042443883e-11	5	ACTTGTTGTAAGTAGT-2	C15
1.62069881672199e-14	0.317675757327171	0.821	0.607	9.4340878121387e-11	5	TGGAGAGTCGAGTGGA-3	C11
2.52074325298165e-14	0.423608726440059	0.854	0.689	1.46732464756062e-10	5	GAGTTTGTCTAGATCG-3	C10
2.93747039965259e-14	0.638871183958975	0.245	0.068	1.70990151963777e-10	5	GGACATTAGGAGTTGC-2	C16
3.53517864360203e-14	0.514997604288316	0.762	0.387	2.05782748844074e-10	5	ATTTCTGAGTTATCGC-1	C18
3.55451593759915e-14	0.356093629680854	0.841	0.677	2.06908372727646e-10	5	CTATCTATCAACGCTA-3	C10
3.64415327953332e-14	0.267275020647007	0.795	0.529	2.12126162401634e-10	5	TTGTAGGCACTTCTGC-1	C13
5.31073537511966e-14	0.552705663430266	0.285	0.089	3.09137906185716e-10	5	GGCTGGTCAGGGATTG-2	C13
6.53959732810635e-14	0.344709063358651	0.868	0.655	3.80669960469071e-10	5	ACACGCGCAACAGCTT-3	C7
1.24291070619544e-13	0.404881596824865	0.841	0.659	7.23498322076365e-10	5	AAACGAATCGCGATCG-3	C2
1.61997280027712e-13	0.462956268299751	0.874	0.66	9.42986167041311e-10	5	TGTTTGTGTCAACATC-3	C1
1.99982876398473e-13	0.251019921869617	0.808	0.547	1.16410032351551e-09	5	CTCTAATAGTACCGGA-1	C13
2.14348554510076e-13	0.265768042973297	0.828	0.66	1.24772293580316e-09	5	GACCAATCAATACGAA-3	C1
2.9810805421873e-13	0.540689740170676	0.331	0.121	1.73528698360723e-09	5	GCGCGATCATACGCCG-2	C15
5.02452950798358e-13	0.316695669540709	0.801	0.633	2.92477862659724e-09	5	GTCCTCATCTCAATCT-3	C2
5.12277350352848e-13	0.279819024333876	0.841	0.665	2.98196645640393e-09	5	AAAGAACAGCCAAGGT-3	C19
6.64358153044728e-13	0.522536195836378	0.695	0.422	3.86722880887336e-09	5	GGAATAAGTCCGTTAA-1	C0
6.93932063386595e-13	0.344697477458157	0.219	0.06	4.03937854097337e-09	5	TGCCCATTCGTAGATC-2	C7
8.84419706530035e-13	0.809326396460348	0.742	0.399	5.14820711171133e-09	5	GGCCGATCATGGTAGG-1	C18
1.04976869293641e-12	0.333206723760249	0.192	0.048	6.11070356158284e-09	5	CGTCTACTCTATCCTA-2	C7
1.05288007119207e-12	1.46131350819111	0.258	0.083	6.12881489440903e-09	5	GAATAAGTCCCTGACT-2	C4
1.16564000250391e-12	0.723813675198835	0.781	0.448	6.78519045457526e-09	5	CGACTTCTCGATGAGG-1	C0
1.2950412613573e-12	0.387683516807571	0.245	0.074	7.53843518236083e-09	5	TTGGCAAAGGATGGTC-2	C18
1.57995001026946e-12	0.330900275299116	0.722	0.435	9.19688900977851e-09	5	AGGTCCGAGACCGGAT-1	C12
2.08674534866221e-12	0.32607560849681	0.821	0.616	1.21469446745627e-08	5	TGAGTCATCGTAGTGT-3	C12
2.22811652888934e-12	0.729762140697921	0.278	0.092	1.29698663146648e-08	5	GTATCTTAGTATTGGA-2	C15
2.25729064677329e-12	0.577971163247985	0.742	0.386	1.31396888548673e-08	5	CAGGTGCAGGAGCGAG-1	C18
2.6817301598672e-12	0.320059792001587	0.828	0.67	1.5610351260587e-08	5	GAACGTTGTCAGGTGA-3	C1
3.87945146890084e-12	0.351070463017088	0.828	0.654	2.25822870004718e-08	5	TAGATCGTCTAGATCG-3	C19
5.09645630444594e-12	0.342566947819577	0.821	0.663	2.96664721481798e-08	5	GCGGAAATCCGGACTG-3	C1
6.1817147436308e-12	0.372196228623696	0.808	0.622	3.59837615226749e-08	5	GGAGATGGTAAGGTCG-3	C2
6.65597385610352e-12	1.13272612236844	0.205	0.057	3.87444238163786e-08	5	CAACCAAGTTTAAGCC-2	C18
6.83600829028636e-12	0.337564360223255	0.854	0.698	3.97924042577569e-08	5	GCTGAATAGACGGTTG-3	C7
7.85524162769011e-12	0.551806898964277	0.298	0.105	4.57253615147841e-08	5	GGATGTTAGAGCTTCT-2	C22
1.53763741248586e-11	0.627800806049231	0.742	0.398	8.95058737808016e-08	5	TATCAGGTCAAAGTAG-1	C18
1.71538891354876e-11	0.320680734328743	0.828	0.667	9.98527886576732e-08	5	ATCTCTAGTCCAAAGG-3	C19
1.7416845046243e-11	0.536378007555487	0.742	0.387	1.01383455014181e-07	5	CGCTATCTCCACGCAG-1	C18
1.95587746910272e-11	0.452108354038095	0.828	0.677	1.13851627476469e-07	5	TCGACGGAGAGTGACC-3	C1
2.14996767337641e-11	0.830920086729209	0.755	0.494	1.25149618267241e-07	5	GATGCTACACCATCCT-1	C16
2.30828040297056e-11	1.05668981916877	0.265	0.091	1.34365002256916e-07	5	TACTTACCAAGCCTAT-2	C15
2.31102761720786e-11	0.288142250282286	0.795	0.608	1.3452491759767e-07	5	CAACCTCTCTTCTAAC-3	C12
2.66744505365452e-11	0.274948009635043	0.848	0.676	1.55271976573229e-07	5	TGTTGAGGTAGCTGTT-3	C7
3.42857208235018e-11	0.996724265271319	0.848	0.639	1.99577180913604e-07	5	TTAATCCGTCGTTGGC-3	C22
3.62901814733006e-11	0.348649211206526	0.815	0.652	2.11245146356082e-07	5	CAAGCTACAATCTGCA-3	C19
4.27931139507738e-11	0.356792836678632	0.252	0.084	2.49098716307454e-07	5	CAGCTGGGTGCCTTGG-2	C20
4.51982938077338e-11	0.369223425048016	0.285	0.102	2.63099268254819e-07	5	CTGATAGAGCGAGAAA-2	C2
4.83622608537722e-11	0.372946317079258	0.219	0.067	2.81516720429808e-07	5	TTGGAACCATCCTTGC-2	C7
5.28813348288515e-11	0.543446705512449	0.325	0.13	3.07822250038745e-07	5	GTGTGCGAGTACGCCC-2	C15
6.29377591385435e-11	0.362013678159665	0.848	0.683	3.66360695945462e-07	5	TAGATCGAGAGGGTAA-3	C10
8.55380810377915e-11	0.581822797457341	0.291	0.111	4.97917169720984e-07	5	CACACAATCACCTTAT-2	C13
8.56489079800017e-11	0.282137294206559	0.788	0.62	4.9856229335159e-07	5	GGCACGTTCTGCTTTA-3	C12
9.65817427697153e-11	0.390868945755603	0.325	0.132	5.62202324662513e-07	5	GTTCGGGAGGTGACCA-2	C15
9.88044873368023e-11	0.379758040838943	0.689	0.359	5.75140920787526e-07	5	CGCTGGAAGCGGCTTC-1	C18
1.13785567218357e-10	0.555891513109141	0.841	0.67	6.62345786778055e-07	5	CTACATTGTATCACCA-3	C7
1.47852745558206e-10	0.272991601750821	0.775	0.613	8.60650831894318e-07	5	GTTCTATTCGTAACCA-3	C12
2.46962571369229e-10	0.646081939498233	0.199	0.06	1.43756912794028e-06	5	CACACTCAGGAGCGTT-2	C18
3.03201571872128e-10	0.328040496621992	0.709	0.439	1.76493634986766e-06	5	ACAGCTAAGAGGTACC-1	C12
4.15752621320221e-10	0.448655319251536	0.801	0.618	2.420096008705e-06	5	GAGCCTGAGTTGCTCA-3	C12
4.32912604461797e-10	0.77275359560189	0.192	0.058	2.51998427057212e-06	5	CCACTACTCGTATCAG-2	C14
8.21100497792924e-10	0.404530289717445	0.801	0.627	4.77962599765261e-06	5	GGATGTTCACCAGCCA-3	C2
8.48111599980552e-10	0.28273125818331	0.808	0.617	4.93685762348679e-06	5	GAATCACAGAAAGTCT-3	C22
8.74663281275202e-10	0.354731302349573	0.834	0.66	5.09141496030295e-06	5	GTGGAGACACATAGCT-3	C22
8.95978486444209e-10	0.751538822058424	0.649	0.35	5.21549076959174e-06	5	AACTCTTAGCCCAATT-1	C18
8.99783496382955e-10	1.11675792263945	0.225	0.077	5.23763973244518e-06	5	TCGCGAGTCACATGCA-2	C18
1.06196210027937e-09	0.275997255988983	0.722	0.458	6.18168138572623e-06	5	TGGGCGTAGAATCTCC-1	C12
1.12859531296885e-09	0.336383478059543	0.278	0.109	6.56955331679167e-06	5	GATCGCGCATGGGACA-2	C15
1.29608073774956e-09	0.562950594299337	0.212	0.07	7.54448597444017e-06	5	ACCCACTAGTGGGTTG-2	C13
1.30672566576396e-09	0.288246450074711	0.272	0.102	7.60645010041198e-06	5	GTACTCCTCAGAAATG-2	C2
2.09517603362345e-09	0.723537658426235	0.172	0.051	1.21960196917221e-05	5	AGTTGGTGTCTCCACT-2	C18
2.49860725278486e-09	0.262479282457057	0.225	0.079	1.45443928184607e-05	5	AAGCCGCTCGTTGACA-2	C7
2.78031672674321e-09	1.23428614838186	0.205	0.068	1.61842236663723e-05	5	CTCGTACCAGGTGGAT-2	C14
3.07721790419669e-09	0.589032491671297	0.795	0.541	1.79124854203289e-05	5	TGGTTCCGTTTAGGAA-1	C16
4.99774754512561e-09	0.344599179477281	0.834	0.664	2.90918884601762e-05	5	GATTCTTTCCTTCTTC-3	C7
5.74537331820328e-09	1.17365846848665	0.669	0.361	3.34438180852613e-05	5	CTGCGGAAGAAAGTGG-1	C18
6.81883822749898e-09	0.365046127993278	0.212	0.074	3.96924573222715e-05	5	GACGTTAAGGATGGAA-2	C12
6.95578162337129e-09	0.484946803760529	0.238	0.09	4.04896048296443e-05	5	AGGGATGCACTAGTAC-2	C12
7.97385149302898e-09	0.292961113151192	0.815	0.657	4.64157895409217e-05	5	AGACAGGTCCCAGGCA-3	C7
8.1935203118004e-09	0.448636332209985	0.205	0.071	4.76944817349901e-05	5	CTAATGGAGTCCGTAT-2	C13
8.85258164797946e-09	0.605975891690401	0.219	0.08	5.15308777728884e-05	5	CAGGTGCGTCAGCTAT-2	C15
1.38881483715676e-08	0.401387035438774	0.801	0.62	8.08429116708949e-05	5	GTACAACCACTATCGA-3	C22
2.744128749194e-08	0.647981084658071	0.742	0.497	0.000159735734490583	5	GCGAGAAAGGCGTACA-1	C16
2.8301163903714e-08	0.2717900347418	0.722	0.426	0.000164741075083519	5	ACACCCTGTTGACGTT-1	C0
8.17769642847874e-08	0.258603445236018	0.179	0.061	0.000476023709101748	5	AAAGTAGCAGTATCTG-2	C5
9.03082570689258e-08	0.264894700419301	0.762	0.609	0.000525684364398217	5	AGGGCCTAGCACTAAA-3	C12
1.03387585470782e-07	0.253436627207254	0.801	0.676	0.000601819135025424	5	GTTCGCTAGCACTCGC-3	C7
1.70512087760977e-07	0.303579449936857	0.179	0.064	0.000992550862856649	5	TTTGCGCTCCTGCCAT-2	C7
1.7830338669638e-07	0.453747116536286	0.152	0.049	0.00103790401395963	5	ACTGTCCAGCGCCTTG-2	C7
1.96421232994107e-07	0.724975636216053	0.649	0.362	0.0011433679972587	5	AAATGCCTCTTGAGGT-1	C18
2.2687879288932e-07	0.560508365071168	0.232	0.094	0.00132066145340873	5	CAGCGACAGGTGCTTT-2	C21
2.80711267627137e-07	0.42749389043835	0.715	0.44	0.00163402028885756	5	ATCATCTCAATGGAGC-1	C6
2.90021286191312e-07	0.787929899614405	0.636	0.353	0.00168821390691963	5	CCGGTAGCATTATCTC-1	C18
2.91573077498713e-07	0.30407097422323	0.232	0.097	0.00169724688412001	5	CATCGGGGTAGCACGA-2	C6
3.0563469912067e-07	0.575831228225824	0.139	0.043	0.00177909958358142	5	CTGGTCTTCCTGCAGG-2	C7
3.27137106028097e-07	0.333143196257041	0.199	0.077	0.00190426509418955	5	ACAGCTACAGACGCCT-2	C6
3.34212729551228e-07	0.286366568942466	0.815	0.634	0.0019454522987177	5	CTGTATTAGTTTGAGA-3	C16
3.73378763981689e-07	0.350944349511216	0.179	0.065	0.00217343778513741	5	GATCAGTGTACCAGTT-2	C12
4.46691189636603e-07	0.263259616002926	0.185	0.07	0.00260018941487467	5	GGCTCGAGTCCAACTA-2	C6
5.37818391475205e-07	0.512725990462276	0.166	0.058	0.00313064085677717	5	GTGCATATCTTTACAC-2	C18
5.86747525507838e-07	0.269729192699823	0.152	0.051	0.00341545734598112	5	GGCGTGTGTCCATGAT-2	C7
6.19253601729295e-07	0.407660559451248	0.152	0.052	0.00360467521566623	5	TCCCGATGTCTGGTCG-2	C18
6.84054159227648e-07	0.622661465069959	0.179	0.067	0.00398187926086414	5	CTGAAGTCAGGCAGTA-2	C16
9.89652645850507e-07	0.672968608055816	0.219	0.09	0.0057607680514958	5	GGTATTGGTGTGCCTG-2	C16
1.11633129136881e-06	0.421892342798327	0.132	0.043	0.00649816444705786	5	CTCATTATCAGTCAGT-2	C18
1.21717892759395e-06	0.321021348011372	0.166	0.061	0.00708519853752437	5	TGGGCGTAGGTAGCTG-2	C16
1.42288339344238e-06	1.24374795451019	0.252	0.115	0.00828260423322807	5	GTAACGTGTTCTGTTT-2	C22
1.56250619213422e-06	0.543216351551566	0.252	0.115	0.00909534854441331	5	GTAGGCCGTCAAAGCG-2	C21
1.59869137145156e-06	0.517933280052397	0.132	0.043	0.00930598247321951	5	CCATTCGAGGCGTACA-2	C7
2.2423789625129e-06	0.586729012322985	0.219	0.097	0.0130528879407876	5	CTGTTTAAGGCTCATT-2	C16
2.79321895572852e-06	0.521417895173079	0.166	0.063	0.0162593275412957	5	TCATTTGCACCATCCT-2	C12
3.95202434590267e-06	0.300713233950105	0.172	0.068	0.0230047337174994	5	GCAATCAAGGTCATCT-2	C4
4.56841724995097e-06	0.428470899196795	0.152	0.057	0.0265927568119646	5	CGATCGGGTGCCTGTG-2	C18
4.98608482972189e-06	0.861675345370624	0.192	0.082	0.0290239997938111	5	GTGTGCGAGAGTAATC-2	C0
5.57925395175059e-06	0.86432554378922	0.225	0.103	0.0324768372531402	5	TGTGGTACACCGTTGG-2	C21
7.57195934081993e-06	0.450419382697552	0.166	0.065	0.0440763753229128	5	GTGGGTCTCCGCTGTT-2	C18
7.63677313760396e-06	0.735888984992626	0.192	0.084	0.0444536564339927	5	TGCCCTAGTAGAAAGG-2	C0
8.48176953522209e-06	0.296450507048413	0.735	0.644	0.0493723804645278	5	TTGTTTGTCAAACCTG-3	C11
