p_val	avg_log2FC	pct.1	pct.2	p_val_adj	geneCluster	cell	cellType
1.08277611545581e-146	3.2742037039414	0.86	0.058	6.30283976806826e-143	11	ACTGCTCAGAAACCTA-2	C15
5.78612876703375e-131	3.29451511121958	0.791	0.055	3.36810555529035e-127	11	ATGGGAGAGTCTCGGC-2	C15
1.94565901293186e-117	3.57421275011333	0.826	0.072	1.13256811142764e-113	11	AGCTTGATCGGCATCG-2	C15
5.52795091235726e-117	3.20657277649445	0.942	0.107	3.21782022608316e-113	11	AGCTTGATCTTGAGAC-2	C15
3.48733877069502e-47	3.59362800843187	0.988	0.541	2.02997989842157e-43	11	GGGAGATTCAACACAC-1	C15
1.39368746316533e-42	1.71506009443289	0.5	0.073	8.1126547230854e-39	11	GAAATGATCAGCATGT-2	C15
1.03196287082199e-41	2.43612771140138	0.965	0.577	6.00705587105483e-38	11	TGCCAAATCAGTACGT-1	C15
4.72445317315976e-40	2.42303136520505	0.953	0.569	2.7501041920963e-36	11	TTCGGTCAGTACGCCC-1	C15
1.73127515617902e-39	4.5814274050745	0.942	0.553	1.00777526841181e-35	11	CGGAGTCGTTCAGACT-1	C15
9.06429534160464e-36	2.36237186079597	0.93	0.593	5.27632631834806e-32	11	ACGGCCACAGTTTACG-1	C15
2.22095017799548e-35	4.59141738590092	0.919	0.589	1.29281509861117e-31	11	GATCGCGCAACACCTA-1	C15
7.21047180324463e-33	2.05238488419819	0.919	0.556	4.1972156366687e-29	11	GGCGTGTTCGCAAACT-1	C15
4.55543850503474e-32	2.54608968465832	0.907	0.585	2.65172075378072e-28	11	GTGGGTCTCACTTATC-1	C15
2.18121878927126e-31	2.32108543192219	0.907	0.553	1.2696874572348e-27	11	GACTACACAGGCTGAA-1	C15
5.10693328746255e-30	2.12042790390008	0.895	0.559	2.97274586663195e-26	11	GTATTCTTCATCGATG-1	C15
1.80717471339061e-28	2.52215684131447	0.884	0.564	1.05195640066467e-24	11	CCACGGACAGCTGTTA-1	C15
1.87149896823489e-22	2.24893867103849	0.849	0.557	1.08939954940953e-18	11	TTTATGCTCCTTAATC-1	C15
1.74394480874115e-19	0.658400002263818	0.86	0.573	1.01515027316822e-15	11	TGCCCATCATCGGACC-1	C15
3.04474348752411e-17	1.00654230599928	0.453	0.131	1.77234518408778e-13	11	CAGAATCGTCTACCTC-2	C15
5.79363647893204e-10	0.800487326768619	0.43	0.168	3.37247579438634e-06	11	CGAGCACCAGGATCGA-2	C15
1.91224399311649e-08	1.4994404870305	0.733	0.474	0.000111311722839311	11	CAACCTCCATGACGGA-1	C15
3.79186437675668e-06	0.399663032548603	0.349	0.161	0.0220724425371006	11	CACCTTGAGGCAATTA-2	C15
4.79179653614885e-06	0.411882701408828	0.314	0.136	0.0278930476369224	11	ACTTGTTGTAAGTAGT-2	C15
