p_val	avg_log2FC	pct.1	pct.2	p_val_adj	geneCluster	cell	cellType
1.2108281328714e-48	2.9400069400333	0.75	0.051	7.0482305614444e-45	14	CGATGTATCTGCAGTA-2	C20
1.11615461217645e-47	2.40445974177511	0.833	0.066	6.4971359974791e-44	14	GGTGAAGAGGAATCGC-2	C20
1.84197273505904e-44	2.67208968541675	0.75	0.057	1.07221232907787e-40	14	CGCTATCCAGTTAACC-2	C20
4.0376959956466e-41	2.72986171514911	0.75	0.061	2.35034283906589e-37	14	GTTAAGCGTGAACCTT-2	C20
2.75476813478013e-37	2.52591870580904	0.625	0.047	1.60355053125551e-33	14	TATTACCAGTTCGCGC-2	C20
1.21195433605364e-35	2.36590299937973	0.792	0.082	7.05478619016823e-32	14	TTCGGTCAGGTGGGTT-2	C20
4.9808809817618e-35	2.28759228308241	0.75	0.072	2.89937081948354e-31	14	CCCAATCAGGGCTTGA-2	C20
1.17074816948619e-34	2.46832676914377	0.708	0.065	6.8149250945791e-31	14	ACATGGTAGCGGATCA-2	C20
2.68786157489251e-33	2.56288327652255	0.625	0.052	1.56460422274493e-29	14	TAAGAGATCCCTAACC-2	C20
3.81951483280035e-32	2.51544938228773	0.667	0.062	2.22333958417308e-28	14	TGACAACGTGCAGACA-2	C20
1.1142383365225e-31	2.61564396064372	0.625	0.056	6.4859813568975e-28	14	ACCGTAAGTGTTGAGG-2	C20
8.77128543507322e-31	2.59264336246172	0.667	0.067	5.10576525175612e-27	14	TGACAACTCGTGACAT-2	C20
1.71917583635906e-30	2.15266808496386	0.667	0.065	1.00073225434461e-26	14	CGCCAAGAGGAGTTGC-2	C20
4.96598752754915e-30	1.72858190443196	0.625	0.059	2.89070133978636e-26	14	CTTAGGATCCAGGGCT-2	C20
5.17519663678606e-30	1.935272326316	0.583	0.05	3.01248196227316e-26	14	GTGGGTCAGTACGATA-2	C20
1.54146116481527e-29	2.37053575635539	0.625	0.058	8.97284544038969e-26	14	CAGTAACTCAGGTAAA-2	C20
8.15541271708786e-29	2.52345625917459	0.708	0.081	4.74726574261684e-25	14	TGAGCATGTACCGGCT-2	C20
7.34178521850758e-28	2.79484582962277	0.667	0.075	4.27365317569326e-24	14	CTCAGAAGTCCGAATT-2	C20
9.80381876469464e-28	2.28246223986352	0.542	0.048	5.70680290292875e-24	14	TGCACCTGTTACAGAA-2	C20
2.22408538817401e-27	2.23476425693212	0.667	0.074	1.29464010445609e-23	14	ACGATGTTCCGGCACA-2	C20
3.55681720635967e-27	1.9930393013394	0.583	0.054	2.07042329582197e-23	14	TTGCCGTAGCGTGAGT-2	C20
1.32789616171796e-26	2.71357009939202	0.708	0.089	7.72968355736024e-23	14	TACTCATGTGTTTGGT-2	C20
2.17487027320043e-26	2.42711526321317	0.583	0.057	1.26599198602997e-22	14	TCGAGGCAGCTACCGC-2	C20
2.25382066530109e-26	2.68419254864713	0.708	0.09	1.31194900927177e-22	14	GCGAGAACAGGAATGC-2	C20
2.61934636814877e-26	2.18641805721914	0.667	0.075	1.5247215208994e-22	14	CGCGGTAAGCTAACAA-2	C20
9.00310263078958e-26	2.04523747618444	0.542	0.051	5.24070604138261e-22	14	ATGTGTGAGACAAAGG-2	C20
2.97119299936149e-24	2.40040311186659	0.625	0.074	1.72953144492832e-20	14	ATGCGATCAAACAACA-2	C20
3.9586998497036e-24	2.20560240363595	0.792	0.124	2.30435918251247e-20	14	CACAAACAGTGAATTG-2	C20
2.35632284627184e-23	2.18412108921214	0.5	0.047	1.37161552881484e-19	14	AGAGCTTGTGCGAAAC-2	C20
2.38453496702068e-23	1.58863355291061	0.542	0.056	1.38803780430274e-19	14	GCTGCTTTCACTATTC-2	C20
1.24075178393517e-20	2.598972651167	0.583	0.076	7.22241613428663e-17	14	GATCGTAAGCATCATC-2	C20
4.20417542778567e-20	1.96876094324725	0.542	0.065	2.44725051651404e-16	14	GGCGTGTAGTCTCAAC-2	C20
3.29888883154072e-19	1.88623272352247	0.5	0.058	1.92028318883985e-15	14	ACTGCTCAGCTAAACA-2	C20
3.03834950866188e-18	2.87004870935692	0.583	0.088	1.76862324899208e-14	14	TGACGGCAGCCAGTAG-2	C20
1.7103588496898e-17	1.48094706697624	0.458	0.055	9.95599886404431e-14	14	TTTGTCATCCAGAGGA-2	C20
2.59817587392005e-17	2.25781420803607	0.458	0.056	1.51239817620886e-13	14	GCGAGAATCTGGCGTG-2	C20
1.22241948457328e-16	2.21672976796692	0.458	0.058	7.11570381970106e-13	14	ACCTTTAGTCTCAACA-2	C20
2.62021780449262e-14	2.3395049450136	1	0.562	1.52522878399516e-10	14	CTAACTTGTTCGTGAT-1	C20
8.09067623286742e-14	1.80882742100134	0.417	0.057	4.70958263515213e-10	14	CGTAGGCTCACGACTA-2	C20
4.56615898143112e-12	1.82883349824036	1	0.696	2.65796114309106e-08	14	GCTGCAGGTCTCGGGT-3	C20
7.35764554503483e-12	0.465710133161206	0.5	0.086	4.28288547176478e-08	14	CTGCTGTCATCTATGG-2	C5
1.82393182448242e-11	0.942323154512417	0.5	0.092	1.06171071503122e-07	14	CAGCTGGGTGCCTTGG-2	C20
1.40218987078391e-09	0.965629238368905	0.958	0.677	8.16214723783313e-06	14	GTTTACTTCCCAACTC-3	C20
