id	p_val	avg_log2FC	pct.1	pct.2	p_val_adj
Mycl	0	0.634685452475508	0.503	0.013	0
Flt3	0	1.07180368648002	0.782	0.028	0
Clec9a	0	1.42911191128668	0.794	0.017	0
Gm43914	0	0.505562239622177	0.364	0.004	0
Tlr11	0	0.394534462669614	0.376	0.007	0
Gramd2	0	0.331454148110473	0.303	0.004	0
Snx22	0	0.992182486073504	0.612	0.008	0
Xcr1	0	2.1095609861662	0.824	0.01	0
Itgae	0	1.80413382559714	0.855	0.026	0
Gpr141b	0	0.825727707817751	0.485	0.004	0
Sept3	0	1.50343475789132	0.818	0.025	0
Btla	0	1.24625153631747	0.83	0.028	0
Gcsam	0	1.09054666614093	0.685	0.006	0
Gpr33	6.88748638903305e-302	0.271464957413838	0.242	0.003	1.46455510576399e-297
Ffar4	1.05167169404039e-279	0.483269920178174	0.339	0.009	2.23627469020748e-275
H2-Oa	2.113953668921e-275	1.1434342274959	0.697	0.05	4.4951110815936e-271
H2-Ob	6.35696991350613e-252	0.933298711194203	0.697	0.055	1.35174608240794e-247
Clec1b	1.20040506684587e-246	0.423177258423995	0.382	0.014	2.55254133414106e-242
Ttc39a	6.10981596119126e-219	0.31873087178882	0.279	0.008	1.29919126598771e-214
Wdfy4	2.31458297274943e-218	2.20824776957532	0.982	0.168	4.92172923325438e-214
Tnni2	9.43519978549182e-207	1.10807253846395	0.582	0.046	2.00630088238698e-202
Zfp366	5.00927383129124e-179	0.648062496663223	0.503	0.038	1.06517198748577e-174
Hepacam2	1.45683984089339e-177	0.446707343377479	0.303	0.013	3.0978242376757e-173
Cd24a	3.78093081286049e-177	2.15162018721301	0.976	0.195	8.03977128046654e-173
Card11	2.88130520101647e-172	0.711613815327676	0.636	0.065	6.12680737944142e-168
E330020D12Rik	2.81669407670105e-163	0.877057737108366	0.345	0.02	5.98941828469712e-159
Fndc5	3.4304795935594e-155	0.374146337300607	0.352	0.021	7.2945718077447e-151
Tlr3	1.01533602945057e-145	1.27884300912806	0.764	0.125	2.15901053302369e-141
Gpr82	2.04193063741002e-143	0.276173820117926	0.255	0.011	4.34196130738868e-139
Asb2	1.58314939456149e-142	0.870300964777663	0.685	0.091	3.36640887259555e-138
Ap1s3	2.09458828257666e-134	0.702533542947629	0.594	0.075	4.45393252407101e-130
Bcl2l14	2.68410352733595e-129	0.364650714426039	0.236	0.011	5.70747774052716e-125
Ifi205	1.28170124236381e-124	2.04187620102878	0.964	0.27	2.72540952176242e-120
Rnase6	9.78054929638137e-123	1.36874506228048	0.867	0.191	2.07973600238253e-118
Naaa	5.45618098050317e-120	2.69407340528651	1	0.465	1.16020232369419e-115
Slamf7	3.67460355442808e-118	0.831174152025944	0.691	0.11	7.81367699813586e-114
H2-DMb2	8.40043731400025e-118	0.811118910237747	0.655	0.098	1.78626899044901e-113
Kmo	9.62236147667595e-116	0.84154222832983	0.703	0.113	2.04609894440037e-111
Pianp	1.29188496242076e-112	0.309822572433939	0.279	0.018	2.7470641840915e-108
Sdad1	2.28881056703009e-110	1.59825518229786	0.921	0.29	4.86692678973279e-106
Jaml	3.59971739053596e-110	1.44053575534608	0.945	0.263	7.65443905923567e-106
Wdr86	5.90046785753655e-107	0.265412299623926	0.273	0.019	1.25467548522657e-102
Plbd1	4.39121499929362e-104	2.12179380379215	1	0.51	9.33747957449795e-100
Phf11a	1.08798730835404e-103	0.744202054000416	0.564	0.084	2.31349621248404e-99
Cst3	4.54937317536889e-103	3.52007691450371	1	0.972	9.6737871201044e-99
Pkib	3.55658904948375e-102	1.21962254989742	0.879	0.228	7.56273095482224e-98
Irf8	1.47344238914769e-100	2.52576572915791	0.988	0.568	3.13312789628366e-96
Cbfa2t3	6.17653610672066e-100	1.40994039965247	0.939	0.298	1.31337863773308e-95
Zbtb46	3.04827252021835e-96	0.482410325265626	0.467	0.061	6.48184668699231e-92
Gm9530	3.42278337802551e-96	0.259679990517027	0.212	0.012	7.27820657503345e-92
Qpct	1.59207144053393e-95	0.958251930672025	0.642	0.117	3.38538071115136e-91
Napsa	2.06976975060115e-95	1.17715786812961	0.933	0.249	4.40115839767828e-91
Naga	1.84350857158907e-93	1.22632558740621	0.867	0.27	3.920036626627e-89
Ppt1	6.15226885751724e-93	2.26647345599174	0.964	0.572	1.30821844986247e-88
Sept6	2.50806337545382e-88	0.895619857522539	0.776	0.185	5.333145961565e-84
Pak1	5.13062703045934e-88	1.1371581379356	0.848	0.247	1.09097653175688e-83
Ppm1m	2.04006834459455e-87	1.08438334005993	0.824	0.254	4.33800132794585e-83
Tspan33	3.34398989814228e-86	0.452564711915182	0.376	0.044	7.11066011940974e-82
Shtn1	1.30889422358044e-85	1.26976046563012	0.933	0.372	2.78323267702145e-81
Zdhhc23	2.76017775736753e-85	0.442902447737422	0.442	0.061	5.86924198326631e-81
Gm2a	1.73775779606304e-84	2.0439751380952	0.994	0.751	3.69516817754844e-80
Atox1	1.52364889179053e-82	1.80353937749135	1	0.912	3.23988700350337e-78
Gpr171	2.27743786142911e-80	1.04159544099805	0.77	0.193	4.84274386854286e-76
Havcr2	8.8221637498546e-79	0.690255493759954	0.612	0.121	1.87594489976908e-74
Tbc1d4	1.46801144289466e-78	0.84755746031456	0.648	0.147	3.12157953217121e-74
Mctp1	5.60456711443113e-78	0.601787565353639	0.606	0.117	1.19175515121263e-73
Ckb	3.04921320734591e-77	1.87778475091811	0.976	0.535	6.48384696410034e-73
Lrrk2	6.05275218021791e-77	0.434001844021449	0.424	0.061	1.28705722360154e-72
Psmb9	1.10982428849161e-76	1.50062410659238	0.994	0.682	2.35993036704855e-72
Psme1	1.10193389768476e-75	1.29261906029067	1	0.905	2.34315224003687e-71
Map4k1	3.06211706294635e-75	0.67383946535465	0.721	0.171	6.51128572264911e-71
Taldo1	5.77107023597411e-74	1.65196060717802	0.988	0.816	1.22716037497754e-69
St3gal5	6.49851898876572e-74	0.810911081692293	0.667	0.16	1.38184507777114e-69
Slc8b1	3.49803895468368e-71	0.736443161245874	0.667	0.155	7.43823003323938e-67
Ciita	4.09219145742257e-71	1.17290379308918	0.915	0.325	8.70163591506336e-67
Tmsb4x	5.31442989566993e-71	1.25844296109698	1	0.998	1.13006037301525e-66
Tbc1d8	1.68654538478882e-70	0.525767303638741	0.588	0.119	3.58627010621495e-66
Mkrn1	5.75499477264152e-70	1.31470682405043	0.982	0.599	1.22374208845449e-65
Psmb8	9.71628057614133e-70	1.45986889293131	1	0.858	2.06606990171069e-65
Lsp1	6.56778230554038e-69	1.55268872562635	0.994	0.547	1.39657322945011e-64
P2ry10	3.46978948644611e-66	0.558934341916301	0.57	0.116	7.37816036397901e-62
Olfm1	2.45725090457059e-65	1.15060274788205	0.952	0.407	5.2250983234789e-61
Rps11	2.02900814159403e-64	1.00965248665217	1	0.993	4.31448291228555e-60
H2-Ab1	3.40103406794094e-64	1.56780231602238	1	0.665	7.23195884206962e-60
BC028528	5.30822683891382e-64	1.07835319980536	0.776	0.261	1.12874135502663e-59
Cyfip2	6.42994916440813e-64	0.612020289244852	0.733	0.198	1.36726439031975e-59
H2-DMb1	2.16132789901103e-63	1.32571619937631	0.994	0.502	4.59584764445706e-59
Cdc14a	2.22186555146776e-63	0.764333854533803	0.624	0.157	4.72457490864105e-59
Ryr1	2.62282655489015e-63	0.383872947740203	0.352	0.052	5.57717838631842e-59
Bcl2a1a	2.75348599347836e-63	1.18279519709959	0.782	0.246	5.85501261653239e-59
Bloc1s2	3.77709359666439e-63	0.915449733503285	0.824	0.31	8.03161182394716e-59
2310040G24Rik	8.3180911961074e-63	0.45110399303092	0.467	0.087	1.76875891194028e-58
Anpep	1.7607253421643e-62	0.575306113173258	0.709	0.189	3.74400636757816e-58
Actb	7.60422509107666e-61	1.13517960209955	1	0.998	1.61696242336654e-56
Fnbp1	1.42497314384659e-60	1.14962922639634	0.982	0.561	3.03006289307539e-56
Ppp1r11	2.23578807406172e-60	1.09438293069865	0.958	0.596	4.75417976068485e-56
Pomp	2.4419990963214e-60	1.09256459384659	1	0.891	5.19266687841783e-56
Batf3	1.52534144046846e-59	1.00593135640907	0.879	0.321	3.24348603901213e-55
Actr3	2.05725006197953e-59	1.10313425435021	0.994	0.868	4.37453653179327e-55
Tlr12	2.62122080101727e-59	0.264739415117689	0.285	0.036	5.57376391128312e-55
Coro2a	3.76037365187486e-59	0.746206857490314	0.794	0.245	7.99605853334671e-55
Tbc1d9	5.40583915663935e-59	0.743475619248967	0.642	0.173	1.14949763826779e-54
Itgb7	1.73837190998657e-58	0.687253295536622	0.764	0.215	3.69647402939545e-54
Bri3bp	2.11215427413329e-57	0.776085550697179	0.721	0.233	4.49128484851703e-53
Slc46a3	3.28661407277441e-57	0.30409566395785	0.352	0.054	6.98865616434752e-53
Dpp4	3.63553967363998e-57	0.616702841320526	0.709	0.199	7.73061156202805e-53
Arpc2	1.90090154923395e-56	0.817900586093142	1	0.972	4.04207705429108e-52
Rab43	4.97994963673432e-56	0.881133864190551	0.673	0.198	1.05893649075518e-51
Id2	6.23008763323686e-55	1.22660973057911	0.964	0.503	1.32476583433149e-50
Gnb4	9.43961341382645e-55	0.849036000800262	0.648	0.192	2.00723939631606e-50
Unc119	1.77716899573158e-54	0.990635710456606	0.77	0.3	3.77897215252363e-50
Unc119b	3.18570143656212e-54	0.5556956857998	0.57	0.147	6.77407553470569e-50
Fgd2	4.95031171796934e-54	0.730106645523224	0.788	0.267	1.052634283709e-49
Tmsb10	5.17445671285978e-54	1.38632059692466	1	0.924	1.1002964754225e-49
Coro1a	1.12674816871841e-53	1.11860753441856	1	0.656	2.39591730596282e-49
Ear2	4.56860043080392e-53	0.292824190137547	0.273	0.036	9.71467195606145e-49
Dna2	7.34752799978395e-53	0.423316968853827	0.473	0.1	1.56237835387406e-48
Klrk1	3.53993799821356e-52	0.478002742716394	0.6	0.149	7.52732415940131e-48
Tbca	6.23697489441536e-52	0.975470007790619	0.988	0.812	1.32623034154848e-47
Sh3bgrl3	7.40530549715162e-52	1.02812476248927	1	0.909	1.57466416091432e-47
Gm6377	1.52154145727615e-51	0.656922167643194	0.679	0.197	3.23540575475201e-47
Trpm2	1.91216554750437e-51	0.312875081140993	0.382	0.069	4.06602882021328e-47
H2-Aa	2.33551433743204e-51	1.31096637889141	1	0.685	4.96623768711548e-47
Cxcr3	3.07627569957161e-51	0.334000927208929	0.345	0.058	6.54139264756907e-47
Eef1b2	3.21302165920497e-51	1.03500488829833	1	0.953	6.83216925613346e-47
Actg1	3.2161521781573e-51	0.886276900072094	1	0.992	6.83882599163369e-47
Dock10	1.12475909725689e-50	1.04766006692646	0.897	0.41	2.39168774440704e-46
Atpif1	1.38569511907819e-50	1.17510148275761	1	0.865	2.94654210120785e-46
Cd74	2.2100924685345e-50	1.31268470122508	1	0.821	4.69954062509176e-46
Rpl14	2.33455577735302e-50	0.864140978635999	1	0.975	4.96419940496346e-46
Cd52	4.9085324831786e-50	1.2454185530999	1	0.697	1.0437503472231e-45
Ifi30	5.2590553070744e-50	1.21269028741191	1	0.755	1.1182855204963e-45
Itgax	1.8308436997637e-49	0.453757123760056	0.539	0.13	3.89310604317754e-45
H2afz	4.24849293978312e-49	1.21143156850621	0.988	0.902	9.03399538715482e-45
Nup210	9.84332872897231e-49	0.43946297987459	0.582	0.15	2.09308542092867e-44
Rab7b	2.35061213950784e-48	0.881310476714102	0.758	0.3	4.99834165344947e-44
H2-DMa	2.47849110725513e-48	1.06990522022613	0.982	0.597	5.27026349046731e-44
Calm1	4.87987464127544e-48	0.74874741730181	1	0.988	1.03765654372081e-43
Net1	1.79135719032205e-47	0.453224341159619	0.539	0.141	3.80914192950082e-43
H2-Eb1	6.43901417590157e-47	1.13513857595129	1	0.671	1.36919197436371e-42
Cycs	8.95624749313493e-47	1.13778093570766	0.976	0.759	1.90445646694021e-42
Htr7	2.13137245670634e-46	0.29964070544878	0.412	0.084	4.53215039194035e-42
Mpeg1	9.84880491871417e-46	1.08984306606127	0.982	0.545	2.09424987791538e-41
Rpl17	1.00389202515628e-45	0.780972905784709	1	0.989	2.13467600229231e-41
Prr5l	1.27577271500746e-45	0.312994894145416	0.388	0.078	2.71280310119187e-41
Bcl11a	1.56995733958707e-45	0.338668604302806	0.4	0.081	3.33835728689794e-41
Bcl2a1d	1.73213284955019e-45	0.847738034691208	0.685	0.237	3.68320729128352e-41
Ppp1r14a	4.33138939000264e-45	0.271071797241998	0.455	0.1	9.21026639890162e-41
Cnn2	4.74476384626369e-45	0.916933257082607	0.915	0.52	1.00892658426951e-40
Dctpp1	7.32679611436363e-45	0.773492085550511	0.745	0.299	1.55796992575828e-40
Plcb4	4.76050328634553e-44	0.268864903667526	0.394	0.079	1.01227341880851e-39
Rps26	9.00342211196534e-44	0.752663964124497	1	0.991	1.91448767788831e-39
Psap	1.37159220672534e-43	1.03148498361732	1	0.958	2.91655366838077e-39
Sh3bp1	3.91190430492062e-43	0.642582131081672	0.752	0.292	8.31827331398321e-39
Irf5	7.29811135411479e-43	0.808574866102675	0.891	0.473	1.55187039833897e-38
Zyx	1.30064306568272e-42	0.961627676215119	0.958	0.655	2.76568741486774e-38
Ece1	2.04618275612641e-42	0.747607521933789	0.824	0.365	4.35100301262719e-38
Rtl8a	4.43367861807438e-42	0.868035173359017	0.636	0.229	9.42777421347336e-38
Rtl8b	1.35304636661965e-41	0.738860049478876	0.539	0.163	2.87711779398003e-37
Plet1	2.2034048745304e-41	1.16436830482815	0.412	0.104	4.68532012520144e-37
Dapp1	1.76137440121212e-40	0.978038194060564	0.788	0.387	3.74538652673745e-36
Hfe	3.09384020917409e-40	0.991814041035466	0.855	0.419	6.57874182078778e-36
BC035044	3.96605981476397e-40	0.454262335847634	0.576	0.169	8.43342959011411e-36
Trerf1	9.86769587765729e-40	0.550575427083968	0.673	0.238	2.09826685142505e-35
Rpsa	1.5412434028715e-39	0.698407722643489	1	0.992	3.27729997186595e-35
Trim35	1.64686392676844e-39	1.0492501217254	0.812	0.403	3.50189145388042e-35
Ccdc102a	1.65854511836702e-39	0.387371331988352	0.485	0.13	3.52673033969562e-35
Arpc3	1.84974442794127e-39	0.748577740546136	1	0.949	3.93329655157433e-35
Plekho1	2.46231375326964e-39	0.839443633203447	0.945	0.578	5.23586396495256e-35
Srgap3	3.31401757637919e-39	0.258134684052643	0.333	0.066	7.0469269744127e-35
H2afy	3.97132877766833e-39	0.804307370172374	0.988	0.827	8.44463351283394e-35
Dpy19l3	6.4397638921598e-39	0.361149808645594	0.37	0.082	1.36935139402886e-34
Ahr	1.12318528852004e-38	0.883384224101579	0.891	0.444	2.38834119750902e-34
Ppfia4	1.19376958345262e-38	0.424242876982194	0.576	0.17	2.53843164225366e-34
Gm35853	1.50958023917438e-38	0.279731772285358	0.261	0.044	3.20997142058041e-34
Pmaip1	2.79054377292459e-38	0.844940851259917	0.691	0.25	5.93381227874686e-34
Grap2	4.71386345852788e-38	0.260288480220163	0.327	0.065	1.00235592582137e-33
Camk1d	1.33399436989893e-37	0.691946142452077	0.77	0.325	2.83660562815309e-33
Serf2	1.41554446516533e-37	0.705811563730165	0.994	0.978	3.01001375072755e-33
Rpl19	1.70799053486615e-37	0.595791777001703	1	0.995	3.63187107333939e-33
Pfn1	1.899685699635e-37	0.722972436220539	1	0.978	4.03949167170386e-33
Pfkp	2.44784292570498e-37	0.949279553492041	0.879	0.479	5.20509319721906e-33
Rpl28	7.24911281111572e-37	0.6222888784238	1	0.992	1.54145134815565e-32
Bcl6	1.40559220385176e-36	0.476457057029624	0.521	0.159	2.98885126227038e-32
Dnase1l3	2.15453339752712e-36	0.850660689782362	0.436	0.115	4.58139981650166e-32
Casp6	2.66025177566968e-36	0.750377957500092	0.77	0.336	5.65675937578401e-32
Fchsd2	3.07752907531667e-36	0.65088016859118	0.733	0.303	6.54405782575337e-32
Ly75	7.77040091298667e-36	0.339919096254839	0.376	0.092	1.65229805013749e-31
March1	7.85467526597403e-36	0.647504568901511	0.818	0.355	1.67021814855672e-31
Vrk1	2.7115245899862e-35	0.815675706304479	0.818	0.388	5.76578588814665e-31
Parvg	5.60340849300234e-35	0.41954463748333	0.576	0.18	1.19150878195202e-30
Mrpl42	8.95762810954763e-35	0.777238319396685	0.897	0.58	1.90475004121421e-30
Syngr2	8.98863156115883e-35	0.96182344733703	0.97	0.623	1.91134261516481e-30
P2ry14	1.43785274895979e-34	0.397664645846216	0.509	0.152	3.0574500853881e-30
Rpl18	1.63079327950623e-34	0.63112564515601	1	0.991	3.46771882954205e-30
Dbnl	1.86713302140696e-34	0.702178598550802	0.903	0.567	3.97027165671976e-30
Plekha5	2.47098420359076e-34	0.422287529987411	0.539	0.17	5.2543008105154e-30
Sinhcaf	2.60838956280095e-34	0.47967284068942	0.545	0.177	5.54647956633993e-30
Pkp3	3.51369431592997e-34	0.408562826028862	0.497	0.148	7.47151959339348e-30
Rps27a	4.85974050690306e-34	0.603857983377262	1	0.994	1.03337522138787e-29
Ncoa7	5.83955885027775e-34	0.886234215744117	0.739	0.346	1.24172379392306e-29
Fau	8.52213789219772e-34	0.609353367804981	1	0.997	1.81214740139692e-29
Commd8	8.84266629745585e-34	0.715805505307185	0.818	0.446	1.88030456149101e-29
Txndc15	8.98698884805095e-34	0.709113217534026	0.764	0.389	1.91099330864955e-29
Hps3	1.02831274182654e-33	0.567351336888747	0.667	0.262	2.18660421421996e-29
Sub1	1.18908032230406e-33	0.781251186883833	1	0.907	2.52846039734736e-29
Cldnd1	2.12344511814583e-33	1.49422767749529	0.8	0.469	4.5152936992253e-29
Baz1a	5.26426142083741e-33	0.7172017273563	0.873	0.476	1.11939254852687e-28
Rala	6.05076542025362e-33	0.72973801324488	0.897	0.58	1.28663475896273e-28
Phf11b	6.0509579251011e-33	0.709864745630287	0.745	0.33	1.2866756931935e-28
Glipr1	7.83513838540157e-33	0.480469334080097	0.612	0.215	1.66606382627179e-28
Pip4k2a	2.60929670617475e-32	0.713723376536418	0.861	0.465	5.54840851600999e-28
Rps5	3.60237856014572e-32	0.626235554050245	1	0.993	7.66009777029386e-28
B3gnt5	4.1064221935923e-32	0.277597722608817	0.285	0.06	8.73189615245467e-28
Plcb2	4.71750342909468e-32	0.344413739982111	0.436	0.123	1.00312992916269e-27
Pafah1b3	5.83530332221448e-32	0.589619251914735	0.667	0.287	1.24081889843569e-27
Rpl18a	7.91421105343841e-32	0.586623062120972	1	0.994	1.68287783840314e-27
Mtmr4	1.22108404316491e-31	0.313296828032114	0.412	0.115	2.59651310938586e-27
Alox5ap	1.44883581001556e-31	0.816823177660169	0.921	0.573	3.08080446641708e-27
Rpl32	1.48071903394687e-31	0.601315830958695	1	0.992	3.14860095378463e-27
Rps16	1.97858725770141e-31	0.499392264093331	1	0.995	4.20726794477628e-27
Clec12a	2.38453270274315e-31	0.586031888373474	0.648	0.249	5.07047033911303e-27
Gng10	3.16612569256886e-31	1.15870537434707	0.564	0.216	6.73244967267842e-27
Lgals3	4.30336367530824e-31	0.900716501829517	0.988	0.708	9.15067251917545e-27
Cfl1	1.11145691732549e-30	0.560289231747672	1	0.986	2.36340198900093e-26
Rpl35a	1.21491123473352e-30	0.48389044742698	1	0.996	2.58338724953737e-26
Slc35c2	2.8207203742435e-30	0.402738472848292	0.588	0.214	5.99797980379137e-26
Rpl22	3.37656299376438e-30	0.54748147260405	1	0.985	7.17992354994058e-26
Ccdc86	3.97804879303519e-30	0.564281735441916	0.709	0.321	8.45892295351002e-26
Rps7	5.4721744647989e-30	0.536615476308108	1	0.99	1.16360317819484e-25
Sri	9.13632684864701e-30	0.714410145916188	0.921	0.75	1.9427485410963e-25
Rps14	1.16163387190816e-29	0.491409618213803	1	0.994	2.47009826522551e-25
Rpl37	1.63092903875969e-29	0.562531466000694	1	0.995	3.46800750801861e-25
Fmnl2	1.99236684107786e-29	0.399320593404937	0.564	0.195	4.23656885086797e-25
Slamf8	2.04620112009276e-29	0.509228769693275	0.636	0.243	4.35104206176525e-25
Rps20	2.43754519077406e-29	0.510911066262336	1	0.993	5.18319609366197e-25
Nedd8	3.96061630319859e-29	0.554741772846158	0.988	0.88	8.42185450712148e-25
Actn1	4.50561133118353e-29	0.660079741614809	0.727	0.328	9.58073193462866e-25
Evi2	8.23463228244074e-29	0.257980472613865	0.358	0.092	1.7510122085382e-24
Atp5e	1.05152910396888e-28	0.541855307265151	1	0.972	2.23597148667943e-24
Rps3a1	1.49714704278166e-28	0.501409326834172	1	0.994	3.18353347177092e-24
Rps25	1.83826570375563e-28	0.555551347846891	1	0.982	3.90888819246597e-24
Ndufb11	2.19431195989935e-28	0.787470530648938	0.964	0.826	4.66598495152997e-24
Atp6v0e	2.41470926866398e-28	0.674662394889014	0.964	0.871	5.13463778888708e-24
Ccdc12	2.45539119800222e-28	0.857088710666205	0.818	0.581	5.22114384343193e-24
Erp29	2.53413355290372e-28	0.650947787539967	0.958	0.829	5.38858158689447e-24
Aph1c	2.63198498260563e-28	0.344605755621233	0.412	0.122	5.59665286701262e-24
Rpl11	3.50210778615174e-28	0.518738233323694	1	0.993	7.44688199647307e-24
Dbn1	4.14019769902118e-28	0.289883396238075	0.43	0.129	8.80371638719864e-24
Snx20	4.64528638649643e-28	0.602867265801098	0.855	0.435	9.87773697224601e-24
Gpsm3	8.94658496261092e-28	0.623521059428376	0.891	0.588	1.90240182644959e-23
Apobr	1.09464785965007e-27	0.414429881373646	0.552	0.201	2.3276592087599e-23
Mthfd2	1.95275439228088e-27	0.425659501266584	0.521	0.184	4.15233693974606e-23
Ifi211	2.32563546543266e-27	0.607242223797511	0.818	0.44	4.94523125369601e-23
Skap2	2.52777062040078e-27	0.643813376453241	0.927	0.699	5.37505144722023e-23
Ndufa6	2.6614699510163e-27	0.625952030715525	0.982	0.843	5.65934970384106e-23
Rpl8	4.22544015891897e-27	0.504127200755288	1	0.993	8.98497595392529e-23
Mical1	4.30584869919887e-27	0.331813845225238	0.436	0.136	9.15595667397647e-23
Txn1	4.61754446522446e-27	0.800899213868332	0.97	0.867	9.8187465508533e-23
Gna15	6.41537752875348e-27	0.424739442904599	0.509	0.178	1.36416587771414e-22
Smdt1	7.20776214043599e-27	0.689715353048027	0.994	0.898	1.53265854154231e-22
Nectin1	9.24119673993419e-27	0.250689065400856	0.297	0.074	1.96504807477961e-22
Vdac2	1.23364302321845e-26	0.629771110059042	0.964	0.799	2.62321852457171e-22
Arhgap22	1.37725728201409e-26	0.305302534960142	0.412	0.127	2.92859988447477e-22
Rps9	1.71805878169939e-26	0.491523481582452	1	0.997	3.65328019340558e-22
Rasgrp4	2.01881289953427e-26	0.371391126861348	0.491	0.168	4.29280374956968e-22
Hspa8	2.51280677876213e-26	0.870328356918006	0.994	0.977	5.34323233435978e-22
Ucp2	2.70776747671041e-26	0.577270700529925	1	0.874	5.75779676247701e-22
Btf3	3.51408496841427e-26	0.531673698460788	1	0.961	7.47235027683611e-22
Usp12	3.89269216858681e-26	0.511513724775401	0.733	0.36	8.277420627283e-22
Rpl30	4.32691399736371e-26	0.464242923723009	1	0.992	9.2007499239942e-22
Rps6	6.0452395014564e-26	0.740885447665571	1	0.934	1.28545972758969e-21
Rpl27	8.43011453188749e-26	0.585482731833809	1	0.972	1.79257955406056e-21
Rps3	8.74112949841073e-26	0.489228094170794	1	0.989	1.85871377654206e-21
Egr3	1.17597966778487e-25	0.547913550040249	0.297	0.077	2.50060316557774e-21
Tap1	1.34076540184003e-25	0.550984440766254	0.842	0.469	2.85100355047264e-21
Eif3k	2.47436641128033e-25	0.574404900373924	0.97	0.863	5.26149273694649e-21
Man2b1	3.96056444447052e-25	0.694977914263341	0.891	0.663	8.4217442347221e-21
Rplp0	6.39605771751446e-25	0.579205326781772	1	0.987	1.36005771305228e-20
Tpm3	6.4049421360389e-25	0.567903708860555	1	0.94	1.36194689580731e-20
Psma3	7.12851405223983e-25	0.63943120806079	0.952	0.827	1.51580722806828e-20
Ptms	8.769888455848e-25	0.637186339826082	0.976	0.806	1.86482908125152e-20
Pik3cb	9.87940025152681e-25	0.349266489563545	0.412	0.135	2.10075566948466e-20
Rps18	1.03965555727663e-24	0.523339916068672	1	0.983	2.21072357699303e-20
Rogdi	1.26390128157453e-24	0.422662675398274	0.461	0.163	2.68755968514009e-20
Gpx1	1.60428025307796e-24	0.467235984627125	1	0.911	3.41134153014498e-20
Erlin1	1.69111323166358e-24	0.37716446382206	0.552	0.222	3.59598317580944e-20
Mob3a	2.44456939398968e-24	0.325463863126297	0.606	0.239	5.19813235937965e-20
Gfer	2.71302031524598e-24	0.470769356896732	0.679	0.322	5.76896639833904e-20
Lmnb1	2.73017460223781e-24	0.439637926966485	0.691	0.307	5.80544327419848e-20
Hspe1	3.68494827037304e-24	0.684233413080998	1	0.835	7.83567400212124e-20
Rpl36al	4.06230387924149e-24	0.551530583821885	1	0.928	8.63808296881911e-20
Tma7	4.97273293950763e-24	0.525173977492501	0.994	0.895	1.0574019322569e-19
Rps15a	5.53173860134351e-24	0.445921810309782	1	0.992	1.17626889618968e-19
Psme2	5.55205116239603e-24	0.571089768246244	0.988	0.821	1.18058815917189e-19
St8sia4	6.11826739238318e-24	0.578307827140601	0.794	0.406	1.30098837831636e-19
Twf2	7.95422982176285e-24	0.524632307671956	0.818	0.448	1.69138742929965e-19
Sec11c	8.70237277459463e-24	0.542185897253106	0.921	0.667	1.8504725467898e-19
Cytip	1.03183052148663e-23	0.560991624769451	0.8	0.381	2.19408442088917e-19
Chuk	1.37441464730632e-23	0.472077308516913	0.606	0.268	2.92255530603216e-19
Rpl6	1.54154532451668e-23	0.440437970892926	1	0.994	3.27794197805227e-19
Lsm6	1.54737530509983e-23	0.620331930078736	0.855	0.548	3.29033884876427e-19
Ptpn18	1.64276942265249e-23	0.638140378595296	0.97	0.677	3.49318490032825e-19
Oaz1	2.21502352382665e-23	0.458633333833706	0.988	0.99	4.71002602106499e-19
Rpl13	2.23314191625061e-23	0.462113244084673	1	0.995	4.74855297071529e-19
Lcp1	2.331972933862e-23	0.676974649723294	1	0.689	4.95870724656415e-19
Rpl34	2.43824992061561e-23	0.465886515978694	1	0.992	5.18469463119703e-19
Atg3	2.86481063567708e-23	0.578632990974985	0.885	0.591	6.09173333570375e-19
Rps8	3.06475787305877e-23	0.424698869488437	1	0.997	6.51690114127216e-19
Hint3	3.23659574126579e-23	0.41495688648946	0.636	0.283	6.88229718422757e-19
Aif1	3.42476166929025e-23	0.58010162950384	0.982	0.586	7.28241321357878e-19
Sept9	3.57415879566983e-23	0.572535483134066	0.818	0.456	7.60009126311232e-19
Cox8a	3.58345556151813e-23	0.545956626933525	0.994	0.985	7.61985990601214e-19
Arhgap15	4.19263659297036e-23	0.418679051203633	0.685	0.302	8.91522245129217e-19
Rps23	4.21498526689891e-23	0.424187982421411	1	0.993	8.96274467153384e-19
Uchl3	6.31103485573271e-23	0.460379398489357	0.697	0.34	1.341978451723e-18
Tyk2	7.37200469516884e-23	0.347636795137118	0.521	0.201	1.5675830783807e-18
Hhex	8.22457936107128e-23	0.583531546092895	0.527	0.219	1.7488745553382e-18
Rps12	1.48754708754077e-22	0.433875481632415	1	0.993	3.1631201269467e-18
Lpcat1	2.05845433593088e-22	0.354242515401801	0.503	0.193	4.37709729992343e-18
Rpl29	2.22912022502569e-22	0.65500481285115	0.994	0.79	4.74000124649463e-18
Odc1	2.80134136969575e-22	0.691808234393951	0.806	0.512	5.95677228852104e-18
Atp5c1	3.38292097727435e-22	0.539997747248349	0.97	0.871	7.19344316607618e-18
Cd180	4.77585464509592e-22	0.352161223312828	0.436	0.154	1.0155377317332e-17
Psmb1	5.68108390854761e-22	0.529697028929282	0.964	0.81	1.20802568231356e-17
Rps24	6.19824028388684e-22	0.378032911008815	1	0.997	1.3179938139657e-17
Atp6v0a2	6.84074495767568e-22	0.524029347026393	0.648	0.329	1.45461600780016e-17
Ywhah	7.09010112434033e-22	0.552611809886751	0.952	0.733	1.50763910307973e-17
Gltp	7.18167711257945e-22	0.533993522013311	0.867	0.553	1.52711182121889e-17
Efhd2	7.68253760796354e-22	0.579884391225316	0.988	0.741	1.63361479695737e-17
Eif2s2	9.84839912305386e-22	0.558566582342184	0.982	0.892	2.09416358952617e-17
Rtcb	1.12154361099383e-21	0.509105425489326	0.77	0.454	2.38485033441728e-17
Ptcd2	1.18121560531211e-21	0.362949352930339	0.576	0.249	2.51173686313568e-17
Trpv2	1.36121785423736e-21	0.33439956068766	0.515	0.199	2.89449364525032e-17
Myl12b	1.39639498361295e-21	0.547419822900081	0.976	0.804	2.96929429315457e-17
Acox3	1.76927406714972e-21	0.324601379771758	0.509	0.203	3.76218437638716e-17
Rpl31	2.00250229518777e-21	0.454517632301174	1	0.956	4.25812088048727e-17
Pus3	2.05149018924644e-21	0.267913986361975	0.321	0.096	4.36228873841363e-17
Dnajc8	2.05834309222349e-21	0.570002565785206	0.921	0.704	4.37686075130402e-17
Ezh2	2.06229930362936e-21	0.412611071229899	0.515	0.211	4.38527323923747e-17
Vasp	2.26466595787816e-21	0.547854957336059	0.879	0.567	4.81558569283212e-17
Cox7b	2.44278308565697e-21	0.548537061478958	0.982	0.879	5.19433395334099e-17
Tes	2.83358249219575e-21	0.492305479732963	0.764	0.397	6.02532981140505e-17
Rps10	2.99960483201676e-21	0.499157398093896	1	0.991	6.37835971480043e-17
Cd48	3.14348397584738e-21	0.555316710712195	0.721	0.369	6.68430432624188e-17
Mpc2	3.54479143967356e-21	0.533265175932902	0.885	0.685	7.53764451732185e-17
Tmem131l	4.43066063639908e-21	0.25893158342512	0.455	0.163	9.42135677723901e-17
Sla	4.59179372698097e-21	0.385147755384651	0.715	0.33	9.76399018105234e-17
Atp5f1	5.44208740692729e-21	0.491299837180359	0.988	0.89	1.15720546620902e-16
Slc25a20	6.42053219715463e-21	0.448278048781374	0.467	0.193	1.36526196640296e-16
Ccdc69	9.12437226926661e-21	0.310966131028272	0.352	0.116	1.94020651933685e-16
Pmf1	1.04226879649e-20	0.432825679932888	0.43	0.165	2.21628036885633e-16
Jak2	1.05496093952418e-20	0.466170400578753	0.818	0.447	2.24326894180422e-16
Rps21	1.33774691691378e-20	0.376245059365864	1	0.997	2.84458504412547e-16
Rpl27a	1.42916132462065e-20	0.671133740955945	1	0.978	3.03896864067336e-16
Rplp2	1.71652683378381e-20	0.353896987678771	1	0.994	3.65002265935789e-16
Tspo	2.07341906275968e-20	0.537602912692963	1	0.925	4.40891829505218e-16
Rpl3	2.37755452519401e-20	0.442204133641775	1	0.986	5.05563194237254e-16
Rps13	2.59486175594077e-20	0.424069077151083	1	0.989	5.51771403783245e-16
Exosc5	4.47265244578694e-20	0.402950001413323	0.709	0.377	9.51064816072134e-16
Rps4x	6.00623156554511e-20	0.457194021063491	1	0.993	1.27716508009751e-15
Cpne2	2.14278970684485e-19	0.354543503074333	0.636	0.299	4.55642803263489e-15
Rpl26	2.20955243551364e-19	0.529432247798707	1	0.979	4.69839229887621e-15
Tnfaip8l2	2.23780693554149e-19	0.381288324291024	0.794	0.392	4.75847266773541e-15
Ubash3b	2.26323265983039e-19	0.35483050904243	0.63	0.292	4.81253792786333e-15
Scand1	2.42019021736736e-19	0.489753491513178	0.982	0.874	5.14629247820996e-15
Got2	2.51412739608175e-19	0.413190532246776	0.758	0.41	5.34604049502823e-15
Ccl17	2.76937741892776e-19	1.29049543020608	0.218	0.055	5.88880414360799e-15
Ptrhd1	3.21186900130955e-19	0.34573990999981	0.594	0.273	6.82971824438463e-15
Rpl10a	3.40326419026612e-19	0.429464021354149	1	0.98	7.23670097418189e-15
Reep5	3.55165061771918e-19	0.483221664216757	0.988	0.853	7.55222987351807e-15
Rps19	4.42542923904044e-19	0.437832856830103	1	0.989	9.4102327338956e-15
Gm9844	4.74492972260724e-19	0.3239500407773	0.467	0.192	1.0089618562152e-14
Rps2	5.02557561464241e-19	0.468047372422493	1	0.992	1.06863839869756e-14
Tmem50b	5.33860878726756e-19	0.319795384681021	0.552	0.235	1.13520177252457e-14
Fbl	5.63315355713201e-19	0.468803031670084	0.842	0.533	1.19783377238855e-14
Sod1	5.69559978631548e-19	0.560998152443831	0.812	0.562	1.21111233856212e-14
Mtmr14	6.20994482392287e-19	0.26358422334707	0.412	0.153	1.32048266735896e-14
Pmvk	6.91962333403409e-19	0.377747243372558	0.57	0.259	1.47138870574901e-14
Rbm3	7.420481415687e-19	0.512176854420714	0.994	0.932	1.57789116823168e-14
Rack1	8.38830097190374e-19	0.426188889801068	1	0.976	1.78368831866561e-14
Rpl15	1.08248166236146e-18	0.603676373400363	0.994	0.954	2.30178900684541e-14
S100a11	1.31669230953363e-18	0.665243655814216	0.988	0.814	2.79981452699232e-14
Rpl9	1.36444876888594e-18	0.464496280447563	1	0.99	2.90136386215907e-14
Pqlc1	1.56974305834538e-18	0.318794549776151	0.473	0.192	3.33790163926561e-14
Rpl36	2.56655405530524e-18	0.34453113898386	1	0.994	5.45752054320105e-14
Prelid2	2.60018703263778e-18	0.264000186568461	0.473	0.188	5.52903770620097e-14
Clic1	2.90313434936856e-18	0.449737997247396	1	0.945	6.17322488049732e-14
Rpl38	2.95845339778371e-18	0.356115259652048	1	0.996	6.29085530504727e-14
Fancl	3.38072035911616e-18	0.280173005703838	0.364	0.132	7.18876377162459e-14
Uqcrb	3.88600170764226e-18	0.479495589405901	1	0.892	8.2631940311305e-14
Arhgap18	5.4661651646158e-18	0.403441022619899	0.776	0.446	1.1623253606039e-13
Set	8.49668556877738e-18	0.547779228805962	0.964	0.861	1.80673521934482e-13
Sdccag8	8.97883298602919e-18	0.297000968684385	0.436	0.176	1.90925904614925e-13
Gdi2	9.76676845295078e-18	0.494805453502168	0.952	0.878	2.07680564383545e-13
Otulinl	1.01138591143089e-17	0.39002933752472	0.709	0.376	2.15061100206664e-13
Myadm	1.15690015951402e-17	0.411270947830204	0.836	0.487	2.46003249919062e-13
Srebf2	1.22653033498171e-17	0.430048189816171	0.685	0.367	2.60809410430511e-13
Txndc16	1.24857579754104e-17	0.605979783863697	0.4	0.155	2.65497157589126e-13
Selplg	1.28757185390683e-17	0.379932803086896	0.824	0.448	2.73789279014748e-13
Rps17	1.85728228206485e-17	0.398314540150367	0.994	0.974	3.94932504458269e-13
Rpl21	1.98377247759348e-17	0.39588000673993	1	0.987	4.21829379635478e-13
Arpp19	2.00433728792104e-17	0.446535712235498	0.945	0.781	4.2620228090353e-13
Orai1	2.11806599124902e-17	0.441180068054541	0.867	0.587	4.50385552379191e-13
Cd300c2	2.20962098875583e-17	0.486561201226148	0.679	0.34	4.69853807049041e-13
Timm10b	2.64137996131137e-17	0.465102314694199	0.958	0.783	5.61663034973251e-13
Pld4	2.96214755090589e-17	0.385954181889386	0.921	0.509	6.29871055224628e-13
Spi1	3.18646427214067e-17	0.47523365873877	0.952	0.597	6.77569762827992e-13
Ldha	3.57627621259995e-17	0.456227993464974	0.994	0.847	7.60459373847252e-13
Rpl5	4.71524154555781e-17	0.408016500136966	1	0.955	1.00264896224741e-12
Rps15	5.09590946401182e-17	0.429246368596096	0.994	0.977	1.08359418842747e-12
Tomm7	5.46982336288017e-17	0.410671282622032	0.988	0.906	1.16310323988284e-12
Plekha1	5.48127454249129e-17	0.334339110733147	0.594	0.289	1.16553821871535e-12
Tmem134	7.03855489746984e-17	0.419258688768145	0.83	0.561	1.49667831339799e-12
Arhgap30	7.06814615154998e-17	0.406915975127023	0.915	0.531	1.50297059766559e-12
Hcls1	7.42713275655869e-17	0.482034821086421	0.921	0.575	1.57930550935464e-12
Mrps15	7.93606969487155e-17	0.376830018044727	0.83	0.517	1.68752585991749e-12
Fam98c	9.0830345914476e-17	0.333768968995884	0.479	0.216	1.93141647552542e-12
AI662270	1.1135162188641e-16	0.445620596347799	0.812	0.465	2.36778088779262e-12
Mrtfa	1.22525192782752e-16	0.292091629637942	0.406	0.16	2.60537569933244e-12
Snrpe	2.29862881910194e-16	0.418551986247582	0.964	0.835	4.88780432093837e-12
Eef1g	2.36943248138372e-16	0.446018360993407	0.988	0.844	5.03836122841434e-12
Rpl39	2.46094360438567e-16	0.363885070760299	1	0.996	5.23295048036568e-12
Myo1g	2.69311205562476e-16	0.323136124043092	0.552	0.248	5.72663347508049e-12
Rps28	2.78739365571776e-16	0.438148115014758	1	0.991	5.92711386951824e-12
Sec61b	2.92067049866828e-16	0.46064332331452	1	0.922	6.21051374836824e-12
Myl6	3.33119576865347e-16	0.345928519199367	1	0.988	7.08345468246474e-12
Rtraf	4.48648592801717e-16	0.501548900939238	0.927	0.76	9.54006367733571e-12
Gsto1	4.50233968904848e-16	0.30286558563998	0.63	0.322	9.57377511479268e-12
Fdps	5.42978730034196e-16	0.539089156001489	0.509	0.245	1.15458997154471e-11
Tap2	5.56465968400518e-16	0.489883429788943	0.782	0.495	1.18326923520686e-11
Gnai2	6.04831316233057e-16	0.317935193537503	0.994	0.981	1.28611331083797e-11
Rpl12	6.09912912844271e-16	0.366858511675817	1	0.973	1.29691881787206e-11
Hsp90ab1	7.36599011467454e-16	0.438439020606052	1	0.991	1.5663041379844e-11
Trappc4	8.59305749896467e-16	0.401977758312237	0.812	0.539	1.82722774657985e-11
Ccnd3	1.67741093649674e-15	0.494394473845273	0.8	0.504	3.56684661536667e-11
Psma7	1.90311383739702e-15	0.425231098408713	0.994	0.888	4.04678126384103e-11
Traf1	2.10269028001179e-15	0.27009776894967	0.545	0.24	4.47116061141707e-11
Ccdc88b	2.39908994552399e-15	0.256355282469548	0.552	0.248	5.10142486016221e-11
Uck2	2.915359476822e-15	0.292845738317693	0.545	0.262	6.19922039151429e-11
Gng2	3.49700590498253e-15	0.365142576448962	0.8	0.447	7.43603335635485e-11
Ifi35	3.61343622302654e-15	0.387367332851872	0.733	0.451	7.68361078464363e-11
Gtf3c6	3.92652115932164e-15	0.384600107471111	0.727	0.431	8.34935459318153e-11
Khk	5.86365376821373e-15	0.291797226907646	0.461	0.211	1.24684733727297e-10
Psma1	6.03865822814106e-15	0.421549926216972	0.939	0.681	1.28406028563191e-10
Tor1a	7.4704503638861e-15	0.379270852879108	0.636	0.353	1.58851656537674e-10
Armc8	8.0629743139597e-15	0.412121427604115	0.527	0.267	1.71451085812039e-10
Parp8	8.90413518680265e-15	0.291529011491233	0.491	0.228	1.89337530612172e-10
Rel	1.08862475042135e-14	0.398316495147868	0.752	0.434	2.31485166929595e-10
Cdc42se1	1.13524736334991e-14	0.390078522466264	0.824	0.551	2.41398999342724e-10
Inpp5d	1.2168854233249e-14	0.422290294498805	0.764	0.449	2.58758516415807e-10
Hipk2	1.27552336812243e-14	0.395112314332889	0.679	0.388	2.71227288997553e-10
Psma4	1.27676864228521e-14	0.429980254434291	0.933	0.768	2.71492084095528e-10
Acvrl1	1.33494734072908e-14	0.35987316529262	0.558	0.285	2.83863202532631e-10
Rab32	1.6896625149275e-14	0.341150144840257	0.63	0.345	3.59289837174183e-10
Rps29	2.33685854010965e-14	0.342997748166642	1	0.999	4.96909599968915e-10
Mvb12a	2.3412052037334e-14	0.375564256286659	0.733	0.448	4.97833874521871e-10
Abracl	2.51633741282161e-14	0.406858478574804	0.982	0.774	5.35073987462387e-10
Cs	2.85038240719926e-14	0.36694818854515	0.733	0.436	6.06105315066851e-10
C1qbp	3.12443857221645e-14	0.427167961399812	0.8	0.528	6.64380617996106e-10
Zfp710	4.29121569787277e-14	0.262843174853557	0.539	0.261	9.12484105995665e-10
Pgls	5.34200811404293e-14	0.395517961139609	0.927	0.712	1.13592460537009e-09
Znrd1	5.6526247063793e-14	0.405448619703851	0.739	0.457	1.20197411756449e-09
Rpl24	6.25658873300156e-14	0.432167232387137	1	0.975	1.33040102818545e-09
Arhgef6	6.29376276597928e-14	0.281241440018738	0.612	0.311	1.33830571455783e-09
Dpy19l1	6.57337773412959e-14	0.336060563453364	0.533	0.276	1.39776304138532e-09
Abhd17a	7.15638853335373e-14	0.357432923430961	0.8	0.524	1.52173445773234e-09
Snhg6	7.41090847929309e-14	0.343745828370336	0.57	0.303	1.57585557903688e-09
Ube2n	8.46957000601027e-14	0.408264099959746	0.909	0.672	1.80096936607802e-09
Atp5h	8.5121421198108e-14	0.344305261091913	1	0.952	1.81002190035657e-09
Myo9a	1.02176859486347e-13	0.345117248144325	0.594	0.316	2.17268874011769e-09
Sumo3	1.11959899943535e-13	0.356108373914991	0.782	0.487	2.38071531239933e-09
Sdf2l1	1.12646801852069e-13	0.526769188267825	0.77	0.505	2.39532159458239e-09
Tbcb	1.17118900153007e-13	0.435977028800338	0.855	0.636	2.49041629285353e-09
Rpl7a	1.25805142429905e-13	0.321415341101033	0.994	0.978	2.6751205486295e-09
Rpl13a	1.29438020188928e-13	0.709478162167199	0.982	0.824	2.75237006129737e-09
H2-Ea-ps	1.30505397116401e-13	0.459780687674509	0.57	0.347	2.77506676428316e-09
Eif2b2	1.32841824278704e-13	0.305088784150705	0.6	0.33	2.82474855146237e-09
Taf10	1.3771070883937e-13	0.401465303204158	0.939	0.768	2.92828051276036e-09
Pfdn5	1.42978401157169e-13	0.376666145188021	0.982	0.95	3.04029272220603e-09
Psmb5	1.47618459648444e-13	0.427979651698936	0.927	0.738	3.13895892596451e-09
Rpl4	1.51030892410453e-13	0.336581152142647	0.994	0.947	3.21152089621588e-09
Mbnl1	1.6854903133104e-13	0.40182636708801	0.976	0.908	3.58402660222324e-09
Ctnnbip1	1.88333327512686e-13	0.303327562050412	0.6	0.336	4.00471987622975e-09
Cox7c	2.09216250679553e-13	0.323419210586489	1	0.976	4.44877435445001e-09
Basp1	2.21248591466588e-13	0.45018518508341	0.921	0.661	4.70463004894554e-09
Mrps14	2.5136064108814e-13	0.444713918405212	0.83	0.66	5.34493267209821e-09
Uqcrq	3.85537644365772e-13	0.338564892433977	1	0.897	8.19807246979377e-09
Uvrag	3.93473518113068e-13	0.360794400914734	0.709	0.427	8.36682088915627e-09
Plekhj1	3.98303594616968e-13	0.362103017605512	0.8	0.538	8.46952763593521e-09
Dnajc7	4.63728581517135e-13	0.35273186998355	0.806	0.526	9.86072455738035e-09
Apobec3	4.99315076135577e-13	0.347517685955532	0.709	0.443	1.06174357789469e-08
Zfp593	4.99859999931495e-13	0.276385809167952	0.57	0.292	1.06290230385433e-08
Arpc5	6.50093010409081e-13	0.374456507596243	0.988	0.882	1.38235777733387e-08
Capzb	6.71951073328569e-13	0.323333702730227	0.988	0.907	1.42883676232587e-08
Nap1l1	8.53272359358425e-13	0.458372676416814	0.897	0.751	1.81439834493976e-08
Npm1	9.00520620372075e-13	0.399608846111553	0.982	0.943	1.91486704715918e-08
Eif2s1	1.08491887406383e-12	0.347993424828941	0.848	0.563	2.30697149380933e-08
Plekho2	1.24075559243872e-12	0.35916390929783	0.842	0.542	2.6383426917617e-08
Ube2e1	1.24426046141705e-12	0.404437097026974	0.745	0.504	2.64579544515721e-08
Plp2	1.28462800055384e-12	0.353117975175669	0.655	0.371	2.73163298037768e-08
Cox7a2l	1.85425374174808e-12	0.405932177843461	0.933	0.774	3.94288515645312e-08
Cdc42	1.92122948362629e-12	0.279322698572828	1	0.98	4.08530237398294e-08
Mrpl52	2.18361719302201e-12	0.372738081619027	0.97	0.872	4.643243599242e-08
AI413582	2.41704669866403e-12	0.253129004445614	0.648	0.354	5.13960810003918e-08
Rps15a-ps8	2.79300880559837e-12	0.393032519311838	0.539	0.294	5.93905392422437e-08
Grb2	4.41517857069919e-12	0.342241025354635	0.952	0.741	9.38843571273476e-08
Nfu1	4.49691056261959e-12	0.327458628544873	0.727	0.462	9.5622306203543e-08
Hnrnpf	4.56427064106134e-12	0.341267704374527	0.982	0.892	9.70546509115283e-08
Osgep	4.70345820251029e-12	0.345636476296873	0.691	0.435	1.00014335218179e-07
Fxyd5	5.8295653993241e-12	0.323108463204945	0.982	0.741	1.23959878651228e-07
Lsm4	6.34718898154166e-12	0.415559236392203	0.873	0.657	1.34966626503502e-07
Nt5c	6.88792968414837e-12	0.356823444567995	0.83	0.578	1.46464936803731e-07
Cyb5r4	7.23870408787272e-12	0.326621163661207	0.63	0.386	1.53923803724526e-07
Pik3ap1	7.48138985171129e-12	0.253322285400719	0.63	0.334	1.59084273806789e-07
Rpl10	7.48577705799453e-12	0.365644059093672	0.994	0.983	1.59177563361196e-07
Adipor2	8.81477676225447e-12	0.26940246138608	0.661	0.384	1.87437413072579e-07
Supt20	8.97948981615956e-12	0.308646231358038	0.618	0.372	1.90939871450817e-07
Cox5a	9.04454902149607e-12	0.320730648490423	0.988	0.878	1.92323290393092e-07
Cxcl9	1.15765294605451e-11	0.492161919615396	0.267	0.103	2.46163322449032e-07
Prkar2a	1.1588040822263e-11	0.269777597376253	0.618	0.345	2.46408100044601e-07
Btk	1.16244241745221e-11	0.26302412301102	0.588	0.308	2.47181755647038e-07
Was	1.35204040163685e-11	0.279858165344463	0.709	0.394	2.87497871004059e-07
Snrpa1	1.38534946410299e-11	0.31027723330203	0.691	0.418	2.94580710046859e-07
Stard3nl	1.43514252167157e-11	0.258716445933525	0.709	0.432	3.05168705808242e-07
Pold4	1.51318272644151e-11	0.398541010559014	0.776	0.562	3.21763174950523e-07
Eif3f	1.63512338040037e-11	0.35043122045781	0.976	0.876	3.47692635608334e-07
Caprin1	1.68949289227621e-11	0.405150593157993	0.848	0.682	3.59253768613613e-07
Naca	1.84016567807897e-11	0.336581739260962	1	0.973	3.91292829786712e-07
Arpc4	1.90487181426309e-11	0.316500658562628	0.958	0.829	4.05051942584903e-07
Nsa2	2.03205355054378e-11	0.335734340681999	0.976	0.895	4.32095866987629e-07
Ppa1	2.18773158123529e-11	0.322374267867823	0.655	0.387	4.65199243433873e-07
Apex1	2.89804153827084e-11	0.332662882957193	0.564	0.32	6.16239552697911e-07
Fam49b	2.91339554755597e-11	0.32899302184874	0.945	0.689	6.19504429232302e-07
Rpl23	2.95456875601887e-11	0.265390401641906	1	0.996	6.28259500279853e-07
Alyref	3.01989850760238e-11	0.332799325629544	0.77	0.502	6.4215121865657e-07
Polr1d	3.05961558700949e-11	0.402553445094878	0.903	0.786	6.50596658421698e-07
Pim1	3.10278586596753e-11	0.336347965480337	0.988	0.791	6.59776386539336e-07
Mdh1	3.14786961217299e-11	0.317042111326594	0.861	0.654	6.69362994332464e-07
Rps27l	3.48853537358457e-11	0.340880678203886	0.988	0.89	7.41802161839023e-07
M6pr	3.78995270604974e-11	0.35181502440199	0.879	0.678	8.05895543414417e-07
Cox6a1	4.6310425232092e-11	0.32415154072569	0.976	0.87	9.84744882135205e-07
Rpl23a	5.14020571496418e-11	0.355012246235249	1	0.956	1.09301334322998e-06
Cox6c	5.14776101933682e-11	0.29711915819593	1	0.964	1.09461990315178e-06
Cox5b	5.19198942149399e-11	0.362282490630286	0.994	0.92	1.10402463058648e-06
Zfp62	5.57964192171574e-11	0.273647944578827	0.503	0.263	1.18645505823364e-06
Atp5j2	6.22864378214593e-11	0.339331378400354	0.988	0.938	1.32445881383551e-06
Herpud1	6.33554743017346e-11	0.302046951990509	0.745	0.506	1.34719080555209e-06
Mlec	7.63002302201872e-11	0.329575806480173	0.782	0.537	1.62244809540206e-06
Plaat3	8.28873047143934e-11	0.483137916298963	0.242	0.096	1.76251564744686e-06
Jtb	8.60630283896959e-11	0.375804759191257	0.77	0.526	1.83004423567849e-06
Cct8	8.63236616186461e-11	0.337173459482695	0.921	0.702	1.83558634065889e-06
Ppp1ca	8.91667473984218e-11	0.322551142750689	0.988	0.866	1.89604171668004e-06
Limd2	8.96228451013001e-11	0.268235800513512	0.721	0.425	1.90574017823404e-06
Mrpl18	9.34654641413186e-11	0.29699077127397	0.824	0.574	1.987449629501e-06
Eif3h	1.01429940337445e-10	0.338884202813388	0.964	0.837	2.15680625133543e-06
Atp5g1	1.06232515379229e-10	0.358225361323835	0.964	0.87	2.25892820702393e-06
Psmb7	1.18437289643779e-10	0.350155220029325	0.758	0.552	2.51845052698531e-06
Tmem258	1.29315157315753e-10	0.334662793565642	0.909	0.808	2.74975750516216e-06
Elovl5	1.3347291978182e-10	0.276281656039493	0.497	0.267	2.83816816624062e-06
Ndufb1-ps	1.46590152606187e-10	0.300564634394412	0.994	0.917	3.11709300501797e-06
Cyld	1.48851154782667e-10	0.254276896976333	0.679	0.419	3.16517095529864e-06
Atp5b	1.51261910513653e-10	0.277885793660667	0.976	0.929	3.21643326516233e-06
Polr2l	1.57360975109329e-10	0.323551237752774	0.812	0.534	3.34612377472477e-06
Tkt	1.7737863402991e-10	0.283742605078423	0.921	0.7	3.77177927401201e-06
Rab11a	1.81237753336208e-10	0.382951840156291	0.806	0.598	3.85383958694114e-06
Polr2g	1.81625096984863e-10	0.32080692987322	0.745	0.49	3.86207606228613e-06
Jpt1	1.95126588442195e-10	0.283072886296709	0.964	0.803	4.14917177663484e-06
Cox17	2.02577698008551e-10	0.368057143090773	0.945	0.766	4.30761217045383e-06
Nhp2	2.5018051000124e-10	0.299710112626806	0.806	0.541	5.31983836466637e-06
Cd2ap	2.64204485610259e-10	0.259953381433494	0.915	0.709	5.61804418201654e-06
Hnrnpd	2.64704761606827e-10	0.33222100699886	0.952	0.777	5.62868205080758e-06
Arpc1b	2.8057272440371e-10	0.288728678502322	1	0.964	5.96609841172049e-06
Nubp1	2.90200294297616e-10	0.262617955385725	0.661	0.409	6.17081905794451e-06
Ruvbl1	2.91329032707632e-10	0.253381255252497	0.576	0.333	6.19482055149509e-06
Eif3g	2.96835464700249e-10	0.337090104933195	0.8	0.533	6.31190932138609e-06
Nr4a2	3.33310024057759e-10	0.380489581126535	0.424	0.222	7.08750435156418e-06
Chd7	4.0086157480509e-10	0.310384035737937	0.648	0.38	8.52392052665543e-06
Eif5a	4.17849239409848e-10	0.331047767992482	0.988	0.913	8.88514622681101e-06
Hacd2	5.98546047635038e-10	0.254133183573676	0.497	0.27	1.27274831569114e-05
Arhgdia	6.88124314493263e-10	0.321665280069529	0.97	0.891	1.46322754233847e-05
Nudt21	6.91936461657626e-10	0.298806699411629	0.721	0.486	1.47133369206878e-05
H2-T23	7.13601048376066e-10	0.269873835575682	0.952	0.768	1.51740126926687e-05
Trappc1	7.31645191064964e-10	0.307854723609847	0.685	0.452	1.55577033428054e-05
Snrpf	7.63025323282742e-10	0.358407953255887	0.915	0.749	1.62249704742842e-05
Uba52	8.04390702554687e-10	0.38316762458695	0.97	0.807	1.71045638991229e-05
Anxa6	9.18688225416017e-10	0.338222999100123	0.794	0.573	1.95349864252462e-05
Psmb2	1.009693266913e-09	0.357182519596559	0.921	0.765	2.1470117627638e-05
Rbpj	1.45768885510734e-09	0.360401251081713	0.939	0.777	3.09962958150025e-05
Psmb3	1.59177511639886e-09	0.323781022028168	0.933	0.779	3.38475060751054e-05
Prdx2	1.60580060499598e-09	0.316341950667982	0.945	0.748	3.41457440646346e-05
Fuca1	1.61583611990829e-09	0.352700866094422	0.818	0.59	3.43591392537298e-05
Psma5	1.63274112171329e-09	0.330648648106174	0.842	0.666	3.47186072121115e-05
Glod4	1.68594271444213e-09	0.275944668725206	0.612	0.368	3.58498858798975e-05
Anp32b	1.82833178788158e-09	0.334009995384681	0.958	0.786	3.88776471375138e-05
Borcs8	1.95266659285976e-09	0.287621271425235	0.588	0.364	4.152150243057e-05
Dek	2.01266022305869e-09	0.430357165399359	0.921	0.788	4.27972069831199e-05
Prmt1	2.2257412117776e-09	0.319590413077142	0.727	0.499	4.7328161127239e-05
Gnb2	2.35702463366229e-09	0.279380665418112	0.97	0.918	5.01197718101948e-05
Jarid2	2.51791755367054e-09	0.283930522742045	0.691	0.443	5.35409988612504e-05
Pcbd2	2.85631528539175e-09	0.294090273085617	0.618	0.391	6.07366882285702e-05
Dynll2	2.87906404423384e-09	0.308351273130561	0.697	0.465	6.12204178365883e-05
Rbm17	2.91720048716379e-09	0.287746382036309	0.703	0.453	6.20313511590509e-05
Rpp21	2.9564193228338e-09	0.320006296720542	0.721	0.489	6.28653004807379e-05
Dctn3	3.13221420921146e-09	0.308091416528922	0.83	0.647	6.66034029446725e-05
Sigmar1	3.8851850058074e-09	0.253455954961188	0.521	0.296	8.26145739634885e-05
Atp5l	4.16952680779769e-09	0.401803856564686	0.982	0.834	8.86608180410101e-05
Taok3	4.3878451153247e-09	0.26506895009763	0.794	0.541	9.33031385322644e-05
Dnajc2	4.95402977510593e-09	0.257596099736947	0.739	0.477	0.000105342489137852
Sec61g	5.27040998078614e-09	0.546881611918081	0.867	0.661	0.000112069997831437
Cpne3	5.43492983072615e-09	0.297479279455717	0.8	0.528	0.000115568347920561
Dennd1b	6.16983512216175e-09	0.29048853186412	0.606	0.39	0.000131195374037647
Psmg4	6.70229480748338e-09	0.286311918046837	0.758	0.524	0.000142517596786327
Ppp1r18	7.38791370542055e-09	0.261019507805519	0.867	0.6	0.000157096597032063
Llph	8.04282753139944e-09	0.338542513635125	0.879	0.671	0.000171022684627678
Zfp706	9.22352080233422e-09	0.307339535855159	0.879	0.736	0.000196128946340835
Coa5	9.29146675128244e-09	0.267619186231136	0.606	0.386	0.00019757374899927
Pak2	9.40759459164267e-09	0.265706992941551	0.964	0.835	0.00020004309139669
Snrpd3	1.03439205480351e-08	0.298328423828074	0.903	0.728	0.000219953126533419
Rab8a	1.12097934921514e-08	0.280816504342997	0.824	0.57	0.000238365048817108
Gm10076	1.15263334677581e-08	0.326026683743803	0.715	0.49	0.000245095954858407
Ndufb7	1.15827666477635e-08	0.302348286658239	0.964	0.851	0.000246295949998043
Gtpbp4	1.29770220194468e-08	0.25203379252648	0.685	0.439	0.000275943396221517
Slk	1.33523196020372e-08	0.290009841658487	0.8	0.579	0.000283923724017719
Atp5g3	1.40363927003967e-08	0.250189386266841	0.958	0.802	0.000298469854381236
Lims1	1.50796507677277e-08	0.267559048208936	0.83	0.593	0.000320653693924963
Snrpd2	1.59522497578696e-08	0.301468897082634	0.903	0.748	0.000339208638851339
Cops9	1.76019128203101e-08	0.309718984850594	0.909	0.806	0.000374287074211073
Prpf18	1.89645375461275e-08	0.254433146837464	0.521	0.309	0.000403261926380855
Atp5md	2.10818365570092e-08	0.666941586421943	0.376	0.221	0.000448284172548243
Bax	2.169237678881e-08	0.311160050844134	0.879	0.688	0.000461266700037256
Sin3b	2.35215219657004e-08	0.267558485148844	0.885	0.654	0.000500161643078654
Ciao2b	2.44025912084472e-08	0.266144790328693	0.727	0.502	0.000518896699456421
Rbx1	2.5983429182987e-08	0.317122432667646	0.933	0.866	0.000552511638147035
Ubl5	2.84463007038122e-08	0.286114306606008	0.994	0.916	0.000604882138165862
Rpl35	3.21702643357426e-08	0.28771807676315	0.994	0.981	0.000684068500835231
Hnrnpa1	4.13447839122365e-08	0.353484373302128	0.945	0.773	0.000879155485109797
Fam104a	4.34426997256769e-08	0.280206726277693	0.788	0.585	0.000923765566966794
Ndufab1	4.54998935663841e-08	0.261340600291502	0.885	0.679	0.000967509736795592
Rnh1	5.06768918694442e-08	0.277091503723195	0.903	0.709	0.00107759342871186
Agpat3	5.33627799709002e-08	0.26991689359141	0.582	0.371	0.00113470615330122
Cwc15	5.34819321672518e-08	0.297426315775638	0.861	0.711	0.00113723980560444
Arpc5l	5.57607699272267e-08	0.293513985928346	0.667	0.477	0.00118569701173255
Eif5b	5.93944726267188e-08	0.310375287151017	0.945	0.791	0.00126296406593455
Eloc	6.4861207617045e-08	0.27423281868695	0.855	0.708	0.00137920871876884
Timm23	6.8957531027812e-08	0.324425778925994	0.382	0.21	0.00146631293977539
Ube2l3	7.33744768613515e-08	0.257982881527064	0.939	0.769	0.00156023487597978
Aimp1	7.93098434688078e-08	0.281789833939688	0.879	0.686	0.00168644451152073
Eif3i	8.04233131486574e-08	0.289719988808623	0.861	0.719	0.00171012133079305
Otub1	9.02819686688168e-08	0.256216530119844	0.685	0.477	0.00191975578177372
Phb2	9.18642966971157e-08	0.301609164247184	0.806	0.6	0.00195340240496747
Cct7	9.95509564208852e-08	0.264726604350633	0.855	0.662	0.0021168515373337
Psma2	1.12924126995572e-07	0.28200913596316	0.927	0.813	0.00240121863643385
Rwdd1	1.24427882941726e-07	0.267932900204205	0.855	0.677	0.00264583450287286
Emc6	1.34129591151077e-07	0.266430808613787	0.727	0.521	0.00285213162623651
Hspa1b	1.38878758679021e-07	0.463011686738594	0.618	0.445	0.00295311792455071
Wdr1	1.47696541998352e-07	0.273658182242907	0.885	0.693	0.00314061926905296
Psmd13	1.58536119684673e-07	0.266517266580367	0.794	0.576	0.00337111204897489
Ube2f	1.68135567011368e-07	0.284566336364497	0.63	0.419	0.00357523469692972
Hnrnpa3	1.81146733609803e-07	0.257343707777713	0.994	0.912	0.00385190414347886
Arid4a	1.91863505761104e-07	0.281314577865063	0.733	0.528	0.00407978558650411
Rps13-ps1	2.13221256746541e-07	0.422216280241609	0.612	0.439	0.00453393680345845
Atp5o	2.15920531565257e-07	0.437824192503594	0.364	0.204	0.00459133418320363
U2af1	2.35119583703148e-07	0.276825171974672	0.824	0.621	0.00499958282786374
Snrpd1	2.40925385355375e-07	0.311907339066713	0.873	0.67	0.0051230373941967
Atp5g2	2.51605936410814e-07	0.527918926650908	0.509	0.333	0.00535014863183955
Ranbp1	2.92762123913989e-07	0.301204944723899	0.891	0.714	0.00622529380290706
Park7	3.05987591696303e-07	0.288513907023745	0.958	0.808	0.00650652014983018
Eif4a1	3.79248867607462e-07	0.254273430230957	0.988	0.916	0.00806434792080508
Csnk2b	3.84631454792323e-07	0.26854745527073	0.836	0.669	0.00817880325470395
Atp6v1f	3.85531655451035e-07	0.271663634675436	0.945	0.864	0.0081979451215108
Tle5	4.37710207991996e-07	0.36680880762973	0.352	0.199	0.0093074698627418
Notch2	4.59262630744114e-07	0.303737604601331	0.727	0.51	0.00976576058014284
Tmem160	5.20772655746419e-07	0.26290897486166	0.867	0.705	0.0110737097517919
Cadm1	5.85841819957399e-07	0.320452506065669	0.327	0.176	0.0124573404595741
Psmb6	6.31504754847567e-07	0.281162141091665	0.921	0.778	0.0134283171070787
Cdk2ap2	6.39928610047925e-07	0.316343520877071	0.879	0.694	0.0136074419640591
Ndufa3	8.09849608130761e-07	0.260099141179366	0.952	0.858	0.0172206420672925
Rab10	9.28340194591738e-07	0.25250317087062	0.867	0.68	0.0197402258977987
G3bp1	1.12052331821272e-06	0.297123129197684	0.812	0.63	0.0238268078384752
Eif3m	1.13884739770344e-06	0.290385272644388	0.855	0.674	0.024216451064766
