id	p_val	avg_log2FC	pct.1	pct.2	p_val_adj
Sox17	0	2.53822191202608	0.796	0.014	0
Prex2	0	2.17020368340647	0.912	0.078	0
C130074G19Rik	0	1.41503394756402	0.537	0.031	0
Nrarp	0	1.01717625206375	0.479	0.025	0
Egfl7	0	3.57802528681402	0.992	0.068	0
Aplnr	0	1.73817013184433	0.571	0.015	0
Dll4	0	0.85197743875167	0.396	0.011	0
Hspa12b	0	1.06480284523364	0.496	0.018	0
Tcf15	0	2.26788479526488	0.792	0.019	0
Ccm2l	0	0.633690482039063	0.354	0.008	0
Sox18	0	2.33858392126706	0.846	0.022	0
Fabp4	0	5.91855365099298	0.996	0.095	0
Mecom	0	1.82010147945976	0.771	0.014	0
She	0	1.00425433513229	0.467	0.011	0
S1pr1	0	2.33196196151536	0.904	0.115	0
Emcn	0	2.83969625105827	0.942	0.027	0
Adgrl4	0	2.43591584984596	0.879	0.024	0
Aqp7	0	1.1657549952303	0.475	0.011	0
Tek	0	1.59724760974841	0.713	0.033	0
Tie1	0	1.81408110794183	0.787	0.021	0
Tinagl1	0	1.66649471248039	0.717	0.043	0
Grrp1	0	1.68947465960441	0.658	0.016	0
Kdr	0	2.44116218887336	0.9	0.059	0
Flt1	0	3.38601950356757	0.983	0.091	0
Tspan12	0	1.10150184305956	0.529	0.027	0
Podxl	0	2.55150635516467	0.904	0.089	0
Aqp1	0	4.0742674950563	0.792	0.078	0
Gata2	0	0.635034617342241	0.325	0.007	0
Fgd5	0	1.41377983244916	0.642	0.037	0
Lmcd1	0	1.18896482369289	0.546	0.027	0
Cxcl12	0	3.70617508017427	0.938	0.132	0
Vwf	0	2.18233392225721	0.75	0.068	0
Exoc3l2	0	0.459617278234831	0.208	0.002	0
Rasip1	0	1.8916437669506	0.858	0.03	0
Thrsp	0	0.869887217119323	0.379	0.01	0
Myct1	0	2.19584619856989	0.879	0.02	0
Gm32688	0	0.937217139150358	0.4	0.005	0
Ptprr	0	0.981336467176213	0.379	0.008	0
Ptprb	0	3.53510708778619	0.971	0.039	0
Tmem255b	0	1.08848039544013	0.525	0.014	0
Sorbs2	0	1.75221341262454	0.804	0.067	0
Ushbp1	0	1.32890917360067	0.621	0.013	0
Plvap	0	3.5306800498448	0.713	0.065	0
Cdh5	0	3.52868921184304	1	0.036	0
Cdh13	0	1.61269077854859	0.642	0.019	0
Mmrn2	0	2.45089581405644	0.917	0.026	0
Adcy4	0	0.92112164379768	0.454	0.02	0
C1qtnf9	0	2.18069992427386	0.825	0.018	0
Sox7	0	1.01245455190285	0.467	0.01	0
Dach1	0	1.14496011530217	0.529	0.014	0
Robo4	0	1.59626283599692	0.733	0.015	0
Esam	0	2.67027037472621	0.954	0.143	0
Ebf1	0	1.88862671695132	0.875	0.078	0
Scgb3a1	0	1.62365308189499	0.342	0.008	0
Arhgef15	0	1.17361568701779	0.596	0.017	0
Ramp2	0	2.80902920919188	0.963	0.088	0
Meox1	0	1.06101634238232	0.442	0.015	0
Cd300lg	0	1.87396727619006	0.692	0.041	0
Icam2	0	1.68301738361587	0.812	0.062	0
Edn1	0	2.6447409364305	0.637	0.025	0
Meox2	0	1.65883427230578	0.646	0.013	0
Clec14a	0	2.01625640946179	0.787	0.039	0
Ly6c1	0	3.89348290948002	0.971	0.067	0
Gpihbp1	0	3.06247482604943	0.8	0.025	0
Shank3	0	0.831612176380246	0.438	0.014	0
Cldn5	0	1.87637036420984	0.446	0.017	0
Tmem44	0	0.520072961704331	0.279	0.007	0
Jam2	0	1.90812654982004	0.892	0.101	0
Cyyr1	0	2.13179870195938	0.846	0.021	0
Erg	0	1.01154177301784	0.5	0.013	0
Notch4	0	0.857424896196954	0.404	0.016	0
Adgrf5	0	2.82756602468069	0.958	0.087	0
Clic5	0	1.50707794597852	0.621	0.041	0
Epas1	0	2.87769662419924	0.95	0.148	0
Lims2	0	1.92240357388625	0.812	0.082	0
Ecscr	0	2.27523864476535	0.892	0.086	0
Tmem252	0	1.86626278335034	0.458	0.008	0
Pcdh1	1.30990893984794e-306	1.21032753292275	0.579	0.042	2.78539036969267e-302
Nos3	1.40447906182949e-306	0.82105359257136	0.412	0.019	2.98648427707423e-302
Mall	5.77603704700109e-306	0.750901829552206	0.35	0.013	1.22821651767431e-301
Afap1l1	1.50722549969107e-303	1.21182324283666	0.617	0.049	3.20496430254309e-299
Ptprm	9.26527141322005e-302	1.08022356372859	0.575	0.042	1.97016731330711e-297
Wscd1	1.7539730378193e-296	0.530052690721549	0.279	0.007	3.72964826761895e-292
Myo10	3.19684148712155e-296	2.0947952851158	0.821	0.103	6.79776373821527e-292
Plxna2	2.57695454581382e-294	1.2651053995567	0.571	0.043	5.4796361462185e-290
Sept4	2.78642545104176e-291	1.73604208542469	0.729	0.078	5.92505507909519e-287
Abcb1a	4.66859494753172e-290	2.04830403095544	0.783	0.095	9.92730029643144e-286
Rapgef4	3.21333373366969e-288	0.78905761479078	0.342	0.013	6.83283285127523e-284
Plcb4	3.79453366099362e-286	1.61252804523589	0.692	0.07	8.06869637673682e-282
Gm12002	9.97626109257582e-278	0.630316513927249	0.242	0.006	2.12135215872532e-273
Adgrg1	6.5355504210831e-277	1.30093119823326	0.667	0.069	1.38971944153911e-272
Zfp979	1.60519484321328e-272	0.686217462337218	0.362	0.016	3.41328631460871e-268
Pecam1	3.84750268023018e-272	3.2435050881579	0.992	0.209	8.18132969924145e-268
Sema3g	2.99595288913612e-271	0.635753192542775	0.208	0.004	6.37059422345904e-267
Cav2	1.7998897355143e-270	2.29087688842255	0.871	0.138	3.8272855335976e-266
Slc9a3r2	2.23306185039717e-269	2.28843020259825	0.863	0.134	4.74838271868454e-265
Nova2	1.33493924072752e-268	0.620470486406417	0.338	0.014	2.83861480148301e-264
Bcl6b	4.57245209514636e-264	0.683009384863993	0.283	0.009	9.72286213511922e-260
Myo1b	7.77421473410779e-262	1.10632183905517	0.571	0.049	1.65310902106068e-257
Palmd	1.63663304296542e-261	1.92580031851784	0.842	0.125	3.48013650256167e-257
Bvht	2.65734357419107e-260	0.933605323262827	0.525	0.041	5.65057537615989e-256
Rflnb	3.04866690393502e-260	2.42136168378636	0.817	0.123	6.48268530452743e-256
Cyp26b1	3.23567122821381e-259	1.78808363821636	0.537	0.043	6.88033129967384e-255
Ssu2	3.34935585149028e-259	0.443603331419978	0.208	0.004	7.12207028260894e-255
Kif26a	4.29222345317977e-258	0.520875237255059	0.267	0.008	9.12698395084146e-254
Tmem204	1.14477253403791e-256	1.12613142319404	0.608	0.056	2.43424431637822e-252
Mgll	1.90090190144019e-256	2.86616195279872	0.938	0.183	4.04207780322242e-252
Gng11	6.93931747073558e-255	3.09076608927163	0.979	0.209	1.47557646697721e-250
Mcam	8.36578231366779e-254	1.22310930770352	0.588	0.054	1.77889995117832e-249
Tspan7	5.44192704927163e-251	2.12915806201661	0.808	0.125	1.15717136775712e-246
Shroom4	7.80828936175624e-249	0.632297622044504	0.329	0.015	1.66035464988385e-244
Apold1	2.49981109663908e-247	1.95415750701424	0.537	0.045	5.31559831589333e-243
Depp1	9.17148216893707e-246	1.09714258849726	0.221	0.005	1.95022396840278e-241
Magix	6.19201468935901e-243	0.384646078828355	0.175	0.003	1.3166700035453e-238
Kcna5	1.32544015943087e-241	0.520798070079983	0.25	0.008	2.8184159550138e-237
Cavin2	2.01855776362401e-238	2.91060801258555	0.979	0.208	4.29226122857009e-234
Hey1	6.72076820895211e-238	0.952309962479365	0.308	0.013	1.42910415195158e-233
Cav1	1.82608571877202e-236	2.98222557700265	0.996	0.223	3.88298867239683e-232
Fam13c	2.14651606651425e-235	1.17013437127079	0.5	0.042	4.56435176383591e-231
Eng	4.76975285514247e-234	2.49894263098157	0.975	0.233	1.0142402471175e-229
Sparcl1	1.02010921286918e-233	2.83012877375798	0.992	0.212	2.16916023024503e-229
Ctla2a	9.08926752304752e-233	2.74711267527724	0.921	0.179	1.93274184610082e-228
Ifi203-ps	1.93240557465616e-229	1.09116854332618	0.512	0.046	4.10906721394886e-225
Mcf2l	7.31659633938519e-228	1.29856453701629	0.604	0.067	1.55580104560687e-223
Pdzd2	8.25499668585412e-226	1.89705295047502	0.762	0.114	1.75534249528002e-221
Dysf	1.99844932680946e-225	0.820105979657141	0.408	0.027	4.24950264852763e-221
Ephb4	8.39541188286254e-225	0.958510982985683	0.533	0.051	1.78520038277189e-220
B3gnt3	1.02972877561917e-223	0.667673522694731	0.338	0.018	2.1896152684766e-219
Srarp	1.51944626368243e-223	0.627528566091644	0.204	0.005	3.23095053509433e-219
Pdgfd	4.62884842014632e-223	0.765382273793517	0.367	0.022	9.84278328059914e-219
Apbb2	1.9628574019236e-221	1.4779373187942	0.708	0.102	4.17381997945035e-217
Ace	3.16129832135423e-220	1.3671213625997	0.583	0.063	6.72218475052763e-216
Pkn3	4.15084542369138e-220	0.584316976360654	0.3	0.014	8.82635770893736e-216
Thsd1	6.75793733619994e-219	0.493738508906261	0.254	0.009	1.43700779516955e-214
Ablim3	1.59145930829011e-215	1.01952754493838	0.471	0.041	3.38407907314808e-211
Nes	7.20147128853695e-215	1.08580173570259	0.496	0.044	1.5313208547945e-210
Gm525	2.41591739672876e-214	0.447143198142909	0.2	0.005	5.13720675240404e-210
Rtp3	4.40245754594477e-213	0.327498229616226	0.158	0.003	9.36138572569696e-209
Cd36	2.75824569320819e-212	3.13446679973077	0.971	0.254	5.8651336420379e-208
Ebf3	8.63856679379869e-212	0.550893780241851	0.288	0.013	1.83690484303335e-207
Tm4sf1	1.53408556516531e-211	2.29746175266424	0.983	0.196	3.26207954576752e-207
Ptprg	1.79624986500885e-211	1.60623006954342	0.729	0.113	3.81954571295481e-207
Kank3	1.83869619422931e-211	1.33535792168498	0.671	0.093	3.90980358740921e-207
Tmem88	9.7078188203675e-211	1.48542773372702	0.704	0.105	2.06427059396294e-206
Cd200	5.28071745991277e-210	2.44677990292039	0.963	0.224	1.12289176067585e-205
Jag2	3.94320374365682e-208	0.679090140384934	0.312	0.017	8.38482844051187e-204
Slc26a10	4.89027809532418e-208	0.624683363310256	0.254	0.01	1.03986873418973e-203
Ehd2	4.65668631051486e-207	2.26470915204781	0.933	0.23	9.90197777067879e-203
Galnt15	2.13590363324528e-206	0.998482990358728	0.488	0.045	4.54178548573277e-202
Ccdc85a	2.67072425295574e-206	0.942051533843187	0.396	0.029	5.67902805148508e-202
Col4a2	3.94154794663013e-203	2.75998475587516	0.938	0.225	8.38130755371432e-199
Bdkrb2	2.34204900629978e-202	0.529851452638459	0.254	0.01	4.98013300699585e-198
Stmn2	4.82879268789936e-202	1.40947567247274	0.467	0.041	1.02679447715492e-197
Vwa1	3.00945334057203e-201	1.37752458670006	0.671	0.089	6.39930158339236e-197
Scarb1	3.02142016257143e-199	2.41969391024775	0.838	0.183	6.42474783369188e-195
Tcim	2.79483778818381e-197	1.79632219910814	0.708	0.112	5.94294307279406e-193
Jcad	1.73168979429575e-195	1.07982809556646	0.517	0.056	3.68226517859047e-191
Ldb2	9.42565748210641e-191	0.977417878538331	0.467	0.044	2.00427180699511e-186
Col4a1	1.2429602027108e-190	2.99354353800337	0.979	0.272	2.64303057504424e-186
Syt15	1.47828493617551e-190	0.301810537454216	0.125	0.002	3.14342508828361e-186
Cd93	8.04465496371044e-190	2.29142259445381	0.979	0.278	1.71061543148339e-185
Sema7a	1.45220135064621e-188	0.884871225018051	0.396	0.032	3.0879609520141e-184
Gja4	4.05359080742261e-188	0.682038637425869	0.242	0.01	8.61955549290345e-184
Crip2	1.68222352911345e-187	2.21917119144339	0.963	0.263	3.57708011230683e-183
Limch1	3.66747152211282e-185	1.27958664531246	0.688	0.106	7.79851144462069e-181
Lepr	6.79482411387103e-185	0.689935194633097	0.292	0.016	1.44485139957354e-180
Cd34	6.9745881640351e-185	1.92674867300403	0.904	0.202	1.48307642720042e-180
Plpp3	3.21066323788388e-184	1.9623142472828	0.875	0.186	6.82715430903628e-180
Itga6	3.49923951775641e-184	1.94659567869111	0.871	0.214	7.44078291055722e-180
Nxpe4	3.67381151912508e-183	0.684010317321717	0.367	0.028	7.81199281426756e-179
Nr5a2	3.79340988721562e-182	0.33010699995802	0.15	0.003	8.0663067841753e-178
Myzap	2.09691785152702e-180	0.55447820255079	0.296	0.017	4.45888611948706e-176
Tspan2	3.46383866439003e-180	1.11201738124919	0.542	0.067	7.36550653595896e-176
Rgcc	2.92037678842278e-179	2.26297378965155	0.792	0.162	6.2098892029022e-175
2900026A02Rik	9.18660328297272e-176	1.27302210094564	0.654	0.106	1.95343932209132e-171
Fmo1	1.23457357649607e-173	1.15817043801419	0.458	0.047	2.62519725306124e-169
Pcdh17	1.90731025138701e-173	0.901416735075505	0.604	0.081	4.05570451854934e-169
Gm14207	7.63413049319303e-173	0.35605708143091	0.175	0.005	1.62332150807257e-168
Itga1	5.51645069658888e-172	2.33234674411506	0.929	0.281	1.17301807612266e-167
Dcbld1	1.32069084460064e-171	0.606204831015837	0.271	0.015	2.8083170119588e-167
Lnx1	2.29138536795889e-171	0.898873555114275	0.333	0.024	4.87240184642778e-167
Nfib	1.50639384364463e-169	2.0835307484502	0.988	0.293	3.20319586912594e-165
Acer2	4.90134015741308e-169	0.499948510439493	0.233	0.011	1.04222097107232e-164
Rassf9	3.30208985418894e-167	1.07094315721	0.483	0.057	7.02156386594735e-163
Tjp1	6.30183263359579e-166	1.79303034554939	0.817	0.196	1.34002169120781e-161
Slc1a1	2.76263632611672e-164	0.407661807116334	0.175	0.006	5.87446988385459e-160
Pik3c2b	4.72705064464933e-162	0.452665863988525	0.242	0.012	1.00516004907823e-157
Afdn	2.16386764535043e-161	1.95135430169057	0.867	0.249	4.60124816107316e-157
St6galnac2	2.80092909345714e-161	0.838092872508115	0.421	0.043	5.95589562432725e-157
Rnf125	5.69009928155402e-161	0.943304200520657	0.492	0.061	1.20994271122965e-156
Igfbp7	9.13017592723713e-160	2.85897227551253	1	0.384	1.9414406091677e-155
Uaca	1.31507638140018e-159	1.31879714255832	0.617	0.103	2.79637841740934e-155
Id1	2.5791549662718e-159	1.8395151050899	0.65	0.117	5.48431512028036e-155
Ltbp4	4.30984317471059e-159	1.7497830096252	0.904	0.223	9.16445052670459e-155
Fam171a1	1.51628696086847e-158	0.632432634028401	0.35	0.029	3.22423259359071e-154
Fzd4	1.77531907212356e-157	1.15206162710551	0.671	0.124	3.77503847496353e-153
Dock9	6.49100412625557e-157	1.19723117273852	0.658	0.116	1.38024711740698e-152
Ablim1	4.08140739358606e-156	1.88665076455406	0.917	0.283	8.6787046817214e-152
Cavin1	4.1685868991971e-156	1.90743837003083	0.958	0.271	8.86408318245271e-152
Wwtr1	8.26902045701827e-155	1.56793086293193	0.812	0.199	1.75832450998036e-150
AU021092	2.52071202511148e-154	0.769151576020461	0.321	0.025	5.36004205019704e-150
Sncg	8.96354752945808e-154	0.785535791076045	0.388	0.037	1.90600874666397e-149
Ly6a	1.12521853543032e-151	2.49883222468791	0.983	0.366	2.39266469373903e-147
Hspg2	1.93066652426039e-151	1.52773449721733	0.817	0.196	4.10536929718729e-147
Cyp4b1	2.61251121790323e-151	0.599474157351367	0.275	0.018	5.55524385374944e-147
S100a16	1.84656943848296e-148	1.59537139619305	0.896	0.251	3.92654525399018e-144
Arap3	8.16916889697367e-148	1.05789940780894	0.6	0.1	1.73709207425248e-143
Ripply3	1.31438155542432e-147	0.512754523354866	0.271	0.018	2.79490093945427e-143
Gimap6	3.45630508985536e-147	1.44889543876774	0.812	0.19	7.34948714306844e-143
Cracr2b	2.58469304239578e-146	1.28580050433346	0.708	0.155	5.49609128535038e-142
Clec1a	7.29467641728293e-145	0.742736081693687	0.392	0.041	1.55113999337104e-140
Ets1	1.76109006799562e-143	1.79148737374592	0.933	0.302	3.74478192058589e-139
Sox13	5.90678188509603e-143	0.588690836454927	0.321	0.027	1.25601810004682e-138
Id3	4.73821861999669e-142	2.16306881745242	0.875	0.268	1.0075348073561e-137
Fbln2	1.03710984334836e-140	1.55572168416215	0.792	0.186	2.20531037089595e-136
Pls3	4.39807035656742e-140	1.52145418122843	0.787	0.208	9.35205680620496e-136
Gpr4	5.52101447574681e-139	0.450724494490406	0.246	0.016	1.1739885181228e-134
Tspan13	1.64100487362064e-136	2.28868777571734	0.946	0.418	3.48943276326694e-132
Pxdn	7.84166335706018e-136	1.30009280268084	0.637	0.128	1.66745129624528e-131
Flt4	2.13639179289107e-135	0.590538555899854	0.329	0.03	4.54282350840357e-131
Efnb2	3.14595030994024e-135	0.875476471488147	0.388	0.044	6.68954873905693e-131
Lrrc32	1.12742257070344e-134	0.74420930575015	0.346	0.034	2.3973513543438e-130
Dnm3	3.52029798967198e-134	0.939726033785954	0.446	0.056	7.48556164523851e-130
Arhgap31	3.59939720294262e-134	1.75669241804909	0.942	0.409	7.65375821233719e-130
Rnd1	5.89251104036578e-134	1.50517005574718	0.458	0.064	1.25298354762338e-129
Hspb1	6.10492497405718e-134	1.87685990286808	0.938	0.273	1.29815124648352e-129
Dab2ip	3.60978157984665e-132	1.26004278362061	0.738	0.184	7.67583955138591e-128
4931406P16Rik	1.00251935376322e-130	1.69831092399439	0.875	0.33	2.13175715384211e-126
Timp3	1.03525911017054e-129	1.67331530010515	0.875	0.246	2.20137497186664e-125
Efna1	2.35978754377785e-129	0.959470554581222	0.496	0.079	5.01785223308922e-125
Sema6a	4.65812800226449e-129	1.19456479526012	0.604	0.118	9.9050433840152e-125
Plekhg1	5.1862656985045e-128	0.706109906325379	0.362	0.039	1.10280753813e-123
Alpl	5.90588159993685e-128	0.89621516323527	0.262	0.02	1.25582666341057e-123
Tanc1	9.68629823636702e-128	0.987196077222545	0.583	0.112	2.05969445698108e-123
Angpt2	3.14173193772673e-127	0.643975740172975	0.254	0.019	6.68057879238212e-123
Mast4	3.1428411224566e-127	1.62983507957836	0.808	0.236	6.68293736279172e-123
Lysmd2	3.76292469258998e-127	1.14840195444699	0.625	0.129	8.00148306632334e-123
Tcf4	9.43972363249953e-127	2.08757107663406	0.996	0.613	2.0072628332147e-122
Pcdh12	1.93510081447929e-126	0.365544144370821	0.171	0.008	4.11479837190876e-122
Pdgfb	5.75295711522793e-124	1.50238678759185	0.787	0.218	1.22330880098207e-119
Pdlim1	3.89186369416947e-122	1.623794117148	0.887	0.34	8.27565895928196e-118
2200002D01Rik	5.92233034486774e-122	1.06424462626564	0.479	0.076	1.25932432453268e-117
Yes1	6.09096869664097e-122	1.03310838327191	0.533	0.097	1.29518358365374e-117
Ece1	9.81078872090594e-122	1.67403740899727	0.892	0.361	2.08616611361344e-117
Rasgrp3	8.40500282301362e-121	1.14645964183436	0.654	0.147	1.78723980028562e-116
Sptbn1	3.28385810446524e-120	2.02536039784997	0.992	0.673	6.98279587333488e-116
Filip1	1.39286381852783e-119	1.02011720748623	0.537	0.099	2.96178562371757e-115
Plcb1	2.69012800045801e-119	1.32384361555284	0.704	0.177	5.72028818017392e-115
Caskin2	1.00865911883302e-117	0.706841664201264	0.375	0.047	2.14481275028653e-113
Timp4	1.9858530489704e-116	0.29713926738845	0.121	0.004	4.22271792333066e-112
Kitl	2.10972269500548e-116	1.51794472136587	0.846	0.276	4.48611433865966e-112
Fat4	4.21121671071015e-116	0.471273818024603	0.25	0.02	8.95473121365406e-112
Col15a1	1.60046732621636e-115	1.64487458092266	0.517	0.087	3.40323372246647e-111
Trp53i11	1.79867610328579e-115	1.24134109456222	0.521	0.096	3.82470486602691e-111
Mmp15	1.16239730140411e-114	0.612639803251664	0.35	0.04	2.47172162170571e-110
Tspan9	1.85233847422391e-114	0.942676228010614	0.542	0.104	3.93881253158972e-110
Rbp7	1.08489591710733e-112	0.524747200256671	0.129	0.005	2.30692267813704e-108
Fermt2	2.46731283903604e-112	1.26231200580741	0.825	0.259	5.24649402092623e-108
Tnfsf10	4.14673877883187e-112	0.908730462852278	0.488	0.083	8.81762533930808e-108
Fmo2	3.66170691287717e-111	1.4935382022291	0.738	0.179	7.786253579542e-107
Utrn	3.83342804345177e-111	1.72815177032637	0.871	0.364	8.15140139159585e-107
Hecw2	1.56899538803385e-110	0.424061079063199	0.179	0.01	3.33631179311519e-106
Efr3b	2.82344550290205e-110	0.437805379284248	0.2	0.013	6.00377451737091e-106
Tshz2	3.56177519170008e-110	1.25706224989791	0.838	0.247	7.57375876763105e-106
Fam198b	7.28172608782584e-110	1.14546820371929	0.508	0.09	1.54838623531529e-105
Bcam	9.53330820526722e-109	1.13413110669162	0.746	0.181	2.02716265676802e-104
Eva1a	1.40230364185516e-108	0.323299999069091	0.154	0.007	2.98185846404082e-104
Tal1	2.77204556761429e-108	0.347888894429371	0.204	0.014	5.89447769497502e-104
Card10	6.42655137741979e-107	0.738837916861841	0.379	0.053	1.36654188489454e-102
Abcg2	8.32972384840838e-107	1.2980936472544	0.646	0.171	1.77123247912556e-102
C430049B03Rik	8.35648095362737e-107	0.805158017206802	0.388	0.053	1.77692210997932e-102
Kctd12b	1.14241678932981e-106	1.09241600084764	0.521	0.103	2.42923506083091e-102
Smco4	1.4721573350409e-106	1.11081115041214	0.646	0.169	3.13039535723096e-102
Adgrl2	4.57391406967373e-106	0.970092509039335	0.542	0.107	9.72597087775423e-102
Dst	1.41182661027123e-105	1.54009145036554	0.896	0.366	3.00210810408075e-101
Sparc	3.60540203216892e-105	1.5492285460277	0.996	0.352	7.666526881204e-101
Syt7	5.84906391757928e-105	0.259227368710218	0.146	0.007	1.24374495143406e-100
Ccdc85b	1.17236037558125e-104	1.4228203240966	0.904	0.436	2.49290710263598e-100
Zfp366	1.97727281767846e-103	0.643344226380892	0.325	0.039	4.20447291951148e-99
Fam57b	3.02262496105751e-103	0.392060887567975	0.196	0.013	6.42730971719269e-99
Fam43a	3.94264976661802e-103	1.29050525481043	0.608	0.145	8.38365046373655e-99
St8sia6	1.01427746700536e-102	0.561080777207769	0.221	0.018	2.1567596058402e-98
Grasp	1.19472509329312e-101	0.742126427295387	0.421	0.067	2.54046343837848e-97
Dlc1	1.75548683610232e-101	1.23089292618177	0.713	0.206	3.73286720828798e-97
Magi1	3.49490721122892e-101	0.690510708829347	0.388	0.058	7.43157069395717e-97
Ppp1r2	3.2143950184889e-100	1.64652300651789	0.904	0.513	6.83508956731481e-96
Calcrl	2.91135987883618e-99	1.17823427764656	0.554	0.123	6.19071564635726e-95
Hes1	5.62227935777831e-99	1.6457816531625	0.729	0.21	1.19552148263798e-94
Spns2	3.09829964664848e-98	0.88285724302252	0.488	0.097	6.58822436863334e-94
St6galnac3	3.84443524623697e-98	0.624243948428684	0.342	0.045	8.17480710759829e-94
Fscn1	3.8944183785458e-98	1.15176898611224	0.529	0.11	8.28109124013978e-94
Heg1	9.70484396046598e-97	1.2754066325432	0.783	0.254	2.06363801975349e-92
Thbd	1.2163684364725e-96	1.29984057728037	0.667	0.186	2.58648584331513e-92
Lrrc8c	2.30952076522728e-96	1.27702099479833	0.825	0.34	4.91096495517928e-92
Plxnd1	5.2519862672079e-96	1.42452933238776	0.725	0.239	1.11678235985909e-91
Ppic	5.59051001701528e-96	1.07695717269009	0.683	0.19	1.18876605001813e-91
Slc43a3	6.09835155221408e-96	1.26554199597713	0.725	0.222	1.2967534740628e-91
Snrk	8.26185056637403e-96	1.26951669162551	0.742	0.26	1.75679990443377e-91
Tnfaip1	3.74540790417498e-95	1.2052058830968	0.754	0.282	7.96423536743768e-91
Ndrg1	9.83343623269669e-95	1.35585312347758	0.775	0.275	2.09098188052062e-90
Car8	1.71735142480404e-94	0.681158668567313	0.333	0.043	3.65177606970332e-90
Ier5l	2.68155037208313e-94	1.22068702706557	0.629	0.175	5.70204871119757e-90
Dennd5b	7.24072956236202e-94	0.931740100253325	0.471	0.092	1.53966873414066e-89
Rapgef3	7.24105570632719e-94	0.642240332357198	0.333	0.046	1.53973808539341e-89
Acvrl1	2.64498161748888e-92	1.32900420857718	0.75	0.278	5.62428891142835e-88
Crim1	2.71336384564887e-92	1.43678764164784	0.804	0.298	5.76969688138775e-88
2810025M15Rik	1.00314852014463e-91	1.23311534477445	0.658	0.202	2.13309501323555e-87
Actn4	1.53260902889509e-91	1.48812460183286	0.933	0.62	3.25893983904252e-87
Hdac7	6.51987579776318e-91	1.08105193083869	0.621	0.177	1.38638638963636e-86
Tspan6	1.76845628968922e-90	0.744998757078796	0.421	0.076	3.76044545439515e-86
Fzd6	2.16704948172159e-90	0.669948574367065	0.317	0.043	4.6080140179328e-86
Jup	3.12572229301606e-90	1.26725666286713	0.721	0.252	6.64653588386935e-86
Nrp1	2.14636901637087e-89	1.63487421275867	0.879	0.416	4.56403907641101e-85
Sh3bp5	1.78499915190873e-88	1.33015470139162	0.746	0.283	3.79562219661873e-84
Galnt18	2.20556802578318e-88	0.502242162520123	0.292	0.036	4.68991985002534e-84
Dock6	6.64740219541419e-88	0.610490876646695	0.362	0.057	1.41350360283287e-83
Cavin3	1.02039059900412e-87	1.07673963153414	0.863	0.257	2.16975856972236e-83
Atp8b1	2.55568869149047e-87	0.626713410685962	0.392	0.064	5.43441643358534e-83
Tns1	1.4904620675346e-86	1.18545541047886	0.675	0.206	3.16931854040558e-82
Rasgrf2	1.49430958011571e-86	0.64254194286961	0.304	0.041	3.17749989115806e-82
Arhgap29	4.3156995458045e-86	0.930711136635073	0.767	0.214	9.17690351419869e-82
Wwc2	1.02434742749742e-85	1.19025007328155	0.738	0.277	2.17817236983052e-81
Mpzl1	1.42461582659521e-85	0.837656719695436	0.442	0.088	3.02930309367205e-81
Elk3	1.11773552999279e-84	1.25202363436673	0.842	0.412	2.37675283097668e-80
Igfbp3	1.76585492297886e-84	1.73723978430625	0.45	0.092	3.75491390822225e-80
Nrep	1.14481253926078e-83	0.637853564405564	0.354	0.057	2.43432938348413e-79
Lama4	1.28082795552508e-83	0.921761991835391	0.629	0.168	2.72355256462853e-79
Ctnnbip1	2.45684624793964e-83	1.3397523858782	0.754	0.331	5.22423786161885e-79
Mrtfb	2.92916643270551e-83	1.0331013527254	0.608	0.187	6.228579502505e-79
Ppm1f	3.43459158521411e-83	0.689076179949336	0.404	0.076	7.30331554679928e-79
Plscr2	5.39443377772991e-83	1.17780961851539	0.546	0.141	1.14707239849649e-78
Flnb	5.80653740425002e-83	1.11156946358062	0.637	0.203	1.23470211363973e-78
Cmtm8	2.3392082636668e-82	0.558219855436964	0.304	0.042	4.97409245186109e-78
Gimap1	9.44050993684213e-82	0.852162266571519	0.65	0.177	2.00743003297011e-77
Etl4	1.61935514897752e-81	0.812745744259941	0.488	0.112	3.44339678878581e-77
C530043K16Rik	4.72150685551834e-81	0.433217426054672	0.175	0.014	1.00398121775742e-76
Aplp2	6.74331640792975e-80	1.31622926687625	0.954	0.73	1.43389880098218e-75
Anxa3	1.2801107673141e-79	1.29772803849894	0.908	0.501	2.7220275356167e-75
Ppp1r16b	1.54484673505036e-79	0.795897277677471	0.492	0.112	3.28496209741108e-75
Luzp1	1.8103507362825e-78	1.210387443971	0.767	0.336	3.84952980563111e-74
Sncaip	2.40766458418996e-78	0.411120784635468	0.229	0.025	5.11965797182154e-74
Fbxl7	3.24525653086073e-78	0.627497293142838	0.358	0.063	6.90071348722225e-74
Cdc42ep1	5.58395420781978e-78	0.789876587415457	0.483	0.116	1.1873720227508e-73
Apol10b	1.75648737941671e-77	0.60450422479279	0.279	0.039	3.7349947635917e-73
Cd9	2.24397049654138e-77	1.2781150238601	0.95	0.475	4.7715788638456e-73
Samd5	2.5429471600926e-77	0.664756366658292	0.229	0.025	5.40732284122091e-73
Dok4	5.71884226615143e-77	0.393079855024157	0.225	0.025	1.21605461947444e-72
F11r	1.44945366136495e-76	1.04320562522859	0.688	0.218	3.08211826552643e-72
Osmr	1.74391138507994e-76	0.93786143863203	0.554	0.152	3.70825316923399e-72
Sptan1	3.6963213725007e-76	1.39216012577131	0.867	0.509	7.85985776648548e-72
Lrrc8a	9.10876885137323e-76	1.12721997382387	0.625	0.21	1.936888608556e-71
Mcc	1.58374040295642e-75	0.71428063488692	0.412	0.086	3.36766559284653e-71
Klhl4	1.80277622540506e-75	0.294095013870247	0.171	0.014	3.83342336570132e-71
Stox2	2.18598616655069e-75	0.667415145597516	0.375	0.069	4.64828098455339e-71
Ptk2	3.63559073791547e-75	0.828884941099616	0.529	0.142	7.73072014510345e-71
Ybx1	5.29315886800815e-75	1.04214075406059	1	0.973	1.12553730169325e-70
Fry	1.01417884958352e-74	1.06417862154808	0.596	0.191	2.15654990575439e-70
Lpar4	1.40947504817796e-74	0.383472300047737	0.2	0.02	2.99710774244562e-70
Gnai2	1.14929944127148e-73	0.929386426625117	1	0.981	2.44387033191968e-69
BC028528	1.29246259296201e-73	1.27919584312598	0.679	0.259	2.74829245767441e-69
Pcdh19	3.38050370638819e-73	0.678628432861221	0.35	0.063	7.18830308126384e-69
Rapgef5	3.96516120287887e-73	0.875621308469429	0.537	0.145	8.43151878180163e-69
N4bp3	5.65060936912471e-73	0.619659442027842	0.333	0.058	1.20154557625068e-68
Ceacam1	9.02070466604493e-73	0.742316399645222	0.438	0.097	1.91816264018779e-68
Chst15	1.18718693956555e-72	0.663431205403235	0.408	0.085	2.52443430829219e-68
Cd151	1.46650888466883e-72	1.08805959185196	0.846	0.364	3.11838449235979e-68
Asap2	2.21905914369796e-72	0.773501193466463	0.488	0.12	4.71860736315934e-68
Ddah1	9.17465976274776e-72	0.336207315088905	0.158	0.013	1.95089965195068e-67
Adamts1	1.18984386640331e-71	1.4946582560853	0.404	0.084	2.53008399752e-67
Msx1	1.37926135995417e-71	0.383145610535178	0.183	0.018	2.93286135580654e-67
Bik	3.04821155027261e-71	0.536313586723556	0.304	0.048	6.48171704049968e-67
Bmpr2	1.97485663915207e-70	1.18495810708046	0.812	0.422	4.19933515749295e-66
Aqp11	6.41177666631576e-70	0.362936379236469	0.171	0.016	1.36340019032538e-65
Mustn1	6.49169123290561e-70	0.76968252777021	0.388	0.079	1.38039322376505e-65
Prnp	6.73497008477728e-70	1.42866020902897	0.825	0.37	1.43212403882704e-65
Gnas	1.52582359980228e-69	0.98768367992105	1	0.939	3.24451130261956e-65
Tmod3	4.90303054862115e-69	1.17494971025558	0.892	0.602	1.0425804158588e-64
Mapk3	7.19411030464561e-69	1.14277906121247	0.863	0.5	1.52975561517984e-64
Fkbp1a	1.1596176219594e-68	1.24808664257915	0.95	0.79	2.46581091133446e-64
Rtl8a	4.10095374900195e-68	1.05407927923349	0.625	0.226	8.72026805187775e-64
Epn2	5.84048121828129e-68	0.879780123707377	0.529	0.156	1.24191992625533e-63
Unc45b	1.97619375461853e-67	0.741227194752696	0.379	0.08	4.20217839982084e-63
Vamp5	1.01413104944263e-66	1.03177183377668	0.629	0.235	2.1564482635348e-62
Rgs12	1.30933396736811e-66	0.569435631779346	0.329	0.061	2.78416774821155e-62
Pltp	1.38331433032632e-65	1.76218885429909	0.85	0.489	2.94147959200589e-61
Ccn1	4.56541835197502e-65	1.36266682528632	0.471	0.117	9.70790558363968e-61
Lmo1	9.37267657065102e-65	0.722024208210251	0.383	0.087	1.99300594598323e-60
Entpd1	9.62916682546182e-65	1.31200149780941	0.742	0.346	2.0475460337662e-60
Ttc28	1.43770755048492e-64	0.933139889449516	0.646	0.24	3.05714133535113e-60
Tspan15	1.91779203714105e-64	0.659287818870883	0.404	0.091	4.07799298777672e-60
Rhoj	1.93227039687797e-64	0.930086634622384	0.671	0.231	4.10877977192131e-60
Smagp	2.37182090257045e-64	0.770096878034824	0.596	0.182	5.0434399672258e-60
Rasal2	4.7225102874341e-64	0.820450660789691	0.488	0.137	1.00419458751999e-59
Clca3a1	4.74870668550688e-64	0.487286213684793	0.254	0.037	1.00976498960618e-59
Mfng	5.34854622392439e-64	0.71069834875563	0.408	0.097	1.13731486905528e-59
Lmo7	3.23648834960123e-63	0.729480546989067	0.454	0.118	6.88206882659206e-59
Prrg1	5.73489702494286e-63	0.499416434303236	0.3	0.053	1.21946850338385e-58
Mfge8	5.78810160703465e-63	0.85609401416764	0.629	0.22	1.23078192571985e-58
Gimap8	9.48321486490646e-63	0.707492941987637	0.404	0.092	2.01651080887371e-58
Nid1	1.08274371327613e-62	0.642625411758279	0.637	0.199	2.30234623191037e-58
Fmnl3	1.18195593188558e-62	0.712553881907832	0.458	0.12	2.51331109356149e-58
Tns2	1.93760071647573e-62	0.655591061226579	0.417	0.101	4.12011416351398e-58
Klf7	7.56679294389236e-62	1.13252335318277	0.808	0.449	1.60900285158927e-57
Gimap5	1.22845373441065e-61	0.689908654943378	0.492	0.13	2.6121840208508e-57
Prkch	1.49526817072981e-61	0.871366810123156	0.521	0.16	3.17953823823986e-57
Gna11	2.30129131540686e-61	0.917455429732756	0.696	0.296	4.89346585308115e-57
Macf1	2.79486440272213e-61	1.24451961425541	0.938	0.703	5.94299966594834e-57
Cds2	4.29169129663486e-61	0.96561384391889	0.608	0.238	9.12585237316436e-57
Fam181b	5.821026911382e-61	0.290300276392584	0.154	0.014	1.23778316243627e-56
Fam89a	1.82726385578862e-60	0.322934860134694	0.175	0.019	3.88549386294891e-56
Chst7	2.24743213118092e-60	0.518805337442404	0.254	0.04	4.7789396837431e-56
Rbpms	2.44639676563016e-60	0.854465178946363	0.863	0.44	5.20201808243597e-56
Tsc22d1	3.32984701055402e-60	1.29141151340893	0.775	0.345	7.08058668324206e-56
Scarf1	5.58341340471866e-60	0.452690927073707	0.258	0.042	1.18725702637937e-55
Rras	7.09821769127921e-60	1.10031665961221	0.783	0.424	1.50936500987361e-55
Pim3	5.79773321911012e-59	1.60773182919583	0.758	0.41	1.23282999171158e-54
Rhoc	5.95722959193677e-59	1.13216953671941	0.85	0.478	1.26674530042944e-54
Adamts9	1.2089111212937e-58	0.530923184512304	0.283	0.051	2.57062860831892e-54
Pik3r3	3.15873495633027e-58	0.339556628363312	0.171	0.019	6.71673401114068e-54
Arl2bp	1.37071497797766e-57	0.911704927266702	0.675	0.304	2.9146883291717e-53
Prom1	1.41508605634311e-57	0.340880307698519	0.112	0.008	3.00903899020799e-53
Fryl	2.00237631662313e-57	1.12613395374005	0.637	0.281	4.25785299966743e-53
Dchs1	2.03399914457908e-57	0.410721463402491	0.262	0.043	4.32509578103296e-53
Akap12	4.84451227981463e-57	0.896099227014588	0.529	0.152	1.03013709117978e-52
Cd59a	5.02282642750657e-57	0.768124846423536	0.492	0.141	1.068053811545e-52
Clstn1	1.0275245496813e-56	0.883431273859613	0.592	0.217	2.18492820244231e-52
Nedd4	1.98671336145433e-56	0.893151395459578	0.933	0.402	4.22454729179648e-52
Ccn2	4.6484855336427e-56	0.744548989532182	0.312	0.06	9.88453963873783e-52
Btg3	1.07249993913099e-55	1.00012862704707	0.646	0.284	2.28056387056814e-51
Btbd3	1.50018417289065e-55	0.908167461176491	0.508	0.166	3.18999162523467e-51
Pcp4l1	2.84251214379641e-55	0.433952753512998	0.442	0.114	6.04431782256869e-51
Fhl1	7.39083255163909e-55	0.73406595694314	0.462	0.136	1.57158663378054e-50
Zbtb20	1.03244424311171e-54	0.959043089233589	0.9	0.518	2.19538943855273e-50
Tmcc3	1.2200896475029e-54	0.991445687738494	0.567	0.212	2.59439862645017e-50
Ctnna1	1.60534726169117e-54	1.03587824752297	0.863	0.61	3.4136104172601e-50
Epha4	1.70379584118453e-54	0.618451791645472	0.338	0.073	3.62295147669478e-50
Arid5b	1.94546662991014e-54	1.23203273636996	0.804	0.489	4.13684024184092e-50
Samd12	2.61255929951901e-54	0.585287695691817	0.288	0.057	5.55534609449721e-50
Tspan18	4.0341350238271e-54	0.439512328803517	0.321	0.064	8.57818471466594e-50
Pitpnm2	5.69370511958031e-54	0.558717372167593	0.317	0.068	1.21070945662756e-49
Cd81	8.30285077380643e-54	1.03677539712454	0.988	0.625	1.7655181885422e-49
Itpkb	1.35100850403122e-53	1.05532145058962	0.75	0.388	2.87278448297198e-49
Klf9	1.48656730152572e-53	1.05506135282334	0.75	0.376	3.16103670996429e-49
Prss23	1.80029828544149e-53	0.891077229975983	0.579	0.195	3.82815427416279e-49
Grap	2.68778185080403e-53	0.726274773744699	0.462	0.137	5.71529932754969e-49
Eepd1	3.0964149388693e-53	0.545643694045334	0.333	0.075	6.58421672601168e-49
Mbnl2	3.22596667082888e-53	0.9124061786708	0.929	0.676	6.85969552885053e-49
Notch1	3.82819879930412e-53	0.848804793219338	0.658	0.29	8.14028192684028e-49
Calm1	6.48436348306734e-53	0.768702996224994	1	0.988	1.37883505103944e-48
Ripor1	8.53628434895848e-53	0.724247048232198	0.475	0.154	1.81515550396253e-48
Ctnnb1	9.24905795081099e-53	1.01532995008799	0.917	0.685	1.96671968266045e-48
Jam3	1.50411769965361e-52	0.673679808800292	0.396	0.1	3.19835587654344e-48
Adam15	2.34464858559839e-52	1.0898650953878	0.775	0.457	4.98566075241642e-48
Papss2	3.77397642971504e-52	0.549179975270754	0.383	0.1	8.02498348014605e-48
Rnf144a	4.39451778417356e-52	0.539539737154767	0.321	0.07	9.34450261626666e-48
Snai2	4.420980814795e-52	0.330031258468834	0.196	0.027	9.40077360458009e-48
Tbx3	9.52561925963459e-52	0.454158268507841	0.254	0.044	2.0255276793687e-47
Plscr4	2.36446686568793e-51	0.675633841238965	0.504	0.167	5.02780234319881e-47
Slfn5	5.27722017649217e-51	1.10860399448041	0.842	0.491	1.12214809832929e-46
Rgs3	1.19125728976139e-50	0.860407091293584	0.517	0.188	2.53308950094862e-46
Fli1	1.55395569411121e-50	1.07968299635672	0.75	0.417	3.30433138795808e-46
Gngt2	2.54167744694809e-49	0.867151116781168	0.754	0.36	5.40462292319042e-45
Als2cl	3.25566552999747e-49	0.301049610812683	0.175	0.023	6.92284718298661e-45
Cnn3	8.15776419570295e-49	0.850635079346523	0.721	0.334	1.73466697857428e-44
Nuak1	8.79583273314731e-49	0.806506710853727	0.333	0.081	1.87034587237644e-44
Cdc42bpa	8.92268338480471e-49	0.915670766353982	0.542	0.206	1.89731939494487e-44
Serpinh1	1.19666459197339e-48	0.636215966990141	0.821	0.301	2.54458758837222e-44
Csgalnact1	1.33731464079772e-48	0.394390903192276	0.217	0.035	2.84366585219228e-44
Vcl	1.40140391608585e-48	0.880682770010597	0.688	0.317	2.97994528716496e-44
Rgs16	1.9316864253325e-48	0.937448836749287	0.279	0.056	4.10753801482704e-44
Phldb2	9.48272753113085e-48	0.590725626867017	0.371	0.098	2.01640718221966e-43
Il17rd	1.0971921130083e-47	0.475221324513306	0.275	0.057	2.33306930910084e-43
Syne1	1.62423875013021e-47	0.940978978851085	0.546	0.211	3.45378127827689e-43
Lamb1	2.05029724193097e-47	0.697848667461919	0.588	0.211	4.35975205524202e-43
Pkp4	8.21684447972108e-47	0.766841842432732	0.408	0.122	1.74722981016789e-42
Neurl1b	1.5589934913052e-46	0.367521732129383	0.233	0.042	3.31504375991137e-42
Iigp1	3.22492959827799e-46	1.44081814670551	0.688	0.319	6.85749029777831e-42
Ralgapa1	5.93193215691978e-46	0.899744861597	0.583	0.265	1.26136605384742e-41
Sult1a1	7.04283162103992e-46	0.799495981865077	0.462	0.151	1.49758771589793e-41
Msrb3	8.24396039183306e-46	0.649498333433105	0.417	0.13	1.75299573771938e-41
Lama3	1.2096025023938e-45	0.364647641574744	0.175	0.025	2.57209876109018e-41
Dgkh	1.31509935414573e-45	0.693989052227943	0.429	0.135	2.79642726665547e-41
App	2.05011392086712e-45	0.732377160155086	0.992	0.868	4.35936224133185e-41
Znrf1	2.28914657609024e-45	0.759026959712907	0.554	0.233	4.86764127939828e-41
Akap2	2.8741023357465e-45	0.58024531880958	0.304	0.072	6.11149120673136e-41
Unc5b	4.44525637336219e-45	0.450461418169936	0.204	0.034	9.45239315231736e-41
Nckap1	4.57020176785665e-45	0.698057581182493	0.617	0.242	9.71807703917038e-41
Vegfc	6.50575395736451e-45	0.569135756784376	0.25	0.05	1.38338352149399e-40
Adarb1	1.27842142387755e-44	0.525646767414215	0.271	0.059	2.71843531573323e-40
Flywch1	1.39508562954713e-44	0.760210135506581	0.479	0.176	2.96651008266902e-40
Selenow	1.87082260051588e-44	0.773604251168871	0.958	0.891	3.97811717773697e-40
Nedd9	2.36343433944573e-44	0.884549073914865	0.537	0.219	5.02560677939739e-40
Syne2	2.40028058323875e-44	0.758968085652499	0.667	0.288	5.10395663219888e-40
Dpysl3	3.23903311725975e-44	0.774404925535057	0.471	0.161	6.88748002054114e-40
Itgb4	3.45837932737978e-44	0.635211602010442	0.379	0.109	7.35389780174036e-40
Csrp1	3.62894808130129e-44	0.875250341976917	0.771	0.433	7.71659520007906e-40
Clec2d	4.26810569397133e-44	0.975920219396321	0.912	0.683	9.07569994766063e-40
Amotl2	4.58769725006957e-44	0.714449190724464	0.496	0.176	9.75527943254794e-40
Myh9	8.33981202764262e-44	1.04247902857693	0.933	0.832	1.77337762955793e-39
Arhgef12	9.94697485495916e-44	0.834371703346072	0.733	0.366	2.11512473315852e-39
Prdm16	1.14538950980482e-43	0.488939298906414	0.233	0.045	2.43555625364897e-39
Spry1	1.28191225615737e-43	0.649661842866458	0.371	0.099	2.72585822149303e-39
Msn	1.36963941445446e-43	0.841963633691674	0.963	0.86	2.91240125089596e-39
Grb10	2.50481677901046e-43	0.583336896759525	0.475	0.161	5.32624239888784e-39
Myo6	2.90623396301531e-43	0.620670410619145	0.458	0.154	6.17981589895576e-39
Tmem47	3.09912221449846e-43	0.511730859121942	0.35	0.09	6.58997347690953e-39
Serpinb6a	4.87087935738692e-43	0.804329121030826	0.821	0.432	1.03574378655475e-38
Gimap4	7.19049041403196e-43	0.434978461234262	0.533	0.173	1.52898588163976e-38
Cyb561	9.55530891512502e-43	0.502624006316748	0.308	0.078	2.03184088771218e-38
Nos2	1.10277092314623e-42	0.293319203567157	0.133	0.015	2.34493209097815e-38
Plk2	6.13716597380414e-42	1.03978743380651	0.6	0.267	1.30500697266971e-37
Cyp2d22	8.72205168708928e-42	0.637342775914438	0.417	0.137	1.85465707074266e-37
Cpd	9.64468970468084e-42	0.86707253233634	0.667	0.346	2.05084681880333e-37
Cdc42bpb	1.02942538260088e-41	0.782903192960299	0.575	0.267	2.18897013356252e-37
Ly6e	1.87288140415777e-41	0.772917492823469	1	0.9	3.98249501780109e-37
Cpne8	2.89455450501257e-41	0.724917665430195	0.462	0.169	6.15498069945872e-37
Snn	5.76563800824517e-41	0.451218881679772	0.242	0.05	1.22600526607325e-36
L1cam	8.80577935976831e-41	0.589097155756469	0.312	0.078	1.87246092306113e-36
Nr1d1	9.83259531884553e-41	0.769499815214073	0.55	0.223	2.09080306859931e-36
Ica1	1.09113493014819e-40	0.361556553263116	0.2	0.036	2.3201893154671e-36
Plcg1	1.11700092511608e-40	0.564148140264209	0.354	0.104	2.37519076716684e-36
Hip1r	1.12649742412932e-40	0.442819811899131	0.288	0.069	2.39538412266859e-36
Ddah2	3.18715077194289e-40	0.728098730604164	0.554	0.231	6.77715740145937e-36
Ggta1	4.41195074145609e-40	0.765792638685733	0.562	0.259	9.38157205663222e-36
Sybu	4.97608307790861e-40	0.341429205633576	0.158	0.023	1.05811430568649e-35
Slco2a1	9.78571717190893e-40	0.688396690777274	0.179	0.03	2.08083489943471e-35
Thsd7a	1.07696534237576e-39	0.277021954399767	0.167	0.025	2.29005910402781e-35
S100a13	1.18652000081542e-39	0.781350897422837	0.908	0.774	2.52301612973391e-35
Bsg	2.10174741182319e-39	0.980307585175547	0.967	0.864	4.46915569650083e-35
Fnbp1l	2.43469839900398e-39	0.796557872119299	0.475	0.187	5.17714267564207e-35
Kcnb1	3.48853374681043e-39	0.491560036213689	0.258	0.058	7.4180181592177e-35
Bcr	3.6635085121389e-39	1.39713933097729	0.446	0.17	7.79008450021215e-35
Tprgl	4.9278505966002e-39	0.783880097390035	0.767	0.518	1.04785815086107e-34
Myl12a	6.50103926555707e-39	0.780418559280424	0.95	0.851	1.38238098942806e-34
Rtl8b	6.62556776827195e-39	0.705128934971847	0.442	0.163	1.40886073024535e-34
Prickle3	7.17645977840933e-39	0.470385144099522	0.288	0.073	1.52600240728096e-34
Arl15	7.4445700137085e-39	0.587841706636194	0.325	0.092	1.58301336771497e-34
Kctd17	1.7746208080277e-38	0.639554704127213	0.442	0.164	3.7735536861901e-34
Ackr3	2.31983096606885e-38	0.861095820314989	0.362	0.111	4.9328885662488e-34
Hoxb5	2.35654268770503e-38	0.406056869034221	0.262	0.061	5.01095237113598e-34
Apln	2.48432141898171e-38	0.523801198803437	0.125	0.015	5.28266106532271e-34
Tnfrsf10b	3.43073994680255e-38	0.469151177320507	0.229	0.049	7.29512542288094e-34
Tspan4	1.35849849948988e-37	0.772452739629752	0.658	0.331	2.88871120931528e-33
B4galt4	1.50002029293195e-37	0.606815836900085	0.383	0.129	3.1896431508905e-33
Itgb1	3.56572183777946e-37	0.7776844892623	0.963	0.892	7.58215091585425e-33
Abcc4	7.17388595841919e-37	0.488461530569636	0.329	0.096	1.52545511019826e-32
Trib2	7.17680668759573e-37	0.390507807812582	0.271	0.065	1.52607617405036e-32
Pcmtd1	7.94741472148075e-37	0.859125170149547	0.704	0.454	1.68993826637567e-32
Pakap.1	8.01605024532995e-37	0.451158878126917	0.117	0.014	1.70453292416696e-32
Pde8a	8.44213509565164e-37	0.549189748033781	0.446	0.169	1.79513560673936e-32
Rdx	8.88609585507083e-37	0.894517327237424	0.854	0.668	1.88953942262226e-32
Ccser2	8.92827384402552e-37	0.766951185941229	0.571	0.28	1.89850815019359e-32
9530082P21Rik	9.29497601545846e-37	0.397295587841978	0.25	0.059	1.97648369992709e-32
Vim	1.30794221661194e-36	0.816814004654882	0.996	0.889	2.78120832940364e-32
Ppfibp1	1.5771398695205e-36	0.746326983437902	0.546	0.255	3.35363021854839e-32
Ppp2r5a	1.87668896643942e-36	0.912362912987694	0.779	0.583	3.99059141823678e-32
Myo1d	2.83319122330636e-36	0.562006146598027	0.375	0.123	6.02449781723864e-32
Npr1	3.19851880792379e-36	0.626365074670868	0.421	0.152	6.80133039316914e-32
Spag9	3.25509314684321e-36	0.776501291787999	0.854	0.683	6.9216300674474e-32
Bcar1	3.62171076953016e-36	0.447769017713203	0.304	0.085	7.70120578032893e-32
Elovl5	5.30654908228002e-36	0.776245244920243	0.546	0.264	1.12838459685602e-31
Tjp2	7.63857016448415e-36	0.550870526376008	0.45	0.174	1.62426555977591e-31
Npdc1	1.51426818679804e-35	0.642490927166745	0.6	0.245	3.21993987240735e-31
Nudt4	1.79945698187692e-35	1.01796776206752	0.675	0.413	3.82636532626309e-31
Rab12	2.26284367251175e-35	0.728102724759536	0.654	0.372	4.81171078522898e-31
Mef2c	2.84358481525441e-35	0.521159669124773	0.887	0.542	6.04659875115697e-31
Pitpnc1	4.24340991624263e-35	0.829388202834283	0.592	0.303	9.02318684589833e-31
Cltb	4.44072012179031e-35	0.788490617813526	0.713	0.484	9.44274726697491e-31
Eva1b	4.75253137229221e-35	0.698266015327324	0.637	0.35	1.01057827100422e-30
Tpm4	6.22224598595644e-35	0.841252310943385	0.912	0.725	1.32309838645378e-30
Rai14	1.0477962398092e-34	0.607008726533606	0.488	0.199	2.22803392433028e-30
Ppp1r13b	2.76960178025526e-34	0.68332136033675	0.446	0.182	5.88928122553479e-30
Ccnd1	3.46649518689687e-34	0.923238734633585	0.579	0.277	7.3711553654175e-30
H2-D1	3.59800290432076e-34	0.574082957157601	1	0.981	7.65079337574767e-30
Irf2bpl	3.92988530098878e-34	0.823054325502777	0.646	0.374	8.35650810402255e-30
Swap70	4.20308961048223e-34	0.777477523541037	0.621	0.331	8.93744974772941e-30
Zfp423	7.68804777487042e-34	0.271731336245426	0.133	0.019	1.63478647884845e-29
Hoxd8	7.9217644564667e-34	0.366186586179033	0.2	0.042	1.68448399402308e-29
Smad7	1.48850896519197e-33	0.769931594917154	0.529	0.246	3.1651654635842e-29
Lifr	1.74826364907067e-33	0.851371679834578	0.617	0.321	3.71750782338387e-29
Vat1	1.75652539995284e-33	0.809568770998142	0.642	0.365	3.73507561045971e-29
Rab11a	2.14248483156856e-33	0.784020683052087	0.783	0.597	4.55577974584738e-29
Serinc3	2.16225097440247e-33	0.632326432711368	0.933	0.771	4.59781047196941e-29
Ets2	2.37221121115744e-33	0.832236547715203	0.762	0.508	5.04426991940519e-29
Car4	2.74272556414157e-33	0.611517760330214	0.229	0.052	5.83213163959063e-29
Eln	4.40145647535038e-33	0.475326933782379	0.342	0.103	9.35925704918505e-29
Tgfb1i1	5.03768907508167e-33	0.427673634429582	0.421	0.143	1.07121420492537e-28
Marc2	5.05358919410611e-33	0.752956312982668	0.775	0.598	1.07459520623472e-28
Txnip	5.85220593404132e-33	0.988022463080663	0.908	0.762	1.24441306981455e-28
Gdpd3	7.42454962392275e-33	1.08106259778836	0.633	0.356	1.57875623203093e-28
Arhgef28	9.21228373043256e-33	0.370566855256775	0.179	0.035	1.95890001243918e-28
Rassf3	1.30728399560243e-32	0.689609048827825	0.525	0.253	2.77980868824902e-28
Sypl	1.67327732795335e-32	0.777720215388877	0.762	0.538	3.55805691015999e-28
Dbp	2.34887578743518e-32	0.776747576301338	0.512	0.224	4.99464947440216e-28
Itpr1	2.72053628637274e-32	0.71798903671006	0.588	0.314	5.784948359343e-28
Wasf2	3.5353865477639e-32	0.773369773428635	0.883	0.756	7.51764595516516e-28
Tmem184b	4.01309505989009e-32	0.639524122414817	0.446	0.189	8.53344533535029e-28
Cebpd	4.58107728485521e-32	1.34763556757956	0.771	0.56	9.74120273851613e-28
Cbfa2t3	8.47275104289204e-32	0.618615954387526	0.613	0.301	1.80164578176056e-27
Sema3f	1.20208171497674e-31	0.484969821340717	0.242	0.063	2.55610655872655e-27
Dennd3	1.26964251628433e-31	0.324820109520445	0.175	0.034	2.69976784662699e-27
Bmp6	1.76444497909178e-31	0.541587986017505	0.258	0.071	3.75191580354077e-27
Foxo1	1.86834523404379e-31	0.638179575012439	0.529	0.262	3.97284930567072e-27
Agrn	1.9794242048884e-31	0.461617340360346	0.354	0.121	4.20904762927469e-27
Eogt	2.10701523285495e-31	0.509699432571189	0.262	0.072	4.48035719114276e-27
Gmpr	2.47914811801297e-31	0.441879887731382	0.267	0.075	5.27166055814279e-27
Lamb2	2.96929900345789e-31	0.647949129659004	0.417	0.165	6.31391740095285e-27
Epb41l4a	3.56396187544298e-31	0.425738844185616	0.288	0.085	7.57840853194196e-27
Pea15a	4.09682113520601e-31	0.735431244718765	0.742	0.471	8.71148046190206e-27
Klf2	5.94665667561554e-31	1.3557518848751	0.867	0.628	1.26449707550289e-26
Prag1	7.72434670692907e-31	0.419301376162009	0.279	0.081	1.6425050837614e-26
Wars	1.19766437458478e-30	0.736573735621728	0.554	0.297	2.54671352611708e-26
Anp32a	1.53402803417717e-30	0.80155839185906	0.871	0.762	3.26195721187433e-26
Cep85l	1.53444941219363e-30	0.60290731998884	0.371	0.136	3.26285323008854e-26
Reep3	3.15013816699958e-30	0.695308032376605	0.854	0.697	6.6984537983079e-26
Cdkn1c	3.3812332361435e-30	0.65882585720988	0.4	0.15	7.18985435333554e-26
Tagln2	3.82328392807262e-30	0.58367335047057	0.975	0.885	8.12983094465362e-26
Spred2	4.07346714690009e-30	0.583974902962028	0.429	0.178	8.66182054116834e-26
Prickle1	5.1197456192588e-30	0.359236546996801	0.217	0.053	1.08866270847919e-25
Mxra7	8.9386374939888e-30	0.521040385709419	0.446	0.18	1.90071187672178e-25
Lima1	9.74125752701957e-30	0.766935750610762	0.733	0.44	2.07138100054544e-25
Lrrc58	1.07737267869961e-29	0.677656501103839	0.738	0.528	2.29092526398686e-25
Prrc2b	1.23259495170057e-29	0.678897126047536	0.646	0.393	2.6209899052961e-25
Dgke	1.46891951209249e-29	0.333708590796415	0.221	0.054	3.12351045051347e-25
Mylip	1.87086929083469e-29	0.826101703337734	0.542	0.284	3.97821646003089e-25
Nbeal1	2.15953498164334e-29	0.710914911678056	0.667	0.42	4.59203518496639e-25
Nck1	2.18319421054057e-29	0.70882087516538	0.637	0.421	4.64234416929346e-25
Clic4	2.37928394357551e-29	0.761492520115697	0.85	0.653	5.05930937761897e-25
Trim24	3.36601913697417e-29	0.635375962216765	0.442	0.192	7.15750309286188e-25
Rps4l	6.29638061608623e-29	0.589752538678188	0.338	0.116	1.33886237420458e-24
Tmod2	6.83572744247141e-29	0.345720826063745	0.267	0.073	1.45354908336712e-24
Slc50a1	8.47331525975478e-29	0.767824813428684	0.662	0.448	1.80176575683426e-24
Myl12b	9.80748999352845e-29	0.709083832656545	0.9	0.804	2.08546467222389e-24
Fam167b	1.03091984753831e-28	0.347797819656542	0.121	0.019	2.19214796380547e-24
Mctp1	1.16517631081163e-28	0.601686012389208	0.342	0.119	2.47763090730984e-24
Prkd2	1.33109723922777e-28	0.41689807138668	0.3	0.097	2.83044516949393e-24
Maoa	1.44628270823031e-28	0.548381017208865	0.362	0.139	3.07537555078094e-24
Myo1e	1.70714348349078e-28	0.626163668957375	0.417	0.177	3.6300699032948e-24
Tmem140	2.60879550366614e-28	0.732093919875869	0.467	0.225	5.54734275899568e-24
Casz1	2.949275750678e-28	0.493553940863879	0.267	0.081	6.2713399562417e-24
Mxd4	3.65079257363552e-28	0.677383680408314	0.767	0.544	7.76304532857856e-24
Plod1	3.69199264562679e-28	0.640125610620873	0.596	0.335	7.8506531616608e-24
Rapgef1	5.24381359303166e-28	0.635138617407919	0.454	0.217	1.11504452242225e-23
Arhgef7	5.9543781091976e-28	0.644700659451338	0.467	0.228	1.26613896113978e-23
Ktn1	6.87219498275351e-28	0.717798551596511	0.746	0.527	1.46130354113271e-23
Foxp1	7.73404385158511e-28	0.833245343990203	0.787	0.618	1.64456708460106e-23
Nhsl2	9.12965582528429e-28	0.534152316431465	0.358	0.132	1.94133001468845e-23
Upp1	9.66493880483993e-28	0.450195216203869	0.338	0.113	2.05515258746116e-23
Smad1	1.00243344291904e-27	0.722408408566086	0.512	0.269	2.13157447302304e-23
Hs3st1	1.05052406328686e-27	0.585195322225291	0.333	0.121	2.23383436817318e-23
Spop	1.08013754359745e-27	0.731211263635443	0.783	0.641	2.29680447270561e-23
Exoc6	1.3336960042175e-27	0.656429367202857	0.5	0.259	2.83597118336809e-23
Klhl24	1.54009052535984e-27	0.683330075147069	0.642	0.396	3.27484849312517e-23
Myadm	1.70809815441739e-27	0.825567266364054	0.717	0.487	3.63209991555315e-23
Bst2	2.16222772941382e-27	0.739155439754577	0.887	0.74	4.59776104382556e-23
Zeb1	2.56998325405545e-27	0.611500886503936	0.479	0.228	5.46481239142351e-23
Klf13	2.77773090010481e-27	0.668680036314473	0.8	0.638	5.90656698598286e-23
Unc13b	4.77508637032864e-27	0.282322917611621	0.167	0.035	1.01537436578668e-22
Mrrf	5.45014692468197e-27	0.578183484211453	0.383	0.163	1.15891924206437e-22
Hoxd3os1	6.82428430169142e-27	0.324970198235499	0.167	0.036	1.45111581391166e-22
Pxdc1	6.83131017342986e-27	0.47079806988907	0.333	0.117	1.45260979527813e-22
Mest	8.50876022902977e-27	0.562812000618838	0.183	0.042	1.80930277510089e-22
Ptp4a3	1.0388278597091e-26	0.782664779567411	0.508	0.277	2.20896356088543e-22
Pdlim5	1.0652361435483e-26	0.640605517579569	0.604	0.376	2.2651181356411e-22
Adipor1	1.09108292622098e-26	0.640360837316515	0.725	0.52	2.3200787343163e-22
Bmp4	1.37627982815013e-26	0.623584195238419	0.342	0.125	2.92652142657844e-22
Plpp1	1.67280690862278e-26	0.632416386161067	0.492	0.223	3.55705661049547e-22
Ccny	1.90509782896639e-26	0.697483736142091	0.592	0.364	4.05100002351413e-22
Lmna	2.21488039469447e-26	0.593118316596941	0.771	0.501	4.70972167127833e-22
Tmem59	2.76650726795144e-26	0.556286644100607	0.904	0.791	5.88270105457195e-22
Myo1c	4.3367815901386e-26	0.694272761122581	0.637	0.417	9.22173237327073e-22
Sgk1	5.16111350907409e-26	0.741744961027273	0.533	0.273	1.09745917656952e-21
Slc30a1	6.59270073523492e-26	0.59376619136918	0.458	0.225	1.40187188434035e-21
Tgfbr3	8.98189939857057e-26	0.645479786212015	0.475	0.215	1.90991108811205e-21
Plec	1.25574442746038e-25	0.714689196425889	0.692	0.459	2.67021495055174e-21
Bnip2	1.4573525357189e-25	0.650200127016448	0.812	0.67	3.09891443195267e-21
Slc28a2	1.54645803519477e-25	0.556688771872707	0.325	0.12	3.28838836603815e-21
Qk	1.94594442455091e-25	0.667815471393447	0.904	0.774	4.13785622436506e-21
Trim47	2.20815565861622e-25	0.650168267726209	0.488	0.246	4.69542219248152e-21
Laptm4a	3.53204873444036e-25	0.489121111421219	0.938	0.833	7.51054842891399e-21
Btbd7	4.24942072082318e-25	0.724119032254118	0.658	0.466	9.03596822075842e-21
Timeless	4.42899152250758e-25	0.334581470784588	0.204	0.054	9.41780757346011e-21
1700020I14Rik	4.53739315721489e-25	0.775390614149166	0.625	0.416	9.64831280950175e-21
Stard4	4.5639532743088e-25	0.57314494385208	0.433	0.203	9.70479024249022e-21
Dusp3	4.68899288388571e-25	0.694653815465343	0.729	0.54	9.97067446829457e-21
Mprip	4.99647683648376e-25	0.608093707536143	0.658	0.41	1.06245083450991e-20
Map4	6.00108305734681e-25	0.751578398503283	0.642	0.448	1.27607030131422e-20
Amotl1	6.56782550571782e-25	0.510784921802253	0.408	0.176	1.39658241553584e-20
Gbp4	7.03936395047829e-25	0.618860872329721	0.613	0.344	1.4968503504297e-20
Sh2d3c	8.09159690216926e-25	0.444581742409863	0.3	0.106	1.72059716527727e-20
Phlpp1	8.44301450478369e-25	0.383728749758499	0.25	0.077	1.7953226042972e-20
Gnb1	1.29712952544072e-24	0.525775655146419	0.942	0.868	2.75821622289715e-20
Emp1	1.73422034610843e-24	0.579705308592043	0.562	0.277	3.68764614396496e-20
Numb	1.86408152074834e-24	0.586877016529879	0.429	0.207	3.96378294571927e-20
Lhfpl2	1.93171278030397e-24	0.467201288379038	0.317	0.114	4.10759405603836e-20
Ccdc88c	2.02947489151979e-24	0.51681319927041	0.358	0.144	4.31547540932769e-20
Sash1	2.38099305019059e-24	0.599925648028018	0.675	0.431	5.06294362192527e-20
Sox4	2.39966340379491e-24	0.607367376274076	0.488	0.232	5.1026442618295e-20
Parvb	3.63256035960134e-24	0.563819845250177	0.396	0.18	7.72427634865629e-20
Socs2	3.84353483328947e-24	0.604734058207439	0.625	0.354	8.17289246950673e-20
Slc12a7	4.46809556763698e-24	0.540688398668323	0.4	0.182	9.50095841502327e-20
Ctnnd1	5.10694858302237e-24	0.679008536441258	0.546	0.32	1.08594154669388e-19
Impdh1	6.46787157424101e-24	0.517098749881092	0.342	0.138	1.37532821154661e-19
Hyal2	9.90317132804455e-24	0.453796280467448	0.271	0.094	2.10581035119539e-19
Gnb4	1.26678548647959e-23	0.571568469597309	0.421	0.194	2.6936926584502e-19
Arhgef3	1.32285485500102e-23	0.648826985231037	0.438	0.211	2.81291856367416e-19
Ifi203	1.39298680876595e-23	0.629900722802818	0.821	0.631	2.96204715015993e-19
Dock1	1.79513478477907e-23	0.664517403297012	0.488	0.262	3.81717460635422e-19
Sigirr	2.00261772598685e-23	0.409070409864132	0.225	0.068	4.25836633253844e-19
Hipk1	2.74466030408164e-23	0.622107259205747	0.688	0.487	5.83624567059921e-19
Sorbs1	2.94801251599653e-23	0.470640440802354	0.329	0.128	6.26865381401501e-19
Mal	3.79287978719947e-23	0.450798489004787	0.162	0.037	8.06517957950095e-19
Pam	5.09339626384218e-23	0.595865027661609	0.571	0.325	1.0830597815434e-18
Map4k4	5.53690953224021e-23	0.626729081336726	0.746	0.584	1.17736844293556e-18
Tuba1a	7.22790340538598e-23	0.842265484423306	0.746	0.55	1.53694138012128e-18
Arhgef5	8.1125706949293e-23	0.446580926895638	0.379	0.165	1.72505703256977e-18
Sept10	1.19551440165811e-22	0.556327413230642	0.367	0.164	2.5421418236858e-18
Ahnak	1.62302905152858e-22	0.541250191065497	0.988	0.857	3.45120897517037e-18
Map4k3	1.84892210663894e-22	0.517365757258541	0.375	0.169	3.93154796755704e-18
Pqlc1	1.92269585705472e-22	0.543336939996794	0.4	0.192	4.08842047044116e-18
Ptms	1.93357375007964e-22	0.562076267302369	0.912	0.806	4.11155122216936e-18
Elk4	2.93424082488969e-22	0.589133197991054	0.504	0.287	6.23936969004543e-18
Ubc	3.98061326211268e-22	0.595953599795412	0.979	0.952	8.4643760405564e-18
Rabac1	4.08323944657042e-22	0.473455663064854	0.904	0.764	8.68260035918734e-18
Exoc3l4	4.38173333218264e-22	0.313655235748881	0.183	0.049	9.31731775755316e-18
Tnfaip8l1	4.81661734641803e-22	0.377429504033118	0.188	0.051	1.02420551254233e-17
Cers4	5.18362521638714e-22	0.522340840644809	0.458	0.228	1.10224606601256e-17
Lzts2	6.30253914906773e-22	0.446824035470075	0.342	0.143	1.34017192465776e-17
Fkbp9	6.45884004891542e-22	0.496992378699172	0.45	0.22	1.37340774800137e-17
Nfe2l1	8.00732552756152e-22	0.634443092617112	0.708	0.548	1.70267770018068e-17
Bnip3l	8.39557074831983e-22	0.56918277167441	0.808	0.665	1.78523416392273e-17
mt-Rnr2	8.44415333826325e-22	1.03274071430986	0.833	0.738	1.7955647658483e-17
Cttn	8.94624086387853e-22	0.513517003585619	0.379	0.175	1.90232865729513e-17
Ifitm3	9.26458617851891e-22	0.427268612009534	1	0.924	1.97002160500026e-17
Atp5j	9.56854413499829e-22	0.311932918193697	0.983	0.926	2.03465522486604e-17
Stap2	9.63085986237969e-22	0.321099174608968	0.208	0.062	2.04790604113642e-17
Sema6b	1.16832565401404e-21	0.346958389201979	0.221	0.069	2.48432767069546e-17
Nxn	1.21658811338457e-21	0.521475116705788	0.383	0.178	2.58695296430095e-17
Cped1	1.22381129075692e-21	0.489652678024327	0.371	0.155	2.60231232866551e-17
Selp	1.26391813926904e-21	0.665514949126002	0.104	0.018	2.68759553134168e-17
Rftn1	2.23595916143618e-21	0.557649615632742	0.45	0.244	4.7545435608779e-17
Gopc	2.50774870291336e-21	0.602973612182634	0.408	0.208	5.33247684187496e-17
Cuedc1	3.39278371799739e-21	0.506758739626808	0.362	0.161	7.21441529794965e-17
Abcg1	3.92215365381315e-21	0.630719014133722	0.462	0.247	8.34006752946827e-17
Auts2	5.54554161100632e-21	0.558676484202223	0.425	0.203	1.17920396816438e-16
Ecm2	6.27905720944644e-21	0.360529062859198	0.238	0.074	1.33517872501669e-16
Cdk17	6.90767844345554e-21	0.432016362175288	0.379	0.174	1.46884874421639e-16
Rassf1	7.42782668554059e-21	0.619364384232777	0.617	0.42	1.57945306641335e-16
Nrp2	8.64226045491798e-21	0.465212887288395	0.646	0.402	1.83769026313376e-16
Abi3	8.82599575261385e-21	0.494184295893528	0.346	0.15	1.87675973683581e-16
Abca1	9.81721430157183e-21	0.589112713083407	0.721	0.484	2.08753244908623e-16
Mapk12	9.98320907771713e-21	0.387494504868445	0.25	0.088	2.12282957828577e-16
Mfsd6	1.02341866202534e-20	0.503575596289769	0.379	0.18	2.17619744293069e-16
Rock2	1.61608236999635e-20	0.587384500866133	0.783	0.68	3.43643755156024e-16
Plekhg5	2.32298211727341e-20	0.377339830572247	0.288	0.111	4.93958917417017e-16
Ccnyl1	2.56530982735344e-20	0.322748221496807	0.204	0.063	5.45487481688435e-16
Pcnx	2.65787893647148e-20	0.464689324918202	0.338	0.147	5.65171377051296e-16
Peak1	2.66750415568889e-20	0.5254072022604	0.537	0.321	5.67218083665686e-16
Itga5	2.67114236137981e-20	0.533906763330176	0.4	0.195	5.67991711723804e-16
Jun	2.75259091882331e-20	0.683812363781411	0.933	0.834	5.85310932978589e-16
Oaz2	3.67986991487992e-20	0.681545017074718	0.475	0.275	7.82487538700066e-16
Mum1	3.76610572783601e-20	0.465255364956999	0.354	0.16	8.00824721967048e-16
Triobp	4.21041208254267e-20	0.558376961086341	0.483	0.283	8.95302025231874e-16
Fbln5	4.67735701289897e-20	0.668338550129312	0.275	0.099	9.94593195222837e-16
Ehd4	6.07137048184917e-20	0.655462105580137	0.842	0.661	1.29101621926041e-15
Hmcn1	6.66537652814647e-20	0.393724999570251	0.246	0.082	1.41732566494506e-15
Slc35f1	7.27493695649239e-20	0.280585721934685	0.146	0.034	1.54694259442854e-15
Insr	7.69650325428519e-20	0.527280591230141	0.375	0.178	1.6365844519912e-15
Enpp4	8.21879438469269e-20	0.540741279974175	0.375	0.182	1.74764443796105e-15
Lpar6	8.32036181896245e-20	0.513691510593411	0.596	0.355	1.76924173718418e-15
Sh3glb1	8.3730748620195e-20	0.499993798529098	0.963	0.916	1.78045063865983e-15
Smim10l1	9.33917946864524e-20	0.605198095560338	0.604	0.421	1.98588312221272e-15
H2-Q4	1.11130145853154e-19	0.609766815331517	0.675	0.49	2.36307142142147e-15
Clu	1.17350601806282e-19	0.339521215353625	0.446	0.189	2.49534319680878e-15
Tspan17	1.51400151409975e-19	0.435030155496993	0.358	0.167	3.21937281958172e-15
Nus1	1.99924848719984e-19	0.685038567933864	0.588	0.423	4.25120198318174e-15
Gstt2	3.26563386382166e-19	0.555303342342535	0.362	0.171	6.94404384803039e-15
Tead2	3.78878120269407e-19	0.263211923445382	0.167	0.045	8.05646434940866e-15
Spata6	4.44705560879931e-19	0.515976736348756	0.396	0.203	9.45621904655085e-15
Kctd10	4.60769776431302e-19	0.558339047955583	0.467	0.275	9.79780852603521e-15
Arl4a	4.86019961465166e-19	0.533486682569316	0.462	0.263	1.03347284605953e-14
Lamc1	5.65995725135258e-19	0.435279960528959	0.467	0.238	1.20353330992761e-14
Ctdsp2	6.31154072648992e-19	0.468411655837727	0.696	0.52	1.34208602008082e-14
St3gal6	6.41698900013046e-19	0.438458832966716	0.579	0.339	1.36450854098774e-14
Vsig10	6.68813521095112e-19	0.350304235251572	0.229	0.079	1.42216507125665e-14
Bok	7.05946844251886e-19	0.328263063886608	0.188	0.057	1.50112536961721e-14
Hmgb1	7.18901936105436e-19	0.434794977880527	0.967	0.933	1.5286730769346e-14
mt-Rnr1	8.92890389586176e-19	0.846148296129321	0.829	0.736	1.89864212441604e-14
Crybg3	9.38384587009924e-19	0.621004068730748	0.529	0.336	1.9953809858179e-14
Actn1	1.04356285687151e-18	0.593792556980683	0.55	0.329	2.21903205885158e-14
Hoxa7	1.1596445465779e-18	0.400898562467324	0.25	0.093	2.46586816384325e-14
Arhgap27	1.21136564541964e-18	0.339441342858893	0.254	0.095	2.57584790842033e-14
Selenom	1.29704158228108e-18	0.375006225752986	0.721	0.443	2.7580292205625e-14
Nfia	1.53353033840083e-18	0.404213439470375	0.683	0.41	3.26089891157552e-14
Spata13	1.62585784749283e-18	0.398992070002618	0.333	0.149	3.45722412690876e-14
Git1	2.01785392756016e-18	0.448837985239301	0.396	0.205	4.29076459156393e-14
Ttll7	2.18206126801301e-18	0.312885474896449	0.183	0.056	4.63993508030286e-14
Cmtm5	2.37896370620553e-18	0.334575023551741	0.15	0.038	5.05862842487544e-14
Bend7	3.02161007080836e-18	0.362863387772975	0.221	0.077	6.42515165456689e-14
Rasd1	3.18500162686433e-18	0.264130212517271	0.108	0.022	6.77258745936431e-14
Chek2	4.33789399637892e-18	0.448922281634927	0.279	0.117	9.22409779390014e-14
Nr3c1	5.79495799964581e-18	0.488456363367944	0.75	0.591	1.23223986904469e-13
Zfp503	6.25286566321628e-18	0.465570534539635	0.375	0.178	1.32960935462631e-13
Zdhhc2	8.01989287115184e-18	0.331057522526675	0.238	0.084	1.70535002012173e-13
Dmd	8.23889669097648e-18	0.369883928642058	0.292	0.119	1.75191899236924e-13
Castor1	1.13810005751735e-17	0.328893098000769	0.204	0.068	2.42005596230488e-13
Lars2	1.1443565011104e-17	0.82182907279259	0.921	0.956	2.43335966396115e-13
Tubb4b	1.16118131800479e-17	0.623700241768588	0.688	0.509	2.46913595460538e-13
Gadd45g	1.59977233355405e-17	0.923415662603486	0.533	0.325	3.40175589006933e-13
Kmt2e	1.77925480042148e-17	0.576267019435669	0.787	0.694	3.78340740761624e-13
Kcna2	2.52318960389548e-17	0.929541773693244	0.183	0.056	5.36531037372335e-13
Cdh19	2.54132210707456e-17	0.435984143260021	0.162	0.044	5.40386732848334e-13
Elf2	2.79145854355515e-17	0.497456920443299	0.604	0.435	5.93575744701567e-13
Ppia	3.03071524239087e-17	0.335119103125873	1	0.993	6.44451289141994e-13
Erc1	3.17967938844486e-17	0.428262266848337	0.283	0.124	6.76127025158916e-13
Cdc42ep3	3.27790978602135e-17	0.550124775452002	0.504	0.301	6.97014736899579e-13
Ccdc28b	4.35384834825983e-17	0.401002711435417	0.412	0.221	9.2580231277397e-13
Arl6ip5	4.47105135549102e-17	0.518903760276861	0.742	0.606	9.50724360231611e-13
Ncoa7	4.52430648759704e-17	0.726732006879307	0.512	0.348	9.62048531522636e-13
Tax1bp3	4.65464139560472e-17	0.540158735333547	0.562	0.389	9.89762946361387e-13
Smtn	4.68897826350258e-17	0.379548795205228	0.317	0.142	9.97064337951188e-13
Pde2a	4.84395904005305e-17	0.511623521906463	0.225	0.081	1.03001945027688e-12
Mbd2	5.07515321122147e-17	0.445031833519247	0.804	0.703	1.07918057883413e-12
Zhx3	6.39161039704701e-17	0.354754514895811	0.242	0.093	1.35911203482808e-12
Trove2	6.71025508527819e-17	0.546891609451946	0.396	0.211	1.42686864133355e-12
Scn1b	7.39609079569048e-17	0.493072663940303	0.417	0.217	1.57270474679562e-12
Abhd17a	8.79457033604207e-17	0.56659193524097	0.646	0.525	1.87007743625599e-12
Sostdc1	9.00331772270306e-17	0.550138508798547	0.162	0.046	1.91446548055558e-12
Ywhaq	1.55987050652861e-16	0.517163991517755	0.833	0.741	3.31690864508244e-12
Lats2	1.61732693783817e-16	0.464853194496222	0.446	0.261	3.43908400061909e-12
Cfl2	1.62991437099485e-16	0.445217820275549	0.617	0.407	3.46584991848346e-12
Imp3	1.85964266028962e-16	0.542092395859186	0.617	0.483	3.95434415283984e-12
Lxn	1.88948531876675e-16	0.560580173949921	0.4	0.23	4.01780158182562e-12
Plekhg2	1.9266948045853e-16	0.382514572157251	0.271	0.114	4.09692383247018e-12
Ddit4	2.05389272587417e-16	0.45819734319487	0.367	0.179	4.36739749229884e-12
Klf4	2.29357412237425e-16	0.777709700660478	0.729	0.549	4.87705601381661e-12
Jund	2.58329446718757e-16	0.61829939423225	0.963	0.963	5.49311735502765e-12
Cyp2j9	2.75177410086368e-16	0.269865308639301	0.167	0.05	5.85137244807653e-12
Thra	2.89144667107831e-16	0.479225706177367	0.508	0.301	6.14837220138092e-12
Apc	3.69702884792296e-16	0.52387632051545	0.537	0.363	7.86136214222338e-12
Zfpm1	3.70885704208184e-16	0.403968576555579	0.262	0.111	7.88651361428282e-12
Rasa4	3.76554835583078e-16	0.91094053753484	0.367	0.199	8.00706202383857e-12
Itpr2	4.15800417544775e-16	0.529513944999995	0.483	0.305	8.84158007867211e-12
Trip10	4.26832186984971e-16	0.409030600897077	0.329	0.16	9.07615962404843e-12
Ntf3	4.63304074180835e-16	0.261518179035506	0.162	0.05	9.85169783338127e-12
Ptprz1	4.94964047598999e-16	0.384916163940619	0.15	0.041	1.05249155081451e-11
Sox10	5.08995066170132e-16	0.358424257461592	0.154	0.043	1.08232710870417e-11
Klk8	5.46933253905232e-16	0.320437571181545	0.221	0.08	1.16299887110408e-11
Map1lc3a	6.7374946916222e-16	0.471512416527327	0.675	0.469	1.43266087122654e-11
Cdipt	8.24334277244276e-16	0.521306359790253	0.537	0.39	1.75286440713223e-11
Inf2	8.55348615589814e-16	0.378038700964958	0.304	0.141	1.81881329619018e-11
Smad5	8.58822168178491e-16	0.461086372187923	0.429	0.248	1.82619945841474e-11
Bambi	9.26233531801142e-16	0.311438290232598	0.233	0.09	1.96954298202195e-11
Xiap	9.63775223436747e-16	0.571301766317273	0.688	0.582	2.0493716351159e-11
Peg13	1.20145801933271e-15	0.375855631505545	0.279	0.121	2.55478033230907e-11
Fez2	1.83258423065205e-15	0.543817213603184	0.517	0.361	3.89680710805852e-11
Rnf144b	1.91267453878518e-15	0.378431545611559	0.196	0.07	4.0671111392728e-11
Klhl5	2.00138058294185e-15	0.48845933363765	0.412	0.242	4.25573567156755e-11
Git2	2.39174516755316e-15	0.516334490359196	0.617	0.466	5.08580692428504e-11
Zdhhc18	2.51129934706517e-15	0.425430123519931	0.383	0.209	5.34002693159938e-11
Pik3c2a	2.81311529912612e-15	0.530296060434567	0.533	0.375	5.98180837206178e-11
Cables2	2.8661491484482e-15	0.322724583889037	0.225	0.089	6.09457954926025e-11
Slc39a10	2.91980161200305e-15	0.526879074506788	0.396	0.228	6.20866614776329e-11
Mob2	3.85095015510887e-15	0.447454275479499	0.379	0.211	8.18866040982349e-11
Mylk	4.00820289987009e-15	0.311754226396632	0.454	0.249	8.52304264628376e-11
Sec14l1	4.6277648217238e-15	0.550022147040562	0.608	0.462	9.84047911691349e-11
Plp1	4.72030282634237e-15	0.767610686486636	0.179	0.058	1.00372519299344e-10
Chmp2b	4.80640134281847e-15	0.523606226330365	0.537	0.39	1.02203318153692e-10
Mtch1	4.97736855435094e-15	0.470661912862756	0.733	0.646	1.05838764939718e-10
Stim2	5.38475044175637e-15	0.529673624215591	0.425	0.259	1.14501333393508e-10
Gm37033	5.55878664698381e-15	0.451604453169652	0.346	0.172	1.18202039261464e-10
Fam84b	6.00237307753696e-15	0.408720433428226	0.25	0.107	1.27634461120746e-10
Phactr2	7.28519873237727e-15	0.565758423507633	0.454	0.297	1.5491246584527e-10
Adam11	8.60562816831753e-15	0.281348126955753	0.138	0.038	1.82990077371104e-10
H2-K1	8.80858775287443e-15	0.324942905352528	0.992	0.968	1.87305809977122e-10
Mtmr11	9.29567618262745e-15	0.28126677062804	0.171	0.057	1.9766325834739e-10
Cox7a2l	9.95117968723258e-15	0.467644554670077	0.85	0.775	2.11601884869314e-10
Tef	1.12701043236077e-14	0.401966914537891	0.354	0.179	2.39647498337195e-10
Nkx2-3	1.17262482936715e-14	0.531890975546367	0.317	0.154	2.4934694371663e-10
Tacc1	1.22823080623317e-14	0.523025392456622	0.758	0.674	2.61170998637421e-10
Synpo	1.46904909607533e-14	0.416327549264261	0.267	0.121	3.12378599789457e-10
Slitrk6	1.48475475344076e-14	0.265592388784046	0.121	0.031	3.15718250771643e-10
Lama5	1.54697774046385e-14	0.312494017015474	0.217	0.085	3.28949346732232e-10
CT010467.1	1.57394199762464e-14	1.2672561076126	0.658	0.523	3.34683026374903e-10
Mir6236	1.61959288835985e-14	0.902953262355726	0.679	0.565	3.44390231780838e-10
Nav1	1.72089834091739e-14	0.560753637656034	0.546	0.378	3.65931823212673e-10
Inka1	1.77417093804816e-14	0.265537915577621	0.179	0.061	3.7725970826656e-10
Aldh2	1.77815518518603e-14	0.575436611356533	0.733	0.642	3.78106918577957e-10
Eef2	1.83492678303263e-14	0.394979586436117	0.988	0.951	3.90178831144058e-10
Tubb5	1.87215105456882e-14	0.3979471498952	0.887	0.8	3.98094200243514e-10
Ldlrad3	2.62154704299949e-14	0.290854388369398	0.212	0.081	5.57445763223412e-10
Ipo11	2.91097772907169e-14	0.378951885675117	0.325	0.163	6.18990304309805e-10
Eif4g2	2.9559700349885e-14	0.386750765523669	0.963	0.925	6.28557468239955e-10
Siah1a	3.02658117483077e-14	0.380182770796276	0.333	0.172	6.43572221016014e-10
Lipe	3.18898383702258e-14	0.444125071468894	0.333	0.178	6.78105523104481e-10
Tacc2	3.25028518442377e-14	0.358675895935213	0.271	0.124	6.9114064161587e-10
Sntb2	5.05425720584661e-14	0.493107405256418	0.529	0.354	1.07473725225122e-09
Ano6	5.08723888469291e-14	0.479072667109654	0.588	0.423	1.0817504764411e-09
Gpr37l1	5.13272398245561e-14	0.481502084757968	0.15	0.045	1.09142242762936e-09
Nrn1	5.40926294224879e-14	0.253827686235324	0.146	0.043	1.15022567203978e-09
Dock4	6.41094375960988e-14	0.497664662263248	0.417	0.259	1.36322308104344e-09
Hook3	7.9300207421443e-14	0.497967482461465	0.671	0.568	1.68623961060956e-09
Cebpg	8.05674384830768e-14	0.533415912198905	0.542	0.409	1.71318601190415e-09
Mtus1	1.02888562145864e-13	0.405563950594891	0.429	0.261	2.18782238546965e-09
Gm26532	1.07334147503967e-13	0.82494325712732	0.571	0.405	2.28235331252435e-09
Midn	1.08186912903265e-13	0.51878165800178	0.6	0.456	2.30048651597503e-09
Map1b	1.10963024242023e-13	0.393278122440821	0.367	0.19	2.35951774748238e-09
Arglu1	1.14352766668379e-13	0.544002320575328	0.754	0.702	2.43159723043641e-09
Gpr146	1.45247361510129e-13	0.602974377724239	0.512	0.376	3.08853989515138e-09
Ptpn12	1.63560379737962e-13	0.418875920220078	0.575	0.413	3.47794791474803e-09
Scd2	1.66183760204473e-13	0.536796075032242	0.562	0.375	3.53373147698791e-09
Selenof	1.67174594293323e-13	0.413047245038695	0.892	0.858	3.55480057305322e-09
Ifitm2	1.77624011266094e-13	0.323777358172357	0.996	0.91	3.77699697556223e-09
Ajap1	1.84580177899231e-13	0.272634866692533	0.117	0.031	3.92491290284925e-09
Dag1	1.92535762409187e-13	0.424554851456948	0.579	0.376	4.09408045186894e-09
B230219D22Rik	2.14521782853886e-13	0.465341883919955	0.729	0.635	4.56159119060502e-09
Lrg1	2.56407817258004e-13	1.42083691193714	0.267	0.123	5.45225582617419e-09
Pik3ip1	2.97552911598993e-13	0.368827564738663	0.3	0.145	6.32716511224099e-09
Ddx50	3.17575385790392e-13	0.485948881128862	0.637	0.538	6.7529230034469e-09
Gabarapl2	3.39144006967574e-13	0.393454638816233	0.762	0.658	7.21155816415848e-09
Tmem30a	4.26004766040277e-13	0.424268617887306	0.738	0.652	9.05856534508046e-09
Iqgap1	4.4535888045766e-13	0.365676739139489	0.946	0.896	9.47011123405168e-09
Foxd3	4.62367622078411e-13	0.35182311416214	0.125	0.035	9.83178511587532e-09
Il6st	4.66841647778798e-13	0.330882867201515	0.762	0.546	9.92692079836837e-09
Egln1	4.90693883881127e-13	0.525071259628979	0.592	0.477	1.04341147468483e-08
Aida	5.13065937117651e-13	0.49588919870225	0.488	0.338	1.09098340868697e-08
Ralb	5.44194206823313e-13	0.545356643204004	0.617	0.504	1.15717456138909e-08
1700025G04Rik	6.3938263016143e-13	0.454385869961046	0.421	0.261	1.35958322477526e-08
Arhgap5	6.76099553810422e-13	0.566296052627545	0.592	0.433	1.43765809122248e-08
Zfp664	6.9514720123126e-13	0.417485568262571	0.429	0.277	1.47816100869815e-08
Adrb2	7.6940285275937e-13	0.336274297557677	0.333	0.17	1.63605822610752e-08
Rsu1	7.97822352192184e-13	0.406025052548831	0.683	0.578	1.69648944970146e-08
Pros1	8.34530542123043e-13	0.402270255944611	0.454	0.276	1.77454574477044e-08
Pdlim4	9.39015833178203e-13	0.552708637465965	0.562	0.398	1.99672326767013e-08
Piezo1	1.00815855398927e-12	0.487057494428434	0.412	0.264	2.14374834920279e-08
Dpysl2	1.28998706885663e-12	0.472685850049119	0.721	0.609	2.74302850321675e-08
Jag1	1.3703557003247e-12	0.429203937408	0.15	0.051	2.91392436117044e-08
Mtmr10	1.46217093434529e-12	0.364818482085983	0.267	0.129	3.10916027479183e-08
Rbm39	1.6584516233446e-12	0.35807812135845	0.933	0.947	3.52653153187997e-08
Tecpr1	1.77601264060413e-12	0.454693597145764	0.362	0.205	3.77651327898062e-08
Sipa1l2	1.87560797068146e-12	0.351176023200617	0.271	0.13	3.98829278885705e-08
Pear1	1.99463523922852e-12	0.325136240882911	0.262	0.125	4.24139237269552e-08
4930402H24Rik	2.47892706651347e-12	0.382442385807558	0.354	0.202	5.27119051423424e-08
Tcf12	2.82532262776624e-12	0.437997152296447	0.542	0.402	6.00776603568213e-08
Rtn3	3.032442583185e-12	0.424748921536407	0.754	0.669	6.44818590888458e-08
Afap1	3.06943137185666e-12	0.392093979990692	0.317	0.168	6.526838869116e-08
Atxn1	3.3674840164623e-12	0.478941925569966	0.408	0.26	7.16061801260543e-08
Myo18a	3.39483929727097e-12	0.440287753314425	0.458	0.311	7.21878628171699e-08
Map4k5	3.82160692831887e-12	0.358365772880044	0.283	0.144	8.12626497237725e-08
Rbm18	4.63214625251081e-12	0.460645844519388	0.367	0.218	9.849795791339e-08
Adam10	4.71646516143858e-12	0.415900231995558	0.713	0.616	1.0029091519283e-07
H2-Q6	5.08603587932724e-12	0.403146315629008	0.325	0.177	1.08149466938015e-07
S100b	5.11841622402642e-12	0.311505400904226	0.154	0.052	1.08838002587698e-07
Ryk	5.38513021386175e-12	0.360007699166987	0.417	0.244	1.14509408867556e-07
Tmem109	5.46091189416637e-12	0.430277232461678	0.537	0.396	1.16120830517554e-07
Paqr4	5.9138657653302e-12	0.268252988605068	0.217	0.094	1.25752441633981e-07
March2	6.97962241726699e-12	0.414367688725912	0.55	0.426	1.48414691080765e-07
Nfat5	7.19571759423254e-12	0.426044557318378	0.55	0.395	1.53009738923761e-07
Fas	7.34176818008231e-12	0.490515544436765	0.375	0.235	1.5611535858127e-07
Atp9a	7.35896324590812e-12	0.316575509801637	0.304	0.158	1.5648099446099e-07
Cyb5r1	7.43982876075736e-12	0.399610706710991	0.296	0.16	1.58200518768744e-07
Prpf40b	7.71891837523051e-12	0.257297842580224	0.142	0.048	1.64135080330902e-07
Glce	7.94006808940438e-12	0.291361118016864	0.212	0.092	1.68837607853095e-07
Acyp2	8.85407880221174e-12	0.301200393201118	0.283	0.141	1.8827313165023e-07
Inpp1	8.87806131665383e-12	0.389397415284544	0.292	0.157	1.88783095837327e-07
Nectin3	9.4431930361976e-12	0.29309320024785	0.217	0.095	2.00800056721706e-07
Vezf1	1.00745020978756e-11	0.414564760165424	0.537	0.404	2.14224212609226e-07
Lrp5	1.03233167021983e-11	0.296789593523591	0.238	0.109	2.19515006355545e-07
Ier2	1.08065459649405e-11	0.602936903501646	0.846	0.745	2.29790393398494e-07
Abca8b	1.08710364801181e-11	0.369180158027226	0.162	0.059	2.31161719713231e-07
Enah	1.10316244767973e-11	0.397792031031261	0.267	0.132	2.34576462874617e-07
S1pr4	1.10834130821853e-11	0.283935008737029	0.138	0.046	2.35677695779589e-07
Stx12	1.12937705708143e-11	0.44555776088422	0.537	0.413	2.40150737417796e-07
Lrrfip1	1.2267821355793e-11	0.382728049907353	0.65	0.528	2.60862953309582e-07
Cdc42ep4	1.23883245047823e-11	0.345118776012232	0.267	0.132	2.63425332269692e-07
Gatad2a	1.3291995537133e-11	0.470007889587434	0.546	0.425	2.82640993101597e-07
Kbtbd2	1.39935098980143e-11	0.44899054877808	0.35	0.21	2.97557994471375e-07
Rarg	1.5246710802961e-11	0.355323568068897	0.317	0.175	3.24206058514162e-07
Gsk3b	1.85951640818164e-11	0.482649526972396	0.75	0.691	3.95407569035745e-07
Ybx3	1.97594858125537e-11	0.382844073744253	0.758	0.619	4.20165706318142e-07
Cast	2.00628044911353e-11	0.484011557410921	0.713	0.624	4.26615474699501e-07
Cr1l	2.14153685462789e-11	0.475101721816836	0.546	0.435	4.55376396768075e-07
Kcna1	2.35888113230844e-11	0.785739217878388	0.167	0.062	5.01592483974067e-07
Zcchc14	2.36165002998858e-11	0.380645800610041	0.308	0.167	5.02181262376772e-07
H2afv	2.51863544982173e-11	0.360920612024285	0.688	0.572	5.35562642050092e-07
Rgs5	2.54055768409325e-11	0.807593293290092	0.296	0.154	5.4022418594559e-07
Ptprk	2.67863795214538e-11	0.284562854710918	0.221	0.101	5.69585574144193e-07
Zbtb46	2.83421556444632e-11	0.281044169373257	0.167	0.065	6.02667597623866e-07
Ginm1	3.13672587768641e-11	0.405718119410744	0.483	0.349	6.66993390631239e-07
Akt3	3.21250019631923e-11	0.318512005860952	0.25	0.123	6.83106041745322e-07
Hip1	3.23768232050935e-11	0.483032181360179	0.592	0.463	6.88460768633109e-07
Mier1	3.31707183992217e-11	0.392315717955684	0.704	0.634	7.05342156041051e-07
Tom1l2	3.33957141475464e-11	0.284465102226975	0.229	0.106	7.10126465633427e-07
Art3	3.41715842670573e-11	0.278620100403766	0.154	0.054	7.26624567854706e-07
Vamp3	3.66228890488173e-11	0.436523973390216	0.588	0.472	7.7874911273405e-07
Ifit3	3.71081180577189e-11	0.38174058940086	0.25	0.119	7.89067022379334e-07
Arpc1a	3.82003779564291e-11	0.412522497781907	0.621	0.531	8.12292836865508e-07
Pkd2	4.70452084022383e-11	0.406330251635971	0.425	0.27	1.00036931146519e-06
Rnpepl1	4.99413077714916e-11	0.379290921200572	0.462	0.324	1.061951968453e-06
Atrx	5.07915791816578e-11	0.42111965972632	0.821	0.754	1.08003213971877e-06
Ifi35	5.10721312564508e-11	0.47889060970645	0.562	0.453	1.08599779903717e-06
Erf	5.64068029890215e-11	0.363445117075068	0.288	0.154	1.19943425875855e-06
Rbfox2	5.86860455042447e-11	0.302328794970501	0.367	0.209	1.24790007160226e-06
Thbs1	6.01350421374868e-11	0.634878702641231	0.567	0.393	1.27871153601152e-06
Ypel2	6.97186097915464e-11	0.365766108134391	0.238	0.116	1.48249651860744e-06
Sertad1	7.22673353834834e-11	0.570494103268128	0.475	0.349	1.53669261959439e-06
Frmd4a	7.53761241524406e-11	0.428431353035148	0.438	0.292	1.6027979039775e-06
Smarca2	7.56176370834582e-11	0.453913007427805	0.529	0.403	1.60793343494266e-06
Tmed5	7.67207201119708e-11	0.432156903003864	0.758	0.689	1.63138939246095e-06
Pkig	7.93106001272189e-11	0.440525857589282	0.496	0.367	1.68646060110518e-06
Mgat4b	8.50095622550879e-11	0.429988937843813	0.4	0.268	1.80764333179219e-06
Gbp9	8.81893125460312e-11	0.347343908962215	0.442	0.291	1.87525754197881e-06
Tpst2	9.12287549544654e-11	0.412748202769309	0.525	0.402	1.93988824535175e-06
Cd38	9.4134543106029e-11	0.260833040278416	0.637	0.42	2.0016769246066e-06
Dmwd	9.82735444590395e-11	0.283235865778939	0.208	0.094	2.08968864937702e-06
Nbdy	1.30098300142455e-10	0.386353398820988	0.417	0.286	2.76641025422917e-06
Arhgap23	1.40400581353865e-10	0.326317413964075	0.238	0.119	2.98547796190858e-06
Sorbs3	1.43537470828631e-10	0.327027875679748	0.25	0.128	3.05218077970002e-06
Capns1	1.47452387567569e-10	0.329124399334774	0.925	0.829	3.13542756923679e-06
Plekhb1	1.48120202835758e-10	0.330508169324206	0.179	0.073	3.14962799309956e-06
Gnaq	1.53726503986877e-10	0.465460406893068	0.588	0.488	3.26884038077696e-06
Map3k20	1.57821371045098e-10	0.375885470357234	0.325	0.19	3.35591363390295e-06
Zfyve9	1.59490237317258e-10	0.303675566556608	0.271	0.142	3.39140040631417e-06
Sema6d	1.64423723910459e-10	0.308934258517708	0.288	0.15	3.49630606523201e-06
Gulp1	2.007254323928e-10	0.313176159417442	0.271	0.139	4.2682255944005e-06
Bhlhe40	2.05921608856058e-10	0.519512486398868	0.654	0.511	4.37871709071521e-06
Parp14	2.06164325754341e-10	0.477291399284222	0.65	0.543	4.3838782228403e-06
C2cd2	2.08975612381117e-10	0.263766171662717	0.192	0.084	4.44365742167208e-06
Pink1	2.18164554748783e-10	0.404773357264167	0.362	0.225	4.63905109217812e-06
Ankrd12	2.2585064185074e-10	0.498308040855941	0.637	0.56	4.80248804831415e-06
Zfp46	2.26495464610213e-10	0.278310892817725	0.171	0.07	4.81619955947156e-06
Rgmb	2.27609509778355e-10	0.354266589310274	0.358	0.215	4.83988861592695e-06
Plpp6	2.31622800351692e-10	0.319882848033498	0.225	0.111	4.92522722667837e-06
Ptpn14	2.3999096897202e-10	0.341103949720003	0.25	0.127	5.10316796422103e-06
Mndal	2.50409913106128e-10	0.374308989900048	0.796	0.68	5.3247163922887e-06
Ephx1	2.53162699298495e-10	0.379231678627413	0.362	0.214	5.38325163788319e-06
Wee1	2.66980199033076e-10	0.322321873916415	0.167	0.068	5.67706695223934e-06
Fus	2.69368103753712e-10	0.341436517058602	0.879	0.852	5.72784335821893e-06
Ifi27	2.88742290385179e-10	0.321663515997873	0.725	0.565	6.13981606275046e-06
Snx11	3.0851419688848e-10	0.301556020774413	0.225	0.109	6.56024588263664e-06
Fam129b	3.46212846148097e-10	0.371662969629231	0.354	0.219	7.36186996049313e-06
Cnbp	3.56128698222594e-10	0.333758596685915	0.867	0.841	7.57272063900524e-06
Tnfsf12	4.10943985556278e-10	0.416321265332672	0.5	0.367	8.7383129088687e-06
Anxa7	4.35315011012438e-10	0.38458110749875	0.525	0.412	9.25653839416849e-06
Zbtb4	4.64513141351118e-10	0.397601881317639	0.4	0.261	9.87740743769017e-06
Chrnb1	4.77339778426945e-10	0.276754052630507	0.154	0.061	1.01501530484706e-05
Xaf1	5.05397013245427e-10	0.417953466840354	0.504	0.38	1.07467620896508e-05
Sema3b	5.76190818753553e-10	0.314653242323328	0.154	0.059	1.22521215699755e-05
Eef1a1	5.85987814060888e-10	0.258015318472091	1	0.998	1.24604448781907e-05
Rab13	6.23077153912715e-10	0.363509071647565	0.267	0.148	1.32491126008e-05
Stard13	6.4744251517108e-10	0.305670101940858	0.229	0.111	1.37672176425978e-05
Tcf3	6.884235624713e-10	0.48115535710984	0.35	0.23	1.46386386323897e-05
Atf7	6.93175004806331e-10	0.433017133485469	0.433	0.309	1.47396733022018e-05
Phc2	7.05011270752841e-10	0.419512469492877	0.467	0.356	1.49913596612884e-05
Pvr	7.6607731112018e-10	0.376217173313022	0.329	0.196	1.62898679436595e-05
Sp100	7.90142594932576e-10	0.451468117395838	0.65	0.568	1.68015921386463e-05
Ndufa8	7.92739022038282e-10	0.435705791060156	0.729	0.69	1.6856802564622e-05
Smurf2	8.64058050938672e-10	0.377354901518313	0.392	0.261	1.83733303951599e-05
Stx6	9.2689726027506e-10	0.367364844477738	0.354	0.226	1.97095433424889e-05
Rcan1	1.11356526034088e-09	0.639204757055759	0.238	0.123	2.36788516958885e-05
Gabpb1	1.20791168297503e-09	0.31849729065091	0.25	0.132	2.56850340267811e-05
Wasl	1.4019176096367e-09	0.372352547098075	0.462	0.334	2.98103760513148e-05
Sri	1.6093243259983e-09	0.329981488552936	0.817	0.751	3.42206724680278e-05
Creb3l2	1.63729588738805e-09	0.393877629043406	0.396	0.264	3.48154597494194e-05
Rell1	1.76151534510304e-09	0.374068765673616	0.379	0.25	3.74568622982711e-05
Ubxn2a	1.80156278074365e-09	0.37107545642008	0.467	0.34	3.83084309697329e-05
Anxa5	1.80746501292434e-09	0.309978938284394	0.908	0.834	3.84339360348231e-05
Tmx3	1.81071942792946e-09	0.463573769194847	0.542	0.463	3.8503137915492e-05
Pttg1ip	1.91536402860176e-09	0.378922291110332	0.604	0.516	4.07283007041878e-05
Marveld1	1.98273293775158e-09	0.358861501534914	0.308	0.179	4.21608331883497e-05
Calu	2.00176037692911e-09	0.348583738238237	0.621	0.499	4.25654326550207e-05
Pck2	2.03282456527869e-09	0.314669207888437	0.279	0.157	4.32259815560861e-05
Anapc5	2.31467401132888e-09	0.40674541485335	0.604	0.518	4.92192281768974e-05
Gstm1	2.41679067565191e-09	0.280538960459127	0.529	0.373	5.13906369270622e-05
Eif4a2	2.46649423494081e-09	0.426663687233998	0.7	0.644	5.24475334117814e-05
Tmem123	2.94128230183227e-09	0.337373952416292	0.6	0.493	6.25434268661615e-05
Fam117b	3.02465623105639e-09	0.417293821908247	0.388	0.257	6.4316290097183e-05
Ptma	3.0944113245089e-09	0.281309026397026	1	0.991	6.57995624043572e-05
Lgalsl	3.47275799439261e-09	0.324803369798609	0.233	0.12	7.38447259927644e-05
Dennd5a	3.72999217352451e-09	0.360271024239373	0.537	0.429	7.93145535778252e-05
Hoxb4	3.87268673500694e-09	0.34705288909828	0.292	0.17	8.23488107331877e-05
Phf20l1	3.94038781193418e-09	0.412431969790257	0.596	0.511	8.37884064329683e-05
Igf1r	4.0338451066183e-09	0.44429689760122	0.408	0.283	8.57756823471315e-05
Phactr4	4.25444454698481e-09	0.40939324586037	0.388	0.266	9.04665088470851e-05
Slc41a1	4.56916850237343e-09	0.265679553029148	0.25	0.133	9.71587990344687e-05
Camsap2	4.64424827205968e-09	0.331404251245388	0.325	0.201	9.8755295257077e-05
Lbr	4.83108354600029e-09	0.389205169521848	0.562	0.447	0.00010272816052215
Abca3	4.8516736166169e-09	0.376315223364998	0.371	0.251	0.000103165987783742
Katnbl1	4.94729345205781e-09	0.360604259588612	0.279	0.163	0.000105199247964557
Mospd1	5.19279998343894e-09	0.348679901282071	0.242	0.132	0.000110419698847846
Sgms1	5.2709348684336e-09	0.394576139067854	0.383	0.257	0.000112081159042372
Plat	5.41483271762981e-09	0.366773340052087	0.317	0.178	0.00011514100290768
Nedd4l	5.48555752549811e-09	0.303540846788661	0.238	0.125	0.000116644895222192
Rapgef2	5.75864530619363e-09	0.386931688972078	0.408	0.29	0.000122451833790901
Rexo2	5.79675711648027e-09	0.331246184269042	0.758	0.666	0.000123262243324837
Lman1	5.87036153234249e-09	0.346140472571327	0.679	0.596	0.000124827367623731
Ndel1	6.80356374181531e-09	0.385047136176222	0.579	0.484	0.000144670979405961
Map3k11	6.95533998202319e-09	0.376965032142769	0.354	0.231	0.000147898349377741
Lurap1l	7.85367314311695e-09	0.314194115988364	0.188	0.09	0.000167000505715239
Pnkd	8.37137443064398e-09	0.357238008330215	0.504	0.397	0.000178008905893214
Lgals9	8.63140208969562e-09	0.391001165658068	0.654	0.564	0.000183538134035288
Grk5	9.18876914727122e-09	0.30661185723318	0.229	0.121	0.000195389987147575
Dynlt3	9.39751778835764e-09	0.426596174468358	0.554	0.466	0.000199828818251637
Hspa2	1.06370307647505e-08	0.321886522208453	0.238	0.128	0.000226185822181654
Nr1d2	1.06561667064346e-08	0.35761212237799	0.362	0.235	0.000226592728845625
Capn2	1.07325059112293e-08	0.389796800063821	0.496	0.399	0.00022821600569638
Srpr	1.12267624204334e-08	0.2582505827438	0.688	0.598	0.000238725876108095
Tead1	1.125467938695e-08	0.266717651036308	0.329	0.196	0.000239319502484105
Ctnnal1	1.20122820284536e-08	0.309601778196616	0.225	0.116	0.000255429165053038
Pgrmc1	1.32461837984859e-08	0.31834186561272	0.525	0.394	0.000281666852291005
Gpm6b	1.39048712443958e-08	0.51379714710069	0.188	0.087	0.000295673182140833
Lgi4	1.49283336237373e-08	0.294309062769827	0.154	0.064	0.00031743608617515
Aaed1	1.55289099994096e-08	0.456469176879978	0.392	0.274	0.000330206742227445
Egr1	1.617235833224e-08	0.639430776018661	0.7	0.633	0.000343889027576752
Igf2r	1.658572187067e-08	0.38863978993878	0.371	0.248	0.000352678789857927
Nbea	1.68865452212001e-08	0.263169236741029	0.188	0.088	0.000359075497583599
Taok2	1.77498687210443e-08	0.333274461942916	0.362	0.241	0.000377433208484286
E130102H24Rik	1.89105780355587e-08	0.263310854453847	0.229	0.119	0.000402114531348121
Csnk1e	2.01260055655717e-08	0.366611776696412	0.454	0.336	0.000427959382346317
Gpatch8	2.05018419891447e-08	0.385128543255764	0.525	0.442	0.000435951168057173
Sh3bp4	2.16388018678772e-08	0.279780894040127	0.229	0.124	0.000460127482918542
Tnrc6c	2.53464217448708e-08	0.44845667168982	0.554	0.48	0.000538966311982933
Eml1	2.6129832700601e-08	0.291292259561983	0.217	0.113	0.000555624762545579
Sbds	2.65134200380076e-08	0.390781843702881	0.533	0.463	0.000563781363688193
Pkd1	2.76648539549558e-08	0.294372232322675	0.329	0.206	0.00058826545449818
Pdcl3	3.4982623632046e-08	0.403708269118081	0.546	0.471	0.000743870508911826
Polr2m	3.63604310470069e-08	0.389720159119792	0.567	0.509	0.000773168205783554
Stk25	3.7350167703204e-08	0.32279090110515	0.3	0.187	0.00079421396604093
Dnajc8	4.36137041937289e-08	0.317827873898352	0.746	0.706	0.000927401805975451
Hk1	4.39269647633067e-08	0.320235583809985	0.396	0.286	0.000934062978726953
Slc3a2	4.56473345891278e-08	0.434631835048747	0.771	0.725	0.000970644922703215
Rnf11	4.79145006661435e-08	0.336477291416658	0.521	0.419	0.00101885394216488
Socs3	4.96135869170515e-08	0.742925673385841	0.75	0.718	0.00105498331220418
Elf1	4.9631381958193e-08	0.391062561212039	0.675	0.607	0.00105536170595902
Casp7	5.32950490526696e-08	0.314299113001231	0.271	0.164	0.00113326592305597
Bag5	5.36597442347345e-08	0.41927538700374	0.367	0.261	0.00114102080140739
Atxn7l3b	5.41457634705904e-08	0.319100820825083	0.796	0.759	0.00115135551443864
Arl4d	5.41994466512207e-08	0.29094475903772	0.179	0.088	0.00115249703359156
Scn7a	6.28025380390061e-08	0.977776625218597	0.188	0.09	0.00133543316886143
Malat1	6.56448970534076e-08	0.282082871261132	1	0.997	0.00139587309094366
Endod1	6.91681738782414e-08	0.415234460602677	0.342	0.231	0.00147079204934692
Filip1l	7.10895702949615e-08	0.451378279709187	0.621	0.545	0.00151164862275206
Dusp7	7.11789888490285e-08	0.320317153858102	0.3	0.185	0.00151355001888574
Ywhah	7.35535976074715e-08	0.368343597775758	0.767	0.735	0.00156404369952527
Lrch1	7.4304851365468e-08	0.288095425074479	0.288	0.173	0.00158001835943531
Pnpla2	7.47502843601804e-08	0.337069511613769	0.412	0.302	0.00158949004663488
Gstm2	7.82953468970262e-08	0.257780165265694	0.371	0.224	0.00166487225641837
Txndc12	7.85609514042428e-08	0.314881446151336	0.388	0.275	0.00167052007065982
Gemin7	8.20801870228998e-08	0.361426729074886	0.492	0.403	0.00174535309685494
Col20a1	8.21094859451161e-08	0.309082892191562	0.108	0.04	0.00174597610913695
Ntan1	8.56874625540336e-08	0.328406963122237	0.546	0.481	0.00182205820374897
Ehd3	8.67223326540657e-08	0.280127252138396	0.142	0.061	0.00184406368155605
Vgll4	8.69110468604452e-08	0.391564725411798	0.475	0.392	0.00184807650044051
Traf7	8.70057524285974e-08	0.384878292192445	0.346	0.244	0.0018500903196417
Klc1	8.77204343904596e-08	0.374874419805865	0.429	0.331	0.00186528731687873
Prkce	8.98331812962716e-08	0.293766285437908	0.246	0.14	0.00191021276708392
Kdsr	1.01715526806503e-07	0.329116916278792	0.3	0.191	0.00216287896201347
Ypel3	1.11829397463265e-07	0.287255672107537	0.654	0.557	0.00237794030765886
Cnst	1.1257840976845e-07	0.294643201092979	0.221	0.123	0.00239386730531631
Gle1	1.16975233484659e-07	0.31589102354004	0.292	0.184	0.00248736136481779
Atp1b3	1.17827805888454e-07	0.250119241452758	0.708	0.651	0.00250549046441208
Prrg2	1.20684356188261e-07	0.267890421472792	0.208	0.112	0.00256623214998718
Arhgef10	1.22760714413734e-07	0.280131681465373	0.221	0.12	0.00261038383129364
Samd9l	1.50434890601883e-07	0.418751620673429	0.5	0.42	0.00319884751375845
Phf11d	1.55284694555724e-07	0.347384413384574	0.362	0.252	0.00330197374503292
Egr3	1.6135475080369e-07	0.378331312203424	0.167	0.079	0.00343104742108966
Apod	1.66080452557604e-07	0.506816513638971	0.129	0.052	0.0035315347431849
Slc38a2	1.77368432478953e-07	0.466129398459041	0.767	0.724	0.00377156234823247
Rictor	1.79478651929643e-07	0.316336533228246	0.408	0.304	0.00381643405463192
Clock	1.82680239425147e-07	0.35764036806851	0.408	0.306	0.00388451261113633
Tsnax	2.0230899643665e-07	0.419757741474157	0.383	0.291	0.00430189850022892
Nras	2.27278991348869e-07	0.365310896819276	0.575	0.528	0.00483286047204236
Ankrd50	2.45400851721116e-07	0.264383413975739	0.262	0.155	0.00521820371099782
Cyb5r3	2.58637649988236e-07	0.379492384617784	0.571	0.465	0.00549967098934984
Acvr2a	2.5986902487886e-07	0.294373915518776	0.212	0.118	0.00552585494502408
Mtdh	2.61204165478492e-07	0.322279069712602	0.808	0.807	0.00555424537473465
Gm10033	2.70199353317286e-07	0.250669770161653	0.196	0.103	0.00574551904893878
Irf1	2.7845409114457e-07	0.417336698704943	0.708	0.637	0.00592104779409813
Tmem245	3.01009913435106e-07	0.311772826036529	0.354	0.244	0.0064006747992841
Plscr3	3.05477683217383e-07	0.370036539389979	0.367	0.271	0.00649567745593442
Rsad2	3.05915101244405e-07	0.332352699643444	0.212	0.113	0.00650497871286103
Cdkn2aip	3.19527554272642e-07	0.304233980379668	0.254	0.153	0.00679443391405347
Fyn	3.22750462126026e-07	0.271238621998914	0.529	0.413	0.00686296582664782
Ddx6	4.20862852273648e-07	0.310778710081615	0.762	0.726	0.00894922769074685
Sh3tc1	4.21799108948816e-07	0.293235127049822	0.192	0.103	0.00896913625268762
Scoc	4.42003771737106e-07	0.311710397113102	0.417	0.312	0.00939876820221782
Tbc1d15	4.43396005633342e-07	0.36501208240607	0.433	0.346	0.00942837266378738
Pappa	4.58003018729414e-07	0.289569173889778	0.104	0.04	0.00973897619026227
Kctd2	4.70530017358572e-07	0.324058882001849	0.317	0.218	0.0100053502891127
Stx3	4.73083565370215e-07	0.340561228211167	0.262	0.165	0.0100596489340323
Plp2	4.84782821605994e-07	0.373345038271956	0.479	0.373	0.0103084219186299
Pdia5	5.02916910669589e-07	0.254202891841203	0.15	0.072	0.0106940251884781
Tmpo	5.03420904226905e-07	0.315856554073316	0.55	0.473	0.0107047421074809
Sptlc2	5.2451809574056e-07	0.317982786502433	0.571	0.497	0.0111533527878273
Rad21	5.36871627060963e-07	0.289707042294044	0.571	0.493	0.0114160382778243
Rnf215	5.39815265554148e-07	0.278779548895384	0.279	0.178	0.0114786318067434
Stom	5.68829960983327e-07	0.364758887714989	0.35	0.24	0.0120956002903495
Emp2	5.88041255784012e-07	0.285755723616439	0.333	0.205	0.0125041092629912
Sumo2	5.9172500306075e-07	0.271857424621138	0.908	0.893	0.0125824404650838
Usp46	5.93308189852623e-07	0.36334889767225	0.254	0.158	0.0126161053490262
Dync1h1	5.96369216962684e-07	0.373349772856146	0.683	0.655	0.0126811950294945
Rb1cc1	6.11704827142873e-07	0.363728814682972	0.546	0.495	0.013007291444366
Arhgap18	6.12527179458356e-07	0.335910890054168	0.554	0.448	0.0130247779440025
Sh3pxd2a	6.36764805828708e-07	0.274301765170541	0.292	0.186	0.0135401668311416
Nfic	6.51471640512213e-07	0.328249718408204	0.675	0.589	0.0138528929638517
Ppp1r12a	6.6019947682585e-07	0.329367318591464	0.646	0.612	0.0140384816752249
Nrbp1	6.80174688718051e-07	0.327390698482666	0.583	0.525	0.0144632345809006
Itpripl1	6.8439444722972e-07	0.314442450175815	0.292	0.188	0.0145529635258928
Mta1	7.49617696333365e-07	0.276961320463189	0.321	0.22	0.0159398706948327
Atraid	7.51447204322322e-07	0.279857393027453	0.546	0.464	0.0159787733527099
H2-Q7	7.5988647001716e-07	0.36924641234021	0.546	0.474	0.0161582258984449
Pmepa1	7.81101731118942e-07	0.421220965457126	0.55	0.454	0.0166093472105132
Gm42418	7.84554055187767e-07	0.355152689728564	1	1	0.0166827574295127
Strn3	8.08157262643167e-07	0.319290389079818	0.525	0.444	0.0171846560328443
Anapc16	8.66653530344512e-07	0.330597403191756	0.496	0.411	0.0184285206692457
Ube2r2	9.80219790835301e-07	0.289920481401905	0.671	0.607	0.0208433936323218
Aspa	1.01277717724845e-06	0.292988589527471	0.138	0.061	0.021535693897011
Rps6ka3	1.02337707076002e-06	0.385141060960874	0.517	0.453	0.0217610900326411
Atf4	1.03155875535266e-06	0.345743288362143	0.675	0.619	0.021935065373819
Saraf	1.0587897854345e-06	0.292334190605082	0.637	0.575	0.0225141059974793
Pdcd4	1.16784162793966e-06	0.476774423809902	0.596	0.506	0.0248329843765089
Kmt2a	1.25630092766403e-06	0.394383374476181	0.554	0.504	0.026713982925848
Herc1	1.26979044523066e-06	0.338737233225484	0.525	0.452	0.0270008240273847
Tmem159	1.2847492372445e-06	0.28609786512467	0.346	0.246	0.027318907780767
Aes	1.37971573319819e-06	0.292908650965792	0.717	0.602	0.0293382753507264
Zfp608	1.39162591331595e-06	0.305434730581736	0.3	0.2	0.0295915334207503
Arhgef1	1.49532659401865e-06	0.287846722370345	0.583	0.504	0.0317966246952127
Cnot6l	1.51379826838329e-06	0.380360024790128	0.525	0.462	0.0321894063789023
Tnfrsf1a	1.67206254407573e-06	0.309792071216761	0.713	0.667	0.0355547379372264
Crk	1.69432214802443e-06	0.286459284087591	0.517	0.436	0.0360280661555915
Anxa11	1.70483833926555e-06	0.31781908883812	0.446	0.361	0.0362516824461426
Palm	1.72611325601167e-06	0.330696174521582	0.262	0.17	0.036704072275832
Sema4c	1.78619083965752e-06	0.271520478645941	0.225	0.135	0.0379815620144775
Tra2a	1.80116172257224e-06	0.335377994440037	0.696	0.669	0.0382999028687761
Zfp266	1.857921132389e-06	0.327044516918394	0.338	0.246	0.0395068349591197
Sav1	2.03974647271139e-06	0.301581961395201	0.442	0.354	0.043373168995735
Tbrg1	2.07325536318688e-06	0.271962144531208	0.621	0.521	0.0440857020428057
Pkn2	2.08611832308044e-06	0.290693342856047	0.642	0.584	0.0443592200219825
Rab2a	2.14132214881463e-06	0.285653523423419	0.838	0.816	0.0455330741723942
Ubr1	2.16537203798369e-06	0.33951520680726	0.35	0.255	0.0460444710156851
Kif1b	2.26423107918022e-06	0.380060496533155	0.512	0.456	0.0481466096676883
