id	p_val	avg_log2FC	pct.1	pct.2	p_val_adj
Sulf1	0	1.03612380381891	0.769	0.115	0
Rdh10	0	0.749300865801033	0.705	0.138	0
Il18r1	0	1.24007995721037	0.817	0.134	0
Col3a1	0	0.65679726829019	0.953	0.274	0
Tmeff2	0	0.343968545165647	0.4	0.035	0
Cavin2	0	1.36916366463092	0.923	0.174	0
Zdbf2	0	0.548192494990089	0.497	0.055	0
Igfbp5	0	1.68670658880003	0.821	0.121	0
Slc23a3	0	0.460405720833026	0.472	0.035	0
Gpr39	0	0.366404544167194	0.446	0.044	0
Cd55	0	1.41424598724754	0.889	0.134	0
Chil1	0	2.73358878900834	0.884	0.159	0
Adora1	0	0.464776476905268	0.494	0.052	0
Prg4	0	1.64646835545663	0.664	0.058	0
Fmo2	0	1.75754929312311	0.892	0.14	0
Atp1b1	0	0.98832307001436	0.897	0.19	0
Ildr2	0	1.36620263983274	0.908	0.116	0
F11r	0	1.39137762311242	0.954	0.175	0
Ptpn14	0	0.559549794259247	0.635	0.093	0
Gstp-ps	0	0.773276637825598	0.732	0.174	0
Cd34	0	0.913553445867338	0.886	0.169	0
Bend7	0	0.444345332260371	0.492	0.05	0
Npdc1	0	1.27487876306875	0.959	0.201	0
Clic3	0	0.576107825567644	0.431	0.033	0
Ptgds	0	0.626949082910388	0.515	0.034	0
Lamc3	0	0.367000158504443	0.365	0.026	0
Lcn2	0	1.17739755356234	0.793	0.156	0
Crb2	0	0.401058545291514	0.461	0.043	0
Dpp4	0	0.829722386436805	0.812	0.163	0
Cobll1	0	0.758315525942274	0.762	0.125	0
Lrp2	0	1.04579806183693	0.78	0.061	0
Cybrd1	0	0.81961120848451	0.711	0.079	0
Nckap1	0	0.781597554415027	0.892	0.204	0
Serping1	0	2.16550025365937	0.961	0.23	0
Tnks1bp1	0	0.637551372916852	0.729	0.151	0
Wt1os	0	0.31392941862834	0.391	0.029	0
Wt1	0	1.48913701228421	0.928	0.098	0
Lrrn4	0	2.1358526165013	0.949	0.08	0
Kiz	0	0.782075578610987	0.692	0.131	0
Ninl	0	0.630653347358173	0.635	0.067	0
Procr	0	0.525274213280383	0.574	0.084	0
Nnat	0	0.86163288354925	0.561	0.056	0
Lbp	0	1.22238611962565	0.773	0.127	0
Slpi	0	3.83850345037412	0.961	0.34	0
Ptgis	0	2.19439573374921	0.956	0.177	0
Pard6b	0	0.414934684494122	0.471	0.043	0
Lama5	0	0.375565237613356	0.465	0.061	0
Gata5	0	0.363388035317951	0.413	0.032	0
Nkain4	0	2.30898923116992	0.952	0.129	0
Stk26	0	1.08645405811236	0.867	0.153	0
Gpc3	0	1.70341693722374	0.927	0.121	0
Zfp185	0	0.407721019211867	0.458	0.045	0
Maged1	0	0.871887748794812	0.916	0.244	0
Efnb1	0	0.676767030975718	0.712	0.117	0
Col4a5	0	0.466754662659824	0.588	0.071	0
A730046J19Rik	0	0.362450694148083	0.357	0.027	0
Adgrg2	0	0.32301694060003	0.362	0.033	0
Vegfd	0	0.459364130080433	0.539	0.059	0
Pkia	0	0.486712987530535	0.595	0.096	0
Tm4sf1	0	2.70290269673616	0.958	0.158	0
Kcnab1	0	1.00874731365709	0.808	0.069	0
Tdo2	0	0.968338884665108	0.498	0.047	0
Sfrp2	0	0.847579881434174	0.41	0.043	0
Lrba	0	0.934930222780703	0.821	0.208	0
Npr1	0	0.553790949373702	0.68	0.12	0
S100a16	0	0.805075823269592	0.908	0.218	0
Cgn	0	0.604807357912214	0.601	0.051	0
Anxa9	0	0.37539069378597	0.387	0.039	0
Hmgcs2	0	0.898088681701136	0.599	0.086	0
Vtcn1	0	0.311178979863465	0.38	0.033	0
Slc16a1	0	1.13945125129809	0.889	0.157	0
Gstm2	0	0.910288401119904	0.89	0.179	0
Gpr88	0	0.501144035056797	0.527	0.049	0
Palmd	0	0.823638576890808	0.77	0.095	0
Arhgap29	0	1.73573921023246	0.946	0.173	0
Prss12	0	0.757768232841258	0.692	0.05	0
Slc39a8	0	2.27178697646384	0.931	0.118	0
Ddit4l	0	0.281183284314526	0.298	0.02	0
Gipc2	0	0.600376033817814	0.612	0.056	0
Ptger3	0	0.735840541837071	0.614	0.061	0
Alad	0	1.4107979186788	0.92	0.204	0
Ptprd	0	0.465423924786995	0.524	0.058	0
Lurap1l	0	0.411721855444047	0.502	0.062	0
Nfib	0	1.13410099576816	0.954	0.261	0
Bnc2	0	0.496558845424699	0.558	0.074	0
Adamtsl1	0	1.14979246654104	0.888	0.098	0
Ssbp3	0	1.11953470202513	0.916	0.323	0
Podn	0	0.853916320325446	0.718	0.083	0
Tmem53	0	0.355238604536275	0.472	0.063	0
Gm12840	0	2.91661566127548	0.944	0.205	0
Ptprf	0	1.10310055573659	0.91	0.119	0
Rspo1	0	1.96613214381877	0.945	0.099	0
Gjb5	0	1.00276001781348	0.77	0.061	0
Sytl1	0	0.436638774903188	0.506	0.047	0
Tcea3	0	0.990742332291951	0.859	0.147	0
Wnt4	0	0.494190275243828	0.511	0.067	0
Nbl1	0	1.89393397891237	0.959	0.203	0
Pdpn	0	1.70543094451585	0.954	0.186	0
Fbxo2	0	0.440822876596174	0.383	0.029	0
Espn	0	0.761956907832189	0.711	0.095	0
Smim1	0	1.67773692583168	0.937	0.159	0
Prkcz	0	0.352466952485394	0.49	0.067	0
Steap4	0	1.04629651382704	0.728	0.141	0
Sema3d	0	1.16159999712851	0.8	0.092	0
Sema3c	0	1.40880866000479	0.884	0.1	0
Krtcap3	0	0.4816789666136	0.522	0.048	0
Hs3st1	0	0.435188897451975	0.58	0.093	0
Sod3	0	1.00114838053592	0.797	0.164	0
Pcdh7	0	0.732008972067512	0.736	0.124	0
Igfbp7	0	1.68187709717254	0.969	0.355	0
Slc4a4	0	1.11317842773992	0.881	0.118	0
Shroom3	0	0.489165575508049	0.556	0.074	0
Ptpn13	0	0.505728718563304	0.656	0.121	0
Bicdl1	0	0.521140899250213	0.605	0.077	0
Hspb8	0	0.49869882164108	0.525	0.08	0
Sdsl	0	0.32225431878124	0.37	0.035	0
Ccdc92	0	0.342946199259221	0.424	0.046	0
Adgrd1	0	0.501378183011327	0.684	0.121	0
Cldn3	0	0.485310703509189	0.38	0.033	0
Hspb1	0	2.67699520339194	0.965	0.238	0
Upk3b	0	2.47519895120115	0.957	0.08	0
Cldn15	0	1.70393913376968	0.954	0.092	0
Pcolce	0	1.41633466993623	0.945	0.205	0
Baiap2l1	0	0.979369664984595	0.801	0.098	0
Rasl11a	0	0.740856198129022	0.612	0.076	0
Col1a2	0	0.737356943144196	0.958	0.238	0
Cav1	0	1.51290742898062	0.952	0.188	0
Met	0	0.636146131939337	0.663	0.092	0
Gm20186	0	1.44759004897566	0.803	0.189	0
Plxna4	0	0.89156752124308	0.844	0.18	0
Akr1b8	0	0.581712278298824	0.609	0.077	0
Fam180a	0	0.727640455453262	0.609	0.038	0
Atp6v0a4	0	0.754606063411828	0.651	0.056	0
Arhgef5	0	0.584443228103788	0.707	0.13	0
Atp6v0e2	0	0.697658575168921	0.677	0.089	0
Rarres2	0	3.13016500608356	0.967	0.26	0
Tmem176b	0	2.11750135558959	0.983	0.708	0
Mpp6	0	1.46682719195367	0.933	0.41	0
Nfe2l3	0	0.394273446845251	0.446	0.035	0
Hoxa7	0	0.441625747936266	0.49	0.068	0
Prr15	0	2.1071094509144	0.914	0.106	0
Wipf3	0	1.06784172676288	0.72	0.068	0
Scrn1	0	0.436065809453279	0.522	0.07	0
Il17re	0	0.840502400962407	0.759	0.067	0
Il17rc	0	0.46406764129981	0.583	0.083	0
C1ra	0	2.0660707164308	0.956	0.233	0
C1s1	0	2.36051808305948	0.954	0.173	0
Scnn1a	0	0.467600527048493	0.467	0.048	0
Ntf3	0	0.331128635487663	0.346	0.031	0
Gabarapl1	0	1.38646964717976	0.952	0.322	0
Mgp	0	1.69606004773696	0.963	0.216	0
Mgst1	0	2.48002138641044	0.971	0.37	0
Etfbkmt	0	0.521239462624357	0.596	0.088	0
Bicd1	0	0.9969553828961	0.796	0.123	0
Tmc4	0	0.419491755375084	0.505	0.069	0
Tmem238	0	0.713349269090155	0.775	0.194	0
Zfp579	0	0.617611668319373	0.66	0.097	0
Nectin2	0	0.880975067695462	0.824	0.144	0
Bcam	0	1.8489524005021	0.944	0.138	0
Cyp2s1	0	0.873911846560111	0.758	0.063	0
Ltbp4	0	0.731547336329781	0.886	0.19	0
Lgals7	0	1.90929040018403	0.733	0.08	0
Spint2	0	1.9000619789631	0.974	0.193	0
Syne4	0	0.42174000347369	0.473	0.031	0
Sbsn	0	1.72408984456708	0.877	0.087	0
Dmkn	0	2.52465825423567	0.906	0.151	0
Lsr	0	1.00379279654347	0.89	0.144	0
Rhpn2	0	0.428357863168479	0.494	0.041	0
Saa3	0	3.32839337713799	0.812	0.242	0
Bnc1	0	0.889538573930347	0.778	0.062	0
Serpinh1	0	1.33878899328037	0.959	0.265	0
Folr1	0	0.598857110529118	0.586	0.051	0
Cavin3	0	2.00614088697149	0.958	0.22	0
Apbb1	0	0.561884822867104	0.605	0.09	0
Ppfibp2	0	0.97289747628603	0.817	0.183	0
Parva	0	1.02037992253126	0.907	0.178	0
Sox6	0	0.389885273265093	0.497	0.067	0
Crym	0	0.830801205507131	0.732	0.071	0
Ctf1	0	0.357356220579007	0.448	0.037	0
Cd151	0	1.39840283001001	0.97	0.331	0
Ano1	0	0.918439639954327	0.885	0.115	0
Perp	0	0.633453506683318	0.578	0.054	0
Vnn1	0	0.61600445809611	0.548	0.042	0
Fam184a	0	0.35528976035372	0.442	0.051	0
Gm17455	0	0.635046433023599	0.548	0.04	0
Bicc1	0	1.42763557885359	0.94	0.174	0
Gstt1	0	0.729896435041616	0.763	0.147	0
Col6a2	0	0.589092595855002	0.92	0.2	0
Col6a1	0	0.977970921427858	0.952	0.218	0
Col18a1	0	0.887639177282682	0.859	0.154	0
Bsg	0	1.65602985488899	1	0.857	0
Dcn	0	2.31172903207698	0.963	0.263	0
Gm47101	0	0.409532449228304	0.45	0.04	0
Pawr	0	0.70957142003273	0.654	0.061	0
Csrp2	0	2.34688626568799	0.956	0.245	0
Tspan8	0	0.752394903962683	0.563	0.054	0
Fcor	0	0.775355786711616	0.744	0.114	0
Ctxn1	0	0.554843890190819	0.574	0.062	0
Gas6	0	1.96179876618207	0.97	0.405	0
Star	0	0.535071746147922	0.497	0.046	0
Pdlim3	0	0.621283357041306	0.607	0.075	0
Gpm6a	0	2.32465186930476	0.954	0.086	0
Sh2d4a	0	0.465111473425696	0.507	0.047	0
Isyna1	0	1.01857575297465	0.888	0.262	0
Mt2	0	1.7352112730621	0.923	0.274	0
Kifc3	0	0.666266800124446	0.773	0.144	0
Cdh11	0	1.08881367760191	0.872	0.161	0
Ces2g	0	0.532292522037027	0.616	0.065	0
Smpd3	0	0.890550925330088	0.715	0.114	0
Cdh3	0	0.652307400227169	0.629	0.054	0
Chst4	0	1.21216874837638	0.861	0.064	0
Wfdc1	0	0.670304301496765	0.578	0.077	0
Pcnx2	0	0.403803597808051	0.446	0.036	0
Wnt5a	0	0.830581277909009	0.788	0.134	0
Anxa8	0	1.35595599693589	0.719	0.062	0
Fam213a	0	1.1864934869188	0.882	0.18	0
Fgf9	0	0.808138867856651	0.719	0.077	0
Clu	0	2.32672640733785	0.956	0.139	0
Sorbs3	0	0.486126539562304	0.588	0.097	0
Tsc22d1	0	1.57238110210648	0.965	0.31	0
Lmo7	0	0.640927050119853	0.694	0.084	0
Cldn10	0	1.21799795381005	0.759	0.069	0
Muc16	0	1.9955300615582	0.942	0.076	0
Barx2	0	0.917120922189564	0.593	0.043	0
Cdon	0	0.933838572247365	0.85	0.126	0
Esam	0	1.0294916889254	0.863	0.109	0
AW551984	0	0.495657518659563	0.511	0.05	0
Mpzl2	0	0.737344692894926	0.708	0.066	0
Nnmt	0	1.46689428375513	0.914	0.145	0
Plet1	0	0.709775878853358	0.622	0.071	0
Il18	0	1.14076001517533	0.892	0.201	0
2310030G06Rik	0	0.409487451664826	0.507	0.047	0
Hspb2	0	0.389986788002578	0.51	0.061	0
Cryab	0	1.53269084735341	0.94	0.21	0
Rpp25	0	0.924418848531984	0.759	0.054	0
Loxl1	0	0.917825239685496	0.905	0.174	0
Thsd4	0	0.477339718657303	0.571	0.063	0
Aldh1a2	0	1.53054974234025	0.935	0.142	0
Lrrc1	0	0.890095716194601	0.808	0.099	0
Gsta4	0	1.54822366403171	0.919	0.12	0
Tpbg	0	0.383335492162512	0.446	0.049	0
Plscr2	0	0.760170349190632	0.775	0.104	0
Rbp1	0	0.722486503727588	0.858	0.201	0
Mras	0	0.737716001659547	0.762	0.155	0
Tmem108	0	0.718340328143022	0.629	0.059	0
Plxnb1	0	0.368697595215998	0.416	0.046	0
Nradd	0	0.608413547921735	0.661	0.098	0
Ctdspl	0	1.05897207949283	0.893	0.174	0
Clec3b	0	2.20169353077268	0.94	0.153	0
Rasl10a	0	0.286116670378563	0.327	0.026	0
Aebp1	0	2.13349528513626	0.962	0.19	0
Cobl	0	1.01305105490456	0.82	0.074	0
Efemp1	0	1.73983168482381	0.94	0.15	0
Wwc1	0	0.450500510135588	0.516	0.054	0
Gm12193	0	0.461091092044303	0.328	0.017	0
Adamts2	0	0.632677878310955	0.771	0.112	0
Gpx3	0	1.9059471519289	0.946	0.26	0
Arhgap44	0	0.438481324128382	0.507	0.047	0
Tm4sf5	0	1.26262057879243	0.766	0.067	0
Smtnl2	0	0.495149825959158	0.57	0.066	0
Spns2	0	0.503964885517958	0.566	0.072	0
Slc6a4	0	0.295151039948371	0.282	0.014	0
Rab34	0	0.740112502206934	0.809	0.164	0
Myo1d	0	0.620164543280406	0.698	0.087	0
Tmem98	0	1.78445605930196	0.956	0.099	0
Unc45b	0	0.514356031036796	0.51	0.055	0
Itga3	0	0.551938488851734	0.618	0.076	0
Hoxb7	0	0.427485634954306	0.508	0.069	0
Prr15l	0	1.29156577589142	0.848	0.07	0
Krt19	0	3.26870562169	0.982	0.095	0
Krt14	0	1.19775870119267	0.525	0.046	0
P3h4	0	1.13444453157775	0.884	0.131	0
Cavin1	0	1.51869034459927	0.949	0.238	0
Slc9a3r1	0	2.13589101510762	0.982	0.434	0
Rab40b	0	0.506193390608197	0.565	0.052	0
Hist1h2bc	0	1.44861109564999	0.973	0.332	0
Cmah	0	1.15089965171237	0.833	0.18	0
Serpinb1a	0	1.57917421432969	0.923	0.149	0
Serpinb6b	0	1.57063783374189	0.918	0.181	0
Tubb2b	0	0.558447087907209	0.548	0.089	0
2010001K21Rik	0	0.481589663010856	0.494	0.035	0
Ogn	0	0.649799288223251	0.842	0.155	0
Gas1	0	2.42972757568182	0.959	0.182	0
Plpp1	0	0.713996982998548	0.844	0.184	0
Gpx8	0	1.11158417337336	0.931	0.194	0
Fam84a	0	0.376343154096651	0.379	0.027	0
L3hypdh	0	0.368756223103281	0.473	0.061	0
Rtn1	0	0.827365894682763	0.769	0.16	0
Syne2	0	0.983706547241076	0.91	0.251	0
Flrt2	0	1.20184659675283	0.869	0.152	0
Serpina3n	0	1.25001671054668	0.784	0.112	0
Ahnak2	0	1.04858780879419	0.818	0.132	0
Crip2	0	1.11691328878621	0.911	0.232	0
Crip1	0	2.13990576816733	0.999	0.902	0
Rapgef5	0	0.882402594209403	0.78	0.107	0
Prlr	0	0.646431507802911	0.556	0.061	0
Cmbl	0	0.56118299703625	0.629	0.074	0
Snhg18	0	1.34859806346684	0.939	0.185	0
Sema5a	0	0.856659259593321	0.8	0.127	0
Laptm4b	0	0.837418687486218	0.739	0.171	0
Pkhd1l1	0	1.94390925637747	0.946	0.079	0
Fam84b	0	0.563765572876265	0.621	0.073	0
Slc39a4	0	0.482178884323401	0.528	0.057	0
Apol7a	0	0.463881405441314	0.488	0.038	0
Apol9a	0	0.743033033891428	0.68	0.053	0
Apol9b	0	0.417525384403831	0.454	0.042	0
Tst	0	0.893014226387292	0.75	0.093	0
Lgals2	0	1.96647735579899	0.821	0.072	0
Cyb5r3	0	1.17394554604728	0.971	0.43	0
Arhgap8	0	0.303640199003144	0.392	0.034	0
Cpne8	0	0.570057301943212	0.692	0.138	0
Amigo2	0	0.412226966295965	0.429	0.04	0
Rpap3	0	0.867292772865658	0.807	0.2	0
Krt7	0	2.34651058831912	0.969	0.082	0
Krt8	0	2.51017123270518	0.987	0.091	0
Krt18	0	2.6627975522177	0.974	0.084	0
Igfbp6	0	3.08433408351252	0.969	0.261	0
Smim22	0	0.931203701255426	0.774	0.061	0
Ppl	0	0.765075719110075	0.675	0.065	0
Emp2	0	1.10445016109377	0.881	0.159	0
Pkp2	0	0.388628315558037	0.473	0.049	0
Slc7a4	0	0.419478217356959	0.492	0.045	0
Kng2	0	0.932938051647038	0.676	0.05	0
Heg1	0	0.81983991500794	0.859	0.222	0
Upk1b	0	1.99933015821781	0.948	0.076	0
Ccdc80	0	1.68138195112633	0.935	0.183	0
Cd200	0	1.80709892875745	0.961	0.187	0
Abi3bp	0	0.586410435158026	0.658	0.107	0
Cxadr	0	1.94911734379023	0.962	0.087	0
Gm49708	0	2.02592617904518	0.894	0.117	0
Bace2	0	1.48584169804976	0.925	0.088	0
Ezr	0	1.67073430879308	0.979	0.491	0
Gm26873	0	0.295170067935372	0.352	0.021	0
Msln	0	2.7331537335936	0.957	0.083	0
Mapk13	0	0.576693499017463	0.673	0.126	0
Angptl4	0	1.29156139053354	0.817	0.111	0
Cd320	0	0.635957967568409	0.714	0.148	0
C4b	0	1.87347829759826	0.941	0.254	0
Cfb	0	1.88942100404044	0.932	0.192	0
C2	0	2.0077056815663	0.954	0.103	0
Ddr1	0	0.72399068280649	0.799	0.142	0
AI661453	0	0.379526410657449	0.409	0.038	0
Crb3	0	0.28361632504301	0.316	0.022	0
C3	0	3.23599464778607	0.967	0.559	0
Efna5	0	0.970972888115277	0.872	0.15	0
Arhgap28	0	0.518962718979764	0.578	0.075	0
Rasgrp3	0	0.764812137713584	0.733	0.116	0
Crim1	0	1.00667354608707	0.918	0.265	0
Morn2	0	0.525964228366146	0.641	0.111	0
Dync2li1	0	0.592338170938761	0.656	0.088	0
Epcam	0	1.09672641302595	0.62	0.089	0
Gata6	0	1.20347082684233	0.885	0.092	0
Dsg2	0	1.69671867487918	0.899	0.085	0
Cystm1	0	0.807634552092797	0.818	0.187	0
Fgf1	0	0.937489261857963	0.597	0.078	0
Lvrn	0	0.393562462355974	0.447	0.055	0
Piezo2	0	0.561093439008246	0.655	0.1	0
Rab27b	0	0.383272079159191	0.438	0.052	0
Myo5b	0	1.08930953640211	0.865	0.073	0
Zbtb7c	0	0.914493457538745	0.786	0.073	0
Tmem151a	0	1.35884201340401	0.895	0.069	0
Ltbp3	0	0.878705938753133	0.888	0.214	0
Nrxn2	0	0.568237599103264	0.593	0.065	0
Fth1	0	2.16208847498337	1	0.998	0
Best1	0	0.578868442513945	0.523	0.039	0
Fads3	0	0.597223399133239	0.655	0.102	0
Myrf	0	1.02979948752687	0.872	0.077	0
Tmem132a	0	0.703155073281813	0.693	0.11	0
Anxa1	0	2.09501299337343	0.959	0.439	0
Aldh1a1	0	1.3060230909553	0.892	0.188	0
Kank1	0	0.674600126681878	0.708	0.093	0
Il33	0	0.588403787265836	0.712	0.123	0
Avpi1	0	0.85178780659052	0.807	0.197	0
Slc16a4	2.83401509149284e-307	0.292209714174052	0.342	0.031	6.02624969055038e-303
Hmgn3	9.04875900406522e-307	0.722633513990805	0.809	0.207	1.92412811462443e-302
Ephb1	5.88766572566718e-306	0.275626139584912	0.324	0.027	1.25195323990587e-301
Cd2ap	6.99174229729664e-306	1.55918638387502	0.988	0.692	1.48672408209716e-301
Rhou	2.88821521537965e-305	0.964132893310088	0.884	0.269	6.14150083398329e-301
Tmem176a	3.89492086192319e-305	1.86505587766516	0.975	0.656	8.28215972079346e-301
Nxnl2	5.09087590064191e-305	0.286120472696035	0.408	0.046	1.0825238515125e-300
Ephx1	1.0531161472989e-304	0.89031977531127	0.754	0.178	2.23934617561637e-300
Gsdme	1.4951583858151e-304	0.601704604882573	0.682	0.145	3.17930479159723e-300
Apol11b	2.33688586769653e-304	0.260145976699499	0.251	0.014	4.9691541090699e-300
Efna1	2.61116198950716e-304	0.33089074471958	0.463	0.06	5.55237485448803e-300
Mxra8	2.89361746380536e-304	0.66083898881041	0.841	0.194	6.15298817503571e-300
Ube2l6	5.76563910746748e-304	0.819475401612608	0.816	0.227	1.22600549981188e-299
Foxq1	9.12989072190995e-304	0.311437566898805	0.318	0.026	1.94137996310693e-299
Nav2	1.94614015973395e-303	0.559744998583171	0.609	0.11	4.13827243565827e-299
Eps8l2	3.97351126367147e-303	0.319794912675925	0.382	0.04	8.44927435107102e-299
Bmp4	2.37180751457364e-302	0.503331685418965	0.582	0.097	5.0434114989894e-298
Golm1	8.50114295402452e-302	0.774189864963325	0.822	0.224	1.80768303774377e-297
Smo	1.12937652199182e-301	0.634625380053418	0.74	0.162	2.40150623636341e-297
Dbi	5.60221158105371e-301	1.4652953013433	0.997	0.849	1.19125427059526e-296
Megf6	1.56359796126266e-300	0.308290684955983	0.387	0.042	3.32483470482891e-296
Prkg2	2.62567104261595e-300	0.317610880306728	0.307	0.024	5.58322690501856e-296
Mst1r	1.29400187551508e-299	0.29020808838652	0.376	0.04	2.75156558809527e-295
Stap2	1.5001090721148e-299	0.308575038764342	0.387	0.042	3.1898319309449e-295
Itgb4	1.93915521938367e-298	0.457518605717162	0.539	0.084	4.12341965849744e-294
C77080	4.25628984544149e-298	0.340677531493306	0.443	0.056	9.05057472734679e-294
Mybpc2	4.36477191791746e-298	0.318688661912096	0.31	0.025	9.28125100625969e-294
Cyb5a	1.21926594923492e-297	1.29395471216539	0.986	0.666	2.59264711445313e-293
Trip6	1.42050167336404e-296	0.461449893793054	0.627	0.117	3.02055475824129e-292
Igfbp3	2.34190713985216e-296	0.683078381980014	0.492	0.071	4.97983134218164e-292
Plod2	8.46331086577482e-296	0.604181694401238	0.791	0.173	1.79963842249836e-291
Samd12	1.10968880789028e-295	0.277890477314076	0.374	0.039	2.35964228109789e-291
Meis2	1.112416864854e-295	0.554043295876253	0.884	0.213	2.36544322142555e-291
Nenf	2.68113301018134e-295	1.2956186431272	0.971	0.514	5.70116123284959e-291
Epb41l4b	1.10676628397015e-294	0.328452013699997	0.442	0.056	2.35342782623412e-290
Maged2	3.99098869065283e-294	0.644223846053594	0.769	0.179	8.48643835180417e-290
Oat	1.01403570887406e-293	1.25788748138808	0.963	0.51	2.15624553134981e-289
Bmpr1a	9.25911242913376e-292	0.60129965284856	0.795	0.183	1.968857666931e-287
Casp12	1.58914595656219e-291	0.520316708368118	0.685	0.141	3.37915996203383e-287
Ctnnal1	1.93299233418403e-291	0.39104478548535	0.545	0.087	4.11031489940893e-287
1700023F06Rik	6.06750121822993e-291	0.290220082907155	0.365	0.038	1.29019345904441e-286
Smarcd3	1.29121790266532e-290	0.361927241409654	0.472	0.066	2.74564574822753e-286
Atp9a	1.75807565573779e-290	0.485614143969991	0.651	0.125	3.73837207436084e-286
Flrt1	1.94956390549724e-290	0.403388265797188	0.442	0.057	4.14555268864934e-286
Vit	1.91654194452978e-289	0.402067321518306	0.452	0.061	4.07533479084813e-285
Fads2	3.90219326850893e-289	0.448341262467776	0.684	0.138	8.29762376615739e-285
B9d1	8.80629184985916e-289	0.400645487066879	0.549	0.093	1.87256989895405e-284
Gxylt2	7.18605328085484e-288	0.416433711204677	0.438	0.058	1.52804236964097e-283
Sox4	1.34778714885176e-287	0.83218814364314	0.787	0.198	2.86593459331838e-283
Tnfrsf11b	1.05588779289528e-286	0.514897021604914	0.501	0.076	2.24523980281253e-282
Ephb6	7.44967018993619e-286	0.305934066858144	0.378	0.042	1.58409786918803e-281
Runx1t1	3.91799137081411e-285	0.490120916532085	0.599	0.108	8.33121685089912e-281
S100a1	6.28550054501273e-285	1.13071248142941	0.966	0.485	1.33654883589151e-280
Laptm4a	1.68310925446783e-284	1.37660546345047	0.991	0.824	3.57896351870038e-280
Ncoa4	2.84983562416619e-284	1.1524179902966	0.932	0.393	6.059890471227e-280
Ifitm3	1.55733418617276e-282	1.51561099032066	0.982	0.921	3.31151541347776e-278
Fzd2	1.64585667435127e-281	0.495680937867348	0.608	0.113	3.49974963234054e-277
Ackr3	1.45237325621765e-279	0.387426577348701	0.532	0.086	3.08832649202121e-275
Cdc42ep1	3.37234005988279e-279	0.403485615605254	0.549	0.093	7.17094390333476e-275
Slc23a4	9.51108284495442e-279	0.265383966278553	0.251	0.016	2.02243665615111e-274
B3gnt9	9.8792172918721e-279	0.33103203638062	0.492	0.075	2.10071676494368e-274
Esyt3	1.10138105503646e-278	0.333273253602393	0.365	0.041	2.34197667542953e-274
Gng12	6.04797793264996e-278	1.44596662138495	0.954	0.553	1.28604202759869e-273
Colec12	1.37941684855212e-277	0.659843230602643	0.843	0.209	2.93319198676123e-273
Bmp6	1.25681179468212e-276	0.321409714800565	0.407	0.051	2.67248460021206e-272
Sox12	1.95492608341705e-276	0.334178746169175	0.452	0.064	4.15695482377802e-272
Pmm1	1.04218348768469e-275	0.631781771169498	0.759	0.19	2.21609896821273e-271
Asns	2.56546055452643e-275	0.394105080218635	0.528	0.09	5.455195323145e-271
Cyb561	2.76543803036836e-275	0.326454085564541	0.429	0.058	5.88042742777528e-271
Il6st	2.89707472133171e-275	1.35805541276936	0.963	0.521	6.16033968743976e-271
H6pd	4.55980298889641e-275	0.633354258026984	0.737	0.181	9.69596507558933e-271
Pigyl	7.18787508889998e-274	0.818379949972891	0.903	0.318	1.52842975890369e-269
Eml2	1.8076850528525e-273	0.47946319208114	0.629	0.129	3.84386149638556e-269
Nhsl1	7.10946592376345e-273	0.359010562096651	0.475	0.071	1.51175683402906e-268
Timp1	9.38001715743155e-273	0.969552291619032	0.919	0.34	1.99456684835624e-268
Ccs	1.48701011442241e-272	0.831993132924673	0.863	0.3	3.16197830730781e-268
Dag1	3.6387577291991e-272	0.876551166011194	0.956	0.338	7.73745443536896e-268
Epb41l4a	6.39616306616069e-272	0.325423585034799	0.45	0.063	1.36008011438841e-267
Twsg1	1.71603504217561e-271	0.696904506141338	0.808	0.215	3.64897691368222e-267
Rcan2	1.85659352940192e-271	0.305613142969688	0.452	0.064	3.94786048092023e-267
Echdc2	2.59462067410779e-271	0.288894134989392	0.383	0.046	5.5172014014228e-267
Tjp1	2.95774716418337e-271	0.517343463321569	0.753	0.17	6.28935356991952e-267
Amotl2	3.55741650263244e-270	0.522113519018819	0.684	0.147	7.56449045119762e-266
Spock2	6.48553494770993e-270	0.463813036650227	0.553	0.096	1.37908415128104e-265
Pkdcc	5.96539587539177e-269	0.630190623592701	0.698	0.168	1.26848177894331e-264
Evpl	2.47618670001486e-268	0.250850873575083	0.328	0.033	5.2653633989116e-264
Aldh7a1	4.43232500897557e-268	0.531778833976804	0.708	0.166	9.42489589908564e-264
Dcbld2	2.06102914265826e-267	0.506482183871246	0.651	0.136	4.38257236894852e-263
Col14a1	2.44109214776587e-267	0.84226844711126	0.834	0.23	5.19073834300936e-263
Rcn3	2.45892286509833e-267	0.971300164179267	0.915	0.32	5.22865358034509e-263
2010111I01Rik	3.01295624041844e-267	0.935065570987214	0.855	0.289	6.40675014962577e-263
Creg1	8.94149603629514e-267	1.32437252689453	0.971	0.684	1.9013197171578e-262
S100a6	1.14043887694688e-266	1.57207854503417	0.992	0.78	2.42502922793984e-262
Gbp2	2.89726591912188e-266	1.62661945010044	0.958	0.489	6.16074625042078e-262
Ckmt1	2.95190215406445e-266	0.419412524519137	0.335	0.035	6.27692474040264e-262
Hmgn1	4.05405284219649e-266	1.19040367819286	0.97	0.627	8.62053796364661e-262
Bex4	3.6432618214675e-265	0.293019576296305	0.306	0.029	7.7470319371685e-261
Neo1	6.85920752178575e-264	0.383331189821334	0.545	0.097	1.45854188743252e-259
Ifi27	7.57604969263927e-264	1.162199014202	0.958	0.54	1.61097120664281e-259
Hcfc1r1	8.54754352278172e-264	1.11660400732406	0.965	0.57	1.8175496546843e-259
Mapk12	5.10954425840728e-263	0.305245886319695	0.447	0.065	1.08649349110772e-258
Prss23	7.89434627411954e-263	0.544024288173219	0.735	0.165	1.67865379172878e-258
Phlda3	4.74260629783728e-262	1.00129571449782	0.644	0.149	1.00846780317212e-257
Cpq	5.32539288042384e-262	0.914361161284009	0.932	0.353	1.13239154209333e-257
Rsph9	3.23315690881422e-261	0.289858688630755	0.421	0.058	6.87498485090256e-257
Sh3bp4	4.88631694630782e-261	0.38038105674502	0.54	0.097	1.0390264354629e-256
Zc2hc1a	2.34778852650815e-260	0.48847333684871	0.646	0.142	4.99233752276693e-256
Ift43	1.57154686713512e-259	0.526475764909883	0.702	0.166	3.34173725827613e-255
Ndufa4	3.2467569054032e-259	0.961227418710601	0.995	0.913	6.90390388364936e-255
Tspan4	1.83241624704923e-258	0.876690341323797	0.867	0.3	3.89644990772548e-254
Cgnl1	1.90010501953435e-258	0.496433608755839	0.621	0.129	4.04038331353785e-254
Cldn1	3.12845243176803e-258	0.275013441995479	0.281	0.024	6.65234125091154e-254
Irak1bp1	5.50055366780446e-258	0.439796998020355	0.573	0.111	1.16963773192194e-253
Sparc	1.70729799479806e-257	1.01082349220458	0.97	0.322	3.6303984561386e-253
Ilvbl	9.47272299788982e-257	0.642407219481284	0.778	0.224	2.01427981827129e-252
Nedd4	2.28019250965552e-256	1.18860600888106	0.98	0.372	4.84860135253149e-252
Crtap	1.68808602136205e-255	0.726387954338968	0.829	0.258	3.58954611582425e-251
Wasf1	3.51309860876576e-255	0.256081277771146	0.348	0.04	7.47025288167951e-251
Tcim	4.11459181773392e-255	0.567406987556508	0.528	0.095	8.7492680412294e-251
Clca3a2	1.14917578433125e-254	0.291509923628276	0.246	0.017	2.44360738780196e-250
Lrrn4cl	3.25666431007985e-254	0.290938785709015	0.4	0.054	6.92497098895379e-250
Ctps	7.63739939508272e-254	0.527555672198295	0.63	0.141	1.62401660737039e-249
Tgfbr3	1.04350796044132e-253	0.528114404665233	0.761	0.182	2.21891532708242e-249
Abhd14a	1.69567696371274e-252	0.441943183009962	0.605	0.128	3.60568749563877e-248
Cfh	4.13423242741254e-252	1.33524763561571	0.952	0.47	8.79103183365002e-248
Ghr	5.7467290876811e-252	0.432261765275127	0.616	0.126	1.22198447320451e-247
Serpinb6a	9.12391843392096e-252	0.933627344953589	0.974	0.402	1.94011001578895e-247
Ppic	1.34162150770111e-251	0.459579754096032	0.72	0.163	2.85282397397565e-247
Bmper	3.47641575786588e-250	0.288360457223042	0.353	0.042	7.39225046752602e-246
Tbrg1	6.10679166523528e-250	0.942871914605099	0.97	0.491	1.29854817969563e-245
Zfp503	1.11502278055281e-249	0.560157989567186	0.659	0.148	2.37098444056749e-245
Hoxc8	7.16265046712448e-249	0.400049598381097	0.333	0.038	1.52306599532935e-244
Ccl27a	7.79973563429297e-249	0.349044169688261	0.497	0.086	1.65853578527606e-244
Dhrs4	1.41681678409281e-248	0.662676855915192	0.821	0.257	3.01271920969495e-244
Hand2	3.35323158009539e-248	0.381566083992607	0.758	0.179	7.13031163191484e-244
Alcam	1.76393114640361e-245	1.36780178953296	0.852	0.336	3.75082318971265e-241
Itm2a	7.71300818215787e-245	1.46464778989565	0.701	0.187	1.64009405985405e-240
2510002D24Rik	8.69869217063031e-245	0.581232668388139	0.723	0.194	1.84968990316283e-240
Steap2	2.65210350629911e-244	0.304188037843507	0.442	0.068	5.63943289579443e-240
Iscu	3.50426653741912e-244	1.15755080928032	0.953	0.603	7.45147236516802e-240
Tmem255a	5.5638366968191e-244	0.3218208956534	0.341	0.04	1.18309423521161e-239
Creb3l1	6.72627558369407e-244	0.463435539633317	0.604	0.126	1.43027524011671e-239
Gstp1	2.87470642919712e-243	0.63560367283716	0.711	0.193	6.11277575104476e-239
Csf1	6.48828897655664e-243	0.624756398766246	0.763	0.208	1.379669767975e-238
Medag	8.83206732365954e-243	0.450823851355992	0.539	0.101	1.87805079570297e-238
Nkx2-3	1.1211831789968e-242	0.464299195910743	0.601	0.126	2.38408391181879e-238
Igfbp4	8.54221381886912e-242	1.6878905070354	0.922	0.449	1.81641634644433e-237
Rras2	2.12759927553567e-241	0.43550842087225	0.625	0.141	4.52412709949906e-237
Pbx1	1.14350813632141e-240	0.701504536836357	0.899	0.287	2.43155570107385e-236
Usp53	2.12102244941244e-240	0.43509489441381	0.578	0.12	4.51014213643061e-236
Afdn	2.71832904262449e-240	0.558625029424277	0.793	0.224	5.78025487623671e-236
Tuft1	2.5270962419509e-239	0.263660338879653	0.374	0.05	5.37361744888439e-235
Fah	7.06223126072351e-239	0.296961095527234	0.41	0.061	1.50171285528025e-234
Cox6b2	1.16037337383579e-238	0.711059824657123	0.614	0.142	2.46741794212442e-234
Psip1	2.02830497938669e-238	0.912844708203493	0.911	0.377	4.31298770816786e-234
Slc44a1	1.10527877159184e-237	0.621250206147601	0.838	0.248	2.35026477991288e-233
Ehd2	1.82284074068174e-237	0.440687045125484	0.804	0.205	3.87608855098566e-233
Isl1	3.29553748810262e-237	0.276239315203144	0.268	0.024	7.00763091470141e-233
Mgat3	1.19645122620712e-236	0.288654409469656	0.391	0.055	2.54413388740681e-232
Fkbp11	2.0347539617379e-236	0.380249950982783	0.503	0.092	4.32670082423947e-232
Gnai1	5.95581481635272e-236	0.331690068650857	0.421	0.065	1.26644446254924e-231
Pla2r1	2.63013315401335e-235	0.34118917926457	0.426	0.066	5.59271513869399e-231
Tead1	1.43333288542928e-234	0.485744478276965	0.693	0.163	3.04783904757682e-230
Rhoj	1.55341140009605e-234	0.617553213265307	0.77	0.202	3.30317400116423e-230
Il11ra1	8.53935866212725e-233	0.705267414099294	0.901	0.323	1.81580922591474e-228
Gstm1	6.01981787688632e-231	0.817535070311081	0.91	0.337	1.28005407334111e-226
Npy1r	7.05166892423393e-231	0.273634801243556	0.275	0.027	1.4994668800491e-226
Stxbp6	1.50009469702266e-229	0.461789886520698	0.668	0.165	3.18980136374899e-225
1190002N15Rik	2.13860563651595e-229	0.476174375087457	0.588	0.13	4.54753102548752e-225
Acp5	2.91909635968852e-229	0.632777543675446	0.854	0.279	6.20716649924167e-225
Gstm5	2.9936437879313e-229	0.510873380006304	0.723	0.192	6.36568415065711e-225
Il18bp	1.72101845347034e-228	0.613741375795141	0.71	0.199	3.65957363945933e-224
Kif21a	4.83254652814111e-228	0.265233302402898	0.427	0.068	1.02759269374392e-223
Spsb1	4.92928243875633e-228	0.579137557401979	0.624	0.15	1.04816261777715e-223
Casc4	1.36343915640904e-226	0.474161804015127	0.663	0.158	2.89921702218818e-222
Me1	1.56641659198159e-226	0.318488844085803	0.438	0.073	3.33082824118965e-222
Tfdp2	3.56956832213437e-226	0.526229621280297	0.746	0.204	7.59033008018653e-222
Meis1	1.33615927699494e-225	0.432650625780473	0.65	0.153	2.84120908660204e-221
Cpe	2.43635840153717e-224	0.332007864983254	0.701	0.172	5.18067250502863e-220
Frk	4.77588276877057e-224	0.282876916174652	0.384	0.057	1.01554371195137e-219
Fam92a	9.67941164378206e-224	0.530631650650967	0.74	0.206	2.05823009193382e-219
Fam110a	1.40679970391908e-223	0.528595210551665	0.596	0.143	2.99141889041353e-219
Glis2	3.40012018003137e-223	0.337645541205448	0.452	0.078	7.23001555081871e-219
Coq8a	7.09902236387462e-223	0.289880632696313	0.365	0.052	1.5095361154543e-218
Cers4	7.14220793223205e-223	0.524946815277112	0.731	0.197	1.51871909470982e-218
Htra1	7.20993815477838e-223	0.390082153870278	0.641	0.146	1.53312124923208e-218
Shisa4	9.02659340307489e-222	0.331449776733563	0.392	0.06	1.91941482122984e-217
Cdc42ep3	4.60511350459883e-221	0.738154290891104	0.808	0.269	9.79231335617895e-217
Tob1	9.97076001401932e-221	0.72842565847895	0.756	0.234	2.12018240938107e-216
Tns3	9.99549633224003e-221	0.710503166250196	0.848	0.302	2.12544234008752e-216
Rad51b	1.19713303962878e-220	0.531555633154359	0.596	0.14	2.54558369546664e-216
Cyp2d22	2.03625035162993e-219	0.382924827515572	0.548	0.113	4.32988274770588e-215
Acaa2	4.61865782723759e-219	0.878662209488425	0.91	0.405	9.82111400383802e-215
Arhgef12	4.99710587392918e-219	0.842924573945347	0.897	0.336	1.0625845930323e-214
Zfyve21	2.03144268014585e-218	0.556021831308463	0.716	0.203	4.31965971506213e-214
Gm8730	4.82065015938711e-218	1.09809548512409	0.944	0.557	1.02506304989208e-213
Sdc2	2.99308900626523e-217	0.410425693815764	0.723	0.179	6.36450446292239e-213
Rab6b	1.26536114686685e-216	0.44838416764716	0.588	0.132	2.69066394269768e-212
Vim	2.20031128023747e-216	1.3527719583558	0.976	0.885	4.67874190629695e-212
Spsb2	3.44514915686949e-216	0.471463580305439	0.688	0.188	7.32576516716728e-212
Phgdh	4.66226336716947e-216	0.461768125193228	0.65	0.162	9.91383682394916e-212
Lix1l	5.64762216514155e-216	0.437430690437459	0.654	0.162	1.2009103771957e-211
Ltbp2	8.88646969578841e-216	0.25294775611089	0.261	0.026	1.88961891611245e-211
Enpp5	9.94599288325306e-216	0.366307153753763	0.567	0.121	2.11491592669493e-211
Wdr35	1.923391848866e-215	0.328105735576204	0.463	0.085	4.08990042742866e-211
Meg3	6.99140661255369e-215	1.12128505977784	0.65	0.158	1.48665270209342e-210
Ifitm2	8.60261231911075e-215	1.09515729209484	0.986	0.906	1.82925948353571e-210
Selenom	8.93984909528086e-215	0.878097214281721	0.959	0.412	1.90096951162052e-210
Eml1	1.17500597516363e-214	0.328937502708004	0.476	0.089	2.49853270558795e-210
Osmr	1.60360382832171e-214	0.372206712484954	0.588	0.129	3.40990318054327e-210
Tppp	9.2037583127262e-214	0.329379097150117	0.443	0.078	1.9570871676181e-209
Slc4a8	2.6015339273147e-213	0.282611931387709	0.375	0.057	5.53190174304198e-209
Lmo1	8.19524185060184e-213	0.282518559521807	0.414	0.069	1.74263622711198e-208
Gcnt2	1.33332321379673e-212	0.670666340909362	0.848	0.289	2.83517848181736e-208
Pla2g16	1.3776261272983e-212	0.786650696998939	0.893	0.363	2.92938419708711e-208
Npnt	1.45097688654377e-212	0.357819321072319	0.407	0.067	3.08535725154667e-208
Ly6e	4.29626681032606e-212	1.07181383958793	0.987	0.896	9.13558174547733e-208
C1qtnf1	5.12524274277878e-212	0.372439671015911	0.565	0.122	1.08983161682448e-207
Col5a2	5.14200448226515e-212	0.311251202897322	0.813	0.213	1.09339583310886e-207
Clec11a	7.32278188354659e-212	0.332815486088417	0.4	0.065	1.55711633971735e-207
Lima1	7.37942583257413e-212	0.831603367635209	0.937	0.411	1.56916110903856e-207
Nr1d1	7.92945395259745e-212	0.471368868100422	0.737	0.193	1.68611908848032e-207
Pou3f1	1.82089402462487e-211	0.308281440616457	0.337	0.046	3.87194905396232e-207
Mmp23	9.7927051369694e-211	0.404879681964895	0.507	0.102	2.08232082032517e-206
Olfr1372-ps1	1.31188624916306e-210	0.257734267643351	0.316	0.04	2.78959492022033e-206
Sugct	3.90975399473928e-210	0.333001973587708	0.28	0.031	8.3137008944136e-206
Cnpy2	2.43531751922991e-209	0.811639853230057	0.944	0.492	5.17845917289049e-205
1110065P20Rik	1.75542888553884e-208	0.596262701362529	0.766	0.247	3.73274398220979e-204
Tmtc1	5.16939787333911e-208	0.333808017471164	0.435	0.077	1.09922076378683e-203
Pgrmc1	9.58958661403845e-208	0.799439712658826	0.888	0.361	2.03912969760914e-203
Serinc5	6.85234209645296e-207	0.383333022061282	0.569	0.129	1.45708202338976e-202
Ryk	7.94915264834679e-207	0.496847541512558	0.759	0.21	1.69030781914446e-202
Ift122	2.40332394983229e-206	0.316594908023593	0.442	0.081	5.11042804692339e-202
Ppp2r2b	2.48307330337962e-206	0.250790389161548	0.359	0.053	5.28000707230642e-202
Tubb4b	8.20452807736914e-206	1.0418640407501	0.937	0.482	1.74461085037177e-201
Timp2	9.17973709476833e-206	1.10813177330782	0.965	0.626	1.95197929583154e-201
Ptprk	9.86941945889464e-206	0.284838837892987	0.441	0.079	2.09863335373936e-201
Zfpm2	1.39505568925991e-205	0.315187858052222	0.416	0.071	2.96644641764228e-201
Plce1	3.61226275340438e-205	0.347974433939609	0.609	0.14	7.68111551883907e-201
Ldhb	2.21187066242082e-204	0.596479826261335	0.783	0.257	4.70332177657164e-200
Man1a	2.83650771278201e-204	1.02467207828722	0.946	0.545	6.03155000045966e-200
Cd9	9.4585095275179e-204	0.7104947274304	0.967	0.451	2.01125746593141e-199
Clip4	2.02810204024931e-203	0.266496596316239	0.361	0.055	4.31255617838614e-199
Fuom	2.40450219517343e-203	0.559195657005472	0.749	0.238	5.11293346781678e-199
Efemp2	1.93676361923248e-202	0.454076375948605	0.72	0.199	4.11833415993594e-198
Abhd2	2.28927417269411e-202	0.716356613420329	0.822	0.295	4.86791260081675e-198
Rbbp8	1.07449835081428e-201	0.954351654155083	0.894	0.43	2.28481329317149e-197
Tkfc	1.60120544981572e-201	0.294541651539558	0.391	0.066	3.40480326848814e-197
Nid2	3.45740125132254e-201	0.372881773252638	0.523	0.111	7.35181802081224e-197
Cracr2b	4.25404079503702e-201	0.33761475455922	0.59	0.137	9.04579234656672e-197
Stard10	2.83507312317204e-200	0.459900423555945	0.522	0.113	6.02849948911302e-196
Actn1	2.9027114350222e-200	0.663654674560205	0.85	0.296	6.17232559543121e-196
Sult1e1	3.7396069664144e-200	0.355588141207195	0.263	0.028	7.95190025338358e-196
Dlg3	2.84238727243965e-199	0.280526034643577	0.409	0.071	6.04405229611567e-195
Kalrn	6.34643424257207e-199	0.314312209624653	0.482	0.096	1.34950577734052e-194
Rabac1	2.91819373986806e-198	0.881392618018465	0.98	0.751	6.20524716845545e-194
Oasl2	1.80357368677404e-197	0.852555777767836	0.89	0.379	3.83511908755633e-193
Rabgap1l	6.41255943391689e-197	0.627867852347393	0.792	0.267	1.36356663802809e-192
Trp53inp2	2.20824353319352e-196	0.538229351937859	0.676	0.198	4.6956090489827e-192
Nr2f2	8.74738272501406e-196	0.308445144558063	0.613	0.147	1.86004346264699e-191
Tapbp	1.45050131136017e-195	0.878680755023302	0.982	0.777	3.08434598847626e-191
Hoxa5	1.65229250558218e-195	0.304664185633192	0.458	0.089	3.51343478386995e-191
Dync1i2	8.11036166062486e-195	0.878893103757333	0.991	0.849	1.72458730351527e-190
5033428I22Rik	8.29090819473254e-195	0.297271767833931	0.446	0.085	1.76297871852793e-190
Pef1	1.17919058060006e-194	0.460777420558396	0.68	0.198	2.50743085058796e-190
Tpm1	5.03897055492086e-194	0.520425830349206	0.962	0.459	1.07148669879837e-189
Msrb3	7.05453130658033e-194	0.29099139284262	0.514	0.109	1.50007553703124e-189
Selenoi	7.62824600845578e-194	0.503692339892767	0.629	0.171	1.62207023123804e-189
Smpd1	1.39922950850287e-193	0.554123757622745	0.722	0.229	2.9753216268805e-189
Fkbp7	1.86731102725498e-193	0.403177834039154	0.715	0.194	3.97065016835499e-189
Acot1	5.85961351991912e-193	0.250713535443857	0.366	0.059	1.2459882188756e-188
Anxa2	1.59485434089683e-192	1.15323285774922	0.99	0.704	3.39129827048302e-188
Oplah	1.83169796435235e-192	0.27014062353919	0.363	0.059	3.89492255139884e-188
Ssbp2	2.91237978514655e-192	0.481756265725205	0.737	0.22	6.19288437513563e-188
Itpr3	7.25850283997385e-192	0.436113839571291	0.62	0.161	1.54344804389204e-187
Copz2	8.8996585785214e-192	0.455884990919541	0.718	0.207	1.89242340013679e-187
Ndrg1	1.52752616930005e-191	0.476924122339164	0.786	0.249	3.24813164639962e-187
Ar	6.65534720080437e-191	0.335651537768687	0.506	0.108	1.41519302877904e-186
Decr1	1.09642460326601e-190	0.468814002314564	0.72	0.221	2.33143727638485e-186
Fermt2	1.21702340708221e-190	0.428619954480271	0.801	0.232	2.58787857281961e-186
Cacnb3	3.14190999026008e-190	0.28667854196911	0.439	0.085	6.68095740328904e-186
Ptov1	1.80205578641923e-189	0.727325024294762	0.902	0.404	3.83189142424185e-185
Dtx2	3.39108726664358e-189	0.405386247635638	0.571	0.146	7.21080796379091e-185
B4galt4	4.60026510756918e-189	0.32700133640805	0.495	0.109	9.78200372473511e-185
Arl6ip5	4.98878278050625e-189	0.815350974114442	0.948	0.585	1.06081477044685e-184
Cttn	7.75814740704509e-189	0.354292473503636	0.6	0.149	1.64969246463407e-184
Disp1	2.42191014462214e-188	0.337801829905287	0.461	0.097	5.14994973152451e-184
Cdc42ep5	3.56133115475841e-188	0.342882596530916	0.54	0.123	7.57281456747829e-184
Yap1	6.37122372612039e-188	0.267173599277684	0.446	0.087	1.35477701312224e-183
Mast4	9.50305772148565e-188	0.41226933733877	0.74	0.212	2.02073019389671e-183
Minos1	5.13993306242285e-187	0.909140752603283	0.967	0.601	1.0929553663936e-182
Dctn6	2.65191034025215e-186	0.723295253519406	0.875	0.387	5.63902214751217e-182
Nfia	8.78743588539523e-186	0.699947274303357	0.923	0.379	1.86856036667044e-181
Eef1b2	2.28277774515076e-185	0.770608350447891	0.993	0.951	4.85409859728857e-181
Cep170b	2.62450258990342e-185	0.268400644014602	0.392	0.071	5.58074230717064e-181
Flnc	8.39301303290542e-185	0.316712875759092	0.468	0.097	1.78469029131701e-180
Ube2h	3.63990728876524e-184	0.770502626663685	0.914	0.432	7.73989885883041e-180
Grem2	4.25475844355194e-184	0.285238513953141	0.366	0.061	9.04731835436886e-180
Wdr6	1.01087803948799e-182	0.364510204228388	0.55	0.135	2.14953106316726e-178
Cadm1	3.44858981892305e-182	0.343944340532823	0.6	0.147	7.33308139095797e-178
Dalrd3	4.91278016893563e-182	0.384551063801213	0.635	0.176	1.04465357512247e-177
Ypel2	5.85898323383137e-182	0.332224100866796	0.452	0.094	1.2458541948419e-177
Egfr	8.37150014460681e-182	0.315973844823625	0.532	0.122	1.78011579074919e-177
Gpx7	1.78762992601203e-181	0.325386893455622	0.49	0.107	3.80121627467199e-177
Aprt	3.4803165196857e-181	0.88397294669929	0.982	0.719	7.40054504745967e-177
Plp2	4.80000659955461e-181	0.634946540258661	0.865	0.339	1.02067340332929e-176
Tceal8	1.13932670489058e-180	0.625854152282193	0.827	0.318	2.42266430527932e-176
Cald1	2.79062362874993e-180	0.451801645814951	0.925	0.347	5.93398208417386e-176
Echs1	2.89518834696488e-180	0.720251128072599	0.889	0.431	6.15632850098611e-176
Fbxw9	7.41923334133365e-180	0.275323712028054	0.441	0.09	1.57762577770119e-175
Pdlim1	2.96081219264697e-179	0.561402674080376	0.851	0.315	6.29587104644452e-175
Emp3	6.44240628015867e-179	0.839243390597803	0.969	0.846	1.36991327141294e-174
Pik3ip1	1.54307597729428e-177	0.389160196036192	0.518	0.121	3.28119675811856e-173
Lrrc42	2.44222923509619e-177	0.359597649933921	0.575	0.152	5.19315624550854e-173
Cplx2	1.11565668695675e-176	0.358098073433923	0.298	0.043	2.37233237914483e-172
Trove2	1.90391129773345e-176	0.433643231671067	0.648	0.184	4.0484769835004e-172
Cys1	9.59064137014946e-176	0.252600552605108	0.376	0.067	2.03935398094858e-171
Rpl22l1	2.58302414815397e-175	0.85757443288166	0.988	0.865	5.49254254863459e-171
Lynx1	2.65335408451643e-175	0.261287956755338	0.407	0.079	5.64209212531575e-171
Ergic3	3.17536225714982e-175	0.735605265089325	0.962	0.553	6.75209030360337e-171
Crebl2	3.31953322427747e-175	0.371141253661804	0.515	0.125	7.05865544810362e-171
Paxx	4.34968422264922e-175	0.417892481494545	0.634	0.181	9.24916853104131e-171
Atpif1	5.05067759564085e-174	0.792131661475015	0.996	0.858	1.07397608393707e-169
Zfhx4	5.98293343785289e-174	0.337105133484795	0.591	0.148	1.27221096622504e-169
Rras	6.13651961149212e-174	0.666132817349144	0.888	0.398	1.30486953018768e-169
Arl6	6.35268751121871e-174	0.280060052660168	0.447	0.095	1.35083547238555e-169
Traf3ip2	7.46799743134593e-174	0.278455914596355	0.425	0.087	1.5879949738014e-169
Klf5	9.19717124421198e-174	0.279255672515217	0.25	0.03	1.95568649336924e-169
Ap4e1	2.6089473995471e-173	0.35768344212903	0.515	0.126	5.54766575039696e-169
Sdc4	3.00733698408539e-173	1.00166821485369	0.987	0.76	6.39480136295917e-169
Snx7	3.2138002429386e-173	0.320945822937314	0.485	0.112	6.83382483658463e-169
Chchd10	1.10517345158255e-171	0.381337425550783	0.851	0.323	2.35004082744514e-167
Map1lc3a	3.18840120344338e-171	0.730407802486173	0.907	0.442	6.77981631900201e-167
Skp1a	5.30465024127066e-171	0.788220684368635	0.95	0.597	1.12798082730379e-166
Ctnnb1	6.03284957873166e-171	0.768471357920358	0.973	0.669	1.2828251344215e-166
Ddr2	6.32165418821458e-171	0.287831252548955	0.537	0.128	1.34423654658195e-166
Slc48a1	6.7053792232e-171	0.611152953119453	0.824	0.328	1.42583183802125e-166
Gnas	6.85280390733693e-171	0.74193696045538	0.999	0.936	1.45718022285613e-166
Fhl1	7.71670030012724e-171	0.379373969406413	0.498	0.117	1.64087915181906e-166
Naprt	2.19273610143613e-170	0.272285206953679	0.438	0.094	4.66263404609379e-166
Ift57	1.02259393339608e-168	0.314159548662036	0.553	0.142	2.17444373997343e-164
Ktn1	1.06865593909963e-168	0.815236404539353	0.935	0.503	2.27238998890145e-164
Atp10d	1.194675005549e-168	0.37224193352682	0.515	0.127	2.5403569317994e-164
Pear1	1.49017971624253e-168	0.320475116517495	0.461	0.104	3.16871814861811e-164
Agr2	1.89794790456047e-168	0.700149888007248	0.191	0.017	4.03579642425739e-164
Smyd2	4.32359377135342e-168	0.341300694784356	0.549	0.145	9.19368979540591e-164
Fkbp9	1.86673379016926e-167	0.344003354067578	0.682	0.192	3.96942273141592e-163
Fas	3.69581768063049e-167	0.457031798823086	0.658	0.207	7.85878671609268e-163
Cd82	6.5178471217132e-167	0.549068540134084	0.817	0.31	1.38595501196109e-162
Ly75	1.2696768524145e-166	0.252608946958264	0.383	0.075	2.6998408589742e-162
Rbfox2	2.10398496439914e-166	0.309552394243384	0.655	0.181	4.47391362829832e-162
Hoxc6	2.7642115109208e-166	0.266883959560978	0.339	0.058	5.877819356822e-162
Chek2	8.31906126339655e-166	0.291596292243842	0.439	0.097	1.76896518704864e-161
Hoxc4	4.37525760136187e-165	0.261807137764573	0.382	0.073	9.30354776353588e-161
Lzts2	7.26283080650761e-165	0.278209358457797	0.51	0.121	1.54436834269578e-160
Gna11	8.79715558993544e-165	0.453565993780948	0.787	0.27	1.87062716464387e-160
Creb3	1.72274148301581e-164	0.566232171981105	0.827	0.333	3.66323748948481e-160
Oxnad1	2.54873637959555e-164	0.261440148903001	0.426	0.091	5.41963303757197e-160
Dad1	3.87124310888399e-164	0.682834469464404	0.992	0.832	8.23181134673091e-160
Cyp7b1	7.91731348371328e-164	0.252941304654204	0.361	0.067	1.68353753917679e-159
Serf1	8.18474698727868e-164	0.367388849281375	0.631	0.184	1.74040459937494e-159
Acsl4	2.49669139089021e-163	0.847417260654712	0.871	0.443	5.30896457358894e-159
Pls3	6.37999428939725e-163	0.386912648284229	0.65	0.189	1.35664198569743e-158
Mgmt	1.18750299836596e-162	0.295939998332263	0.439	0.099	2.52510637572537e-158
Nupr1	3.02432855405936e-162	0.760447991894235	0.864	0.383	6.43093223735182e-158
Gkap1	6.53219065900906e-162	0.456866626737104	0.744	0.246	1.38900502173169e-157
Slc43a3	1.28755771231145e-161	0.288802433586808	0.68	0.2	2.73786271945907e-157
Col6a5	1.36349845846805e-161	0.367034327373712	0.199	0.02	2.89934312208646e-157
Rian	1.1906043639282e-160	0.406012905847143	0.387	0.078	2.53170111945692e-156
1810058I24Rik	1.43983750982206e-160	0.766189818923203	0.944	0.637	3.06167048088562e-156
Wwtr1	1.75337844098432e-160	0.304654791275618	0.646	0.18	3.72838391690906e-156
Ndn	5.46129203584675e-160	0.320555092844225	0.512	0.125	1.16128913850245e-155
Snta1	6.4941186287364e-160	0.292135348576855	0.489	0.119	1.38090938521451e-155
Matn4	2.10112571841523e-159	0.259068490747304	0.267	0.038	4.46783372763813e-155
Slc25a4	2.11778206695864e-159	0.690384762768244	0.965	0.74	4.50325178718086e-155
Mpdz	1.01064465428615e-158	0.309260119822444	0.541	0.138	2.14903479287408e-154
Rbpms	1.88573815577279e-158	0.404668732514455	0.919	0.415	4.00983361443526e-154
Pelp1	2.45990733058861e-157	0.410887742470296	0.644	0.205	5.23074694776363e-153
Sod2	5.64662314335938e-157	0.872733191854864	0.937	0.656	1.20069794520394e-152
1600012H06Rik	1.49567864412633e-156	0.437454900076602	0.705	0.237	3.18041106887022e-152
Rexo2	3.87975207884823e-156	0.743092078429628	0.948	0.647	8.24990482046287e-152
Aes	9.48792982823663e-156	0.756605145248934	0.969	0.578	2.01751339867624e-151
Ak3	1.99336188137208e-155	0.45447171414539	0.783	0.283	4.23868470454959e-151
Bod1	3.49643922713442e-155	0.356040654665407	0.621	0.187	7.43482837257863e-151
Map1b	3.97718328128968e-155	0.311713862572707	0.601	0.165	8.45708252933437e-151
Cdc42bpa	2.09200302445814e-154	0.369123250662215	0.633	0.183	4.44843523120778e-150
Scd1	2.95906507713399e-154	0.26453768093015	0.451	0.103	6.29215598001771e-150
Prdx2	2.17707562114439e-153	0.72373452770182	0.98	0.735	4.62933360080143e-149
Ubb	1.55803018130065e-152	0.649314719194501	1	0.977	3.31299537751771e-148
Csrp1	2.06602538112116e-152	0.565411274547658	0.882	0.408	4.39319637041604e-148
Mettl26	3.26257367505078e-151	0.420566614447319	0.694	0.235	6.93753666262797e-147
Haghl	5.84265154490235e-151	0.354990354446122	0.593	0.177	1.24238142450804e-146
Chchd6	6.1066884896179e-151	0.313544934976083	0.537	0.149	1.29852624043235e-146
Rcn1	1.75218024183523e-150	0.397799048496443	0.685	0.219	3.72583606623843e-146
Nipsnap1	1.82703625826468e-150	0.258666394009723	0.427	0.099	3.88500989957402e-146
Ggct	2.44768118534891e-150	0.396758176382366	0.617	0.193	5.20474927252593e-146
Gm5425	5.93019124580932e-150	0.757937973838569	0.888	0.46	1.26099586650889e-145
Prr13	2.93007142944276e-149	0.766843248687644	0.958	0.645	6.23050388756708e-145
Shb	3.44589842885413e-149	0.311935063670543	0.508	0.136	7.32735841911542e-145
Tjp2	5.58902682035616e-149	0.272529840306498	0.552	0.152	1.18845066308053e-144
Cd81	5.70324288222338e-149	0.891669367083571	0.99	0.607	1.21273756647598e-144
Mmd	7.65783528131403e-149	0.380021969741322	0.587	0.178	1.62836209421862e-144
Hotairm1	3.88323178378823e-148	0.349929411806385	0.569	0.164	8.2573040650473e-144
1110012L19Rik	1.88272369940569e-147	0.305123539945227	0.515	0.14	4.00342367441625e-143
Fzd1	2.58724171497292e-147	0.263833019983553	0.439	0.103	5.50151078271842e-143
Inf2	6.62679527186563e-147	0.317044920091906	0.472	0.121	1.40912174660951e-142
Trp53bp2	7.34563635395158e-147	0.363606916761167	0.605	0.185	1.56197611430426e-142
Tmem9	1.13666333070005e-146	0.315123514555091	0.57	0.162	2.41700090640059e-142
2410015M20Rik	9.19388791499737e-146	0.649134077017321	0.944	0.498	1.95498832624504e-141
Ifi27l2b	1.44412652803582e-145	0.449656834052295	0.235	0.032	3.07079064921537e-141
Tmem107	6.16063505055202e-145	0.261486302001277	0.416	0.097	1.30999743714938e-140
Rnase4	7.78363183017449e-144	0.67115901688474	0.975	0.541	1.6551114723683e-139
Vcl	1.20649525169718e-142	0.432231518732621	0.783	0.292	2.56549150320888e-138
Mprip	1.8276616619943e-142	0.53421132999805	0.873	0.382	3.88633975806469e-138
Tapbpl	2.46933223254119e-142	0.493128485457967	0.715	0.273	5.25078805927559e-138
Ei24	3.33910996502337e-142	0.505884118393289	0.787	0.321	7.10028342962569e-138
Pdlim4	3.77929604633759e-142	0.622346113038575	0.833	0.37	8.03629511293224e-138
Cfl2	1.32372201105608e-141	0.516573206280081	0.86	0.379	2.81476248430966e-137
Kif13a	1.45179585145235e-141	0.360092553358768	0.597	0.187	3.08709869852828e-137
Mical2	2.7948481007895e-141	0.322256752241035	0.454	0.115	5.9429650015188e-137
Phpt1	7.56586140923257e-141	0.462479666340956	0.78	0.309	1.60880477005921e-136
S100a10	9.36865413177911e-141	0.843686983737983	0.991	0.78	1.99215061458151e-136
Cuedc1	2.46883961442296e-140	0.27587796266883	0.518	0.14	5.24974055610898e-136
Ift27	3.37734222550796e-140	0.346068111732836	0.639	0.209	7.18158050832012e-136
Pigp	4.91866079758744e-140	0.471452514812634	0.81	0.333	1.04590403199899e-135
Sfxn1	1.1633723427399e-139	0.571521371214701	0.875	0.412	2.47379494960213e-135
Ecm1	1.31551359376592e-139	0.527454487844282	0.829	0.35	2.79730810578385e-135
Nudt14	1.84222993519994e-139	0.3213965592513	0.539	0.159	3.91731773420916e-135
Tex264	9.19723224099554e-139	0.485805770234144	0.817	0.338	1.95569946372529e-134
Raly	1.10577564732556e-138	0.681460640792313	0.949	0.67	2.35132133647306e-134
Grb10	4.97600423122221e-138	0.269793419757885	0.528	0.142	1.05809753972709e-133
Amotl1	5.66650402187753e-138	0.299011636793254	0.549	0.154	1.20492541521204e-133
Fzd4	5.99180511760926e-138	0.279125638218061	0.451	0.112	1.27409744020843e-133
Sp3os	7.07259558005562e-138	0.340464531021977	0.583	0.183	1.50391672414303e-133
AW112010	8.02340131424752e-138	0.4707821809232	0.962	0.581	1.70609605546159e-133
S100a11	1.20774105241627e-137	0.796351342974316	0.983	0.804	2.56814057385795e-133
Klf10	1.29422125344766e-136	0.460707609907664	0.678	0.245	2.75203207333111e-132
Ccdc107	1.82159015073862e-136	0.429560530030722	0.808	0.327	3.87342929653061e-132
Iah1	7.34571609675826e-136	0.488884081105366	0.782	0.328	1.56199307081468e-131
Plscr4	5.59392009496448e-135	0.256430307986249	0.536	0.148	1.18949116899325e-130
Idh2	6.97092325104933e-135	0.588321946940165	0.898	0.445	1.48229712010313e-130
Id3	5.8845707755853e-134	0.317383761973245	0.707	0.25	1.25129512972046e-129
Tnfrsf12a	1.78329542554553e-133	0.356518286534241	0.484	0.135	3.79199939288001e-129
Csad	3.13368945236504e-133	0.339712477125667	0.605	0.194	6.66347725150901e-129
Tmem205	4.56473067271563e-133	0.462471281682018	0.763	0.304	9.70644330246252e-129
Tyms	7.65772898497727e-133	0.298883691195649	0.563	0.172	1.62833949136557e-128
Ndfip1	1.87555155146264e-132	0.603333808478215	0.983	0.799	3.98817281903016e-128
Etl4	2.31001714269574e-132	0.261607809266834	0.41	0.099	4.91202045222822e-128
Selenof	3.03211288860393e-132	0.599500653147736	0.99	0.849	6.44748484632739e-128
Dhx32	6.37742536325021e-132	0.294742727136459	0.519	0.15	1.35609572924152e-127
Enpp4	1.12837668955394e-131	0.28552975879268	0.544	0.16	2.39938019266749e-127
Stk39	1.27673214284987e-131	0.365313426403027	0.552	0.17	2.71484322855596e-127
Dbp	3.0425754544987e-131	0.399418132834586	0.618	0.202	6.46973244644603e-127
Agap1	5.504095051247e-131	0.441243300607687	0.688	0.249	1.17039077169716e-126
Them6	6.68836869274255e-131	0.264571329055815	0.414	0.105	1.42221471882478e-126
Tubb2a	1.23747975425606e-130	0.685435832423269	0.856	0.437	2.63137694945008e-126
Tsen34	1.86273457734956e-130	0.486415950029519	0.827	0.369	3.96091880527611e-126
Ppp1r14b	5.7590763738988e-130	0.68230481303805	0.953	0.662	1.22461000014584e-125
Snap47	7.54725503910785e-130	0.260339322097018	0.522	0.151	1.60484831151589e-125
Nfix	7.93806437800097e-130	0.457274338743705	0.894	0.41	1.68795000933813e-125
Lmna	1.72685496986911e-129	0.620885930955164	0.927	0.476	3.67198440792968e-125
Zmat3	2.25074712150399e-129	0.371615878503336	0.465	0.132	4.78598867916609e-125
Abcb1b	2.68210769145574e-129	0.767757715288525	0.621	0.242	5.70323379511149e-125
Nr2f6	2.78095524112545e-129	0.351556558532942	0.647	0.224	5.91342322472916e-125
Slc44a2	3.46810103860635e-128	0.435422776618569	0.698	0.257	7.37457004849254e-124
Dgcr6	3.7870338361254e-128	0.338343998577107	0.672	0.236	8.05274874913705e-124
Gm10260	3.98238810842737e-128	0.647514436644668	0.882	0.5	8.46815007375996e-124
Tmem119	1.21957709521868e-127	0.366431504883026	0.475	0.133	2.593308735273e-123
Tmc6	1.33415026942543e-127	0.354532118880129	0.62	0.211	2.83693713290624e-123
Sil1	1.54580266341476e-127	0.353495297127754	0.567	0.184	3.28699478348514e-123
Dstn	2.35673846653313e-127	0.638477158975648	0.99	0.776	5.01136867523605e-123
Ctso	8.20920222424935e-127	0.450080323047765	0.739	0.293	1.74560476096438e-122
Tbl1x	1.51676670477116e-126	0.588231877498901	0.871	0.447	3.22525272102539e-122
Flnb	4.5030446628674e-126	0.289278428652202	0.587	0.185	9.57527417112125e-122
Capns1	5.29095305461586e-126	0.617808565655046	0.984	0.82	1.12506825753352e-121
Pdcd4	7.8651866603795e-126	0.546727655639345	0.912	0.478	1.6724532914631e-121
Rap2a	1.07308409484152e-124	0.578164372624466	0.856	0.432	2.28180601927101e-120
Mpp5	1.09214736661007e-124	0.314059320341139	0.554	0.176	2.32234216035966e-120
Ift74	7.50030509651198e-124	0.252969360267922	0.478	0.135	1.59486487572231e-119
Pde4dip	1.48205094826003e-123	0.30793410929633	0.552	0.176	3.15143313638012e-119
Serpinb9	2.23071759933381e-123	0.32229321246067	0.71	0.261	4.74339790322341e-119
Tgfb3	5.8661808167542e-123	0.284331137578125	0.461	0.129	1.24738468887461e-118
Jup	7.97951840732377e-123	0.327207337516305	0.671	0.233	1.69676479413333e-118
Uqcr11	7.66622361979884e-122	0.553104831064048	0.992	0.886	1.63014579051403e-117
Tceal9	1.42451824141767e-121	0.562828688156755	0.95	0.587	3.02909558855053e-117
Mid1ip1	1.5831890232686e-121	0.43616360183278	0.71	0.271	3.36649313907834e-117
Calml4	2.28454885294633e-121	0.319735471618956	0.396	0.103	4.85786468090507e-117
Sptbn1	2.3902045936449e-121	0.574640254109121	0.975	0.658	5.08253104792652e-117
Hmcn1	7.35858777490251e-121	0.261682733150818	0.322	0.068	1.56473010445527e-116
mt-Rnr2	8.83192321978819e-121	0.753634747433165	0.983	0.723	1.87802015345576e-116
Bri3	1.37418166859476e-120	0.60805658541157	0.988	0.827	2.92205990009989e-116
Plscr1	1.51522107902227e-120	0.330596039944975	0.618	0.216	3.22196610243295e-116
Tmed3	4.31294876060019e-120	0.608345030512366	0.916	0.566	9.17105424454025e-116
Sncg	5.03383109289975e-120	0.88090404161279	0.21	0.032	1.0703938435942e-115
Gga2	1.47442516528756e-119	0.292801430239369	0.514	0.16	3.13521767146746e-115
Akr7a5	1.49093726269502e-119	0.37575556465539	0.664	0.253	3.1703289953947e-115
Pcca	1.83447429156279e-119	0.275995389233623	0.485	0.145	3.90082613357911e-115
Lpcat3	4.88973735755343e-119	0.385795992968127	0.677	0.26	1.03975375171016e-114
Hacd4	1.15657962313023e-118	0.614228983478995	0.911	0.501	2.45935091062412e-114
Nbdy	5.6069580878511e-118	0.359242897892911	0.678	0.26	1.19226356780066e-113
Acadl	1.35147205129123e-117	0.527440383161399	0.856	0.436	2.87377016986568e-113
Mrpl48	2.66501348802648e-117	0.50939175950858	0.885	0.466	5.6668846809395e-113
Zfp664	7.22235540245949e-117	0.358990003304163	0.671	0.252	1.53576165277899e-112
Mpc1	1.44612687395036e-116	0.593138402497881	0.937	0.642	3.07504418476804e-112
Rnf11	2.67626288626112e-116	0.497101602884817	0.817	0.392	5.69080540134566e-112
St3gal2	3.19228313811487e-116	0.273113941525219	0.489	0.146	6.78807086488746e-112
Tspan5	8.69038599258188e-116	0.291246843793416	0.515	0.164	1.84792367746261e-111
Spcs1	2.26477280665552e-115	0.591293239818143	0.958	0.722	4.81581289607229e-111
Insig2	3.799699908783e-115	0.35812558827827	0.689	0.264	8.07968188603616e-111
Akr1b3	8.35108653263441e-115	0.562912592224177	0.907	0.528	1.77577504029938e-110
Tmem223	9.99419768941916e-115	0.471251063993805	0.765	0.345	2.12516619667809e-110
Sfxn3	1.12455610060117e-114	0.337112716110513	0.621	0.223	2.39125609231832e-110
Pam	1.39239660452267e-114	0.322352615651748	0.762	0.299	2.96079213985701e-110
Fdx1	1.52839182394632e-114	0.331382624212944	0.712	0.274	3.24997237443945e-110
Sra1	3.74594299576008e-114	0.57713778108218	0.912	0.565	7.96537318618423e-110
mt-Cytb	4.85208926868826e-114	0.493389481089383	1	0.997	1.03174826209387e-109
Ddb1	8.74677575063652e-114	0.53123816490381	0.912	0.496	1.85991439561535e-109
Eci1	2.73702269691657e-113	0.383912407000305	0.723	0.295	5.82000506272339e-109
Vkorc1	5.2019162148873e-113	0.480099844075774	0.864	0.428	1.10613546393363e-108
Mindy1	7.43833836493446e-113	0.330241517528942	0.688	0.259	1.58168826991966e-108
Hacd2	7.88714078995999e-113	0.374291575553318	0.646	0.246	1.67712161757709e-108
Ifi27l2a	8.82960673441019e-113	0.729667715495562	0.969	0.808	1.87752757600498e-108
Ptgs1	2.26599253771558e-112	0.569095524693853	0.893	0.455	4.81840653219841e-108
Rpl29-ps5	4.1381324780822e-112	0.454644206829123	0.848	0.388	8.799324901394e-108
Acaa1a	4.30866357675332e-112	0.542351620613268	0.912	0.544	9.16194222960825e-108
Mt1	6.16023037605239e-112	0.849760168557298	0.986	0.803	1.30991138716378e-107
Gcnt1	2.28757609846776e-111	0.301862908728081	0.592	0.207	4.86430181578185e-107
Isoc1	5.61540014441107e-111	0.446490964585321	0.886	0.467	1.19405868670757e-106
Hint2	2.13049550326023e-110	0.448313302147533	0.837	0.397	4.53028563813255e-106
Cbx6	4.86912923499941e-110	0.282813463655306	0.595	0.201	1.03537164053027e-105
Osr1	7.11739996269664e-110	0.393677745877572	0.388	0.102	1.51344392806781e-105
Slc25a39	3.61282974452595e-109	0.503523987921833	0.852	0.449	7.68232116875998e-105
Cdk4	6.31940882872064e-109	0.543842468452965	0.878	0.497	1.34375909333916e-104
Sprr1a	7.96427986141519e-109	0.316241172720868	0.114	0.009	1.69352446973133e-104
Ddost	1.0553296046936e-108	0.551385315395003	0.95	0.669	2.24405287142048e-104
Sntb2	3.79739712685346e-108	0.375096539789935	0.779	0.327	8.0747852505412e-104
Selenow	4.90665347916827e-108	0.577631217499043	0.983	0.886	1.04335079581034e-103
Pafah1b3	1.4058398976955e-107	0.345578600750971	0.672	0.265	2.98937795845972e-103
Tmem147	1.41638395337524e-107	0.504702176678038	0.886	0.494	3.01179883845711e-103
Psmb10	2.44689621024093e-107	0.677964232345508	0.969	0.747	5.20308010145632e-103
Arl3	5.65238512343749e-107	0.360889222302884	0.74	0.309	1.20192317264775e-102
Ccser2	9.18405729735792e-107	0.346727981632534	0.669	0.259	1.95289794371019e-102
Vamp8	2.92094890998182e-106	0.582627385136784	0.984	0.831	6.21110576218534e-102
Pebp1	3.74228144340673e-106	0.528517803735254	0.962	0.744	7.95758726126007e-102
Celf4	5.66982955124205e-106	0.28354925706026	0.456	0.139	1.20563255577611e-101
Cdc42ep2	7.44202147065019e-106	0.340341759223902	0.635	0.241	1.58247144551906e-101
Myl12a	8.8501577837674e-106	0.547633055319334	0.974	0.844	1.8818975511403e-101
Guk1	2.0849636424818e-105	0.45045705880298	0.831	0.409	4.4334666893733e-101
Stard5	6.06970773087906e-105	0.261612740363819	0.495	0.161	1.29066265189412e-100
Tap2	8.9637511851011e-105	0.531048019845604	0.864	0.473	1.9060520519999e-100
Arhgap5	2.43090092529501e-104	0.375481706913567	0.859	0.406	5.1690677275473e-100
Plxnb2	2.45582401562706e-104	0.476065916349309	0.856	0.428	5.22206418682937e-100
Suclg2	2.80030207458892e-104	0.377100543969052	0.719	0.304	5.95456233140589e-100
Arhgap10	3.28093537831322e-104	0.315802797522467	0.667	0.255	6.97658098844523e-100
Wls	9.51369983997258e-104	0.532389518337905	0.889	0.484	2.02299313397177e-99
Gbp3	4.54243136759512e-103	0.538532556852947	0.82	0.408	9.65902606005425e-99
Lxn	8.51520139965422e-103	0.301426912347034	0.57	0.209	1.81067242562247e-98
Thra	1.66082385288576e-102	0.262347002125376	0.724	0.275	3.53157584077628e-98
Plec	7.13976865019771e-102	0.455278698331349	0.878	0.433	1.51820040577804e-97
Anapc1	8.3499875590591e-102	0.399362674292311	0.75	0.328	1.77554135455833e-97
Aig1	1.73050735298999e-101	0.328505210414702	0.708	0.289	3.67975083539792e-97
Cp	1.01592574635236e-100	0.62087041650083	0.697	0.298	2.16026450704367e-96
Tpd52l2	1.58929117289134e-100	0.492682750308251	0.852	0.48	3.37946875003614e-96
Gsdmd	1.99541892183378e-100	0.416057745945273	0.797	0.379	4.24305879538736e-96
Grina	2.1151184038753e-100	0.573150448296716	0.932	0.613	4.49758777400044e-96
1110008P14Rik	4.50082350841766e-100	0.409050823624055	0.758	0.347	9.57055110829932e-96
Zfp771	9.91909377532017e-100	0.312334884867681	0.627	0.243	2.10919610038408e-95
Tmem109	1.16771946233404e-99	0.434603033414362	0.786	0.371	2.48303866470709e-95
Cbr1	3.20049445861154e-99	0.256690048505708	0.59	0.217	6.80553141679158e-95
Vps13a	4.75358993413415e-99	0.389471241451147	0.741	0.325	1.01080336359429e-94
Endod1	1.07937882388813e-98	0.260497835178555	0.576	0.209	2.29519113111572e-94
Ptma	2.01389274505206e-98	0.438955423943864	0.997	0.991	4.28234153307871e-94
Wwc2	3.78865723414418e-98	0.271050020157316	0.675	0.259	8.05620074268417e-94
Bst2	4.57182153013412e-98	0.59212387717016	0.948	0.729	9.72152130167718e-94
Mbp	7.37063054088598e-98	0.303094792234395	0.686	0.284	1.56729087821399e-93
Plekhb2	7.54214907832804e-98	0.391600000372734	0.729	0.323	1.60376258001567e-93
Dpm3	9.8010208616644e-98	0.508995294245066	0.957	0.716	2.08408907602432e-93
Plscr3	1.62029060370144e-97	0.313599869483152	0.627	0.247	3.44538593971074e-93
Myo1c	1.89831318542817e-97	0.435317015643846	0.81	0.394	4.03657315749445e-93
Kdelr1	4.88799288196747e-97	0.492533354194165	0.935	0.59	1.03938280642156e-92
Lyrm2	5.52311890188764e-97	0.355782806264805	0.722	0.315	1.17443600329739e-92
Npm1	7.56819677531858e-97	0.495120347216132	0.983	0.941	1.60930136230374e-92
Arf5	9.88060384986559e-97	0.481093791932211	0.983	0.878	2.10101160263542e-92
Itgav	1.55121074676747e-96	0.3893956307121	0.817	0.38	3.29849453192636e-92
Galk1	2.16597363369421e-96	0.336241761013047	0.702	0.296	4.60572633468736e-92
Anapc13	2.88405994655382e-96	0.502782014841282	0.941	0.627	6.13266507035204e-92
C1d	9.12497637345185e-96	0.505134537156691	0.854	0.485	1.9403349760508e-91
Gnptab	1.11412361468327e-95	0.308855689288424	0.583	0.223	2.3690724542625e-91
Lypd8	1.20294868648414e-95	0.85542480170182	0.139	0.017	2.55795008693988e-91
Myof	1.65093196291036e-95	0.482195659136005	0.882	0.471	3.51054172593258e-91
Adam33	2.76726004232278e-95	0.254855593184482	0.363	0.1	5.88430175399516e-91
Khk	1.35290288329074e-94	0.254196714875664	0.536	0.192	2.87681269102943e-90
Naxd	2.07864209136468e-94	0.383761044423347	0.773	0.363	4.42002454307785e-90
Atl3	5.15842896177977e-94	0.405006880819849	0.793	0.381	1.09688833443285e-89
Eri3	6.45879374548868e-94	0.277827843017761	0.587	0.225	1.37339790204071e-89
Uqcr10	2.11184661135494e-93	0.502324377449483	0.987	0.869	4.49063063438515e-89
Prdx1	2.21918755906531e-93	0.47671004379877	0.995	0.93	4.71888042559647e-89
Swi5	6.81744235989064e-93	0.504506568822272	0.957	0.757	1.44966094340715e-88
Crls1	4.81835666091309e-92	0.288078646835335	0.561	0.213	1.02457536037656e-87
G6pc3	4.92077798003658e-92	0.252059174420523	0.511	0.183	1.04635422967498e-87
Sh3glb2	5.60510956365936e-92	0.267380174186813	0.605	0.237	1.19187049761653e-87
Tmem120a	1.767034500739e-91	0.295939869781049	0.545	0.208	3.75742216237141e-87
Ctnna1	3.2412773317342e-91	0.467997438077741	0.939	0.592	6.89225211819961e-87
Gm12254	3.62850979939819e-91	0.370097012246263	0.812	0.373	7.71566323744032e-87
Anxa3	5.00637177894152e-91	0.460924246188299	0.878	0.483	1.06455489507413e-86
Ppib	1.65239061895847e-90	0.463143217124681	0.997	0.913	3.51364341215329e-86
Ppa2	4.21672760734753e-90	0.270814823199636	0.635	0.256	8.96644958426378e-86
Esyt2	4.9384791861721e-90	0.368488544818345	0.779	0.361	1.05011821414764e-85
Abhd11	6.59956873067685e-90	0.267159537271258	0.579	0.224	1.40333229489113e-85
Ubxn8	8.67240444532593e-90	0.251217422484587	0.514	0.186	1.84410008125411e-85
Rbm28	1.7007325860188e-89	0.581646865339194	0.847	0.48	3.61643777091038e-85
Ginm1	1.47631928781772e-88	0.295547658153693	0.74	0.324	3.1392453336156e-84
Ndufv1	2.06415908788033e-88	0.387359778909483	0.843	0.438	4.38922788446873e-84
Arhgap18	2.56740905263245e-88	0.392258112739696	0.851	0.422	5.45933860951765e-84
Htra2	2.58992982188483e-88	0.308759591063717	0.654	0.274	5.5072267732559e-84
Cpne3	3.91158802120224e-88	0.484897237654646	0.876	0.507	8.31760076828445e-84
Eef2kmt	4.47157140469854e-88	0.286971867680139	0.625	0.256	9.50834943495097e-84
Ndufa13	9.5909879832901e-88	0.444772984583918	0.992	0.896	2.03942768476681e-83
Txnip	1.03032427499665e-87	0.494194996719328	0.984	0.749	2.19088153835287e-83
Ptms	3.32619874502765e-87	0.507706701741373	0.986	0.796	7.0728290114268e-83
Tuba1a	3.44927664559268e-87	0.4221354349919	0.888	0.53	7.33454185918828e-83
Ano6	3.57511896872751e-87	0.391539862463693	0.81	0.399	7.60213297510218e-83
Anxa11	6.57419997834738e-87	0.353853391277224	0.736	0.335	1.39793788339579e-82
Tax1bp3	7.75653512662537e-87	0.327136919936527	0.774	0.365	1.64934962932562e-82
Trim35	1.78694822565583e-86	0.330257238441082	0.8	0.38	3.79976670703456e-82
Usp50	3.27742224921698e-86	0.261841037002803	0.553	0.214	6.96911067073499e-82
Hsd17b10	6.04837918175613e-86	0.421129876089705	0.825	0.454	1.28612734920862e-81
Tusc3	6.75078128018815e-86	0.279057643681746	0.638	0.264	1.43548613141921e-81
AL603804.1	1.01129830778176e-85	0.265465236858365	0.565	0.221	2.15042472166714e-81
Arid4b	1.05306407312025e-85	0.456082865970617	0.837	0.462	2.2392354450829e-81
Urod	1.22723186286336e-85	0.250171730810465	0.559	0.215	2.60958583319264e-81
Yif1a	1.42312416700702e-85	0.361608930344522	0.766	0.366	3.02613122872372e-81
Clic4	1.50868715715517e-85	0.627398290734952	0.933	0.637	3.20807237097475e-81
Dennd4c	2.47367164620785e-85	0.298989917747655	0.584	0.234	5.26001538849637e-81
Hyi	3.15484676965284e-85	0.285564082493224	0.692	0.289	6.70846617098979e-81
Gas5	4.6797161472168e-85	0.513504958287388	0.962	0.759	9.95094841544179e-81
Fkbp2	5.15132872084817e-85	0.499503789140748	0.946	0.675	1.09537853920115e-80
Eny2	9.786079876207e-85	0.459127462204366	0.911	0.582	2.08091202487666e-80
Ndufs2	1.15045085905092e-84	0.451574375775058	0.922	0.606	2.44631870668588e-80
Cpt1a	4.35157964271822e-84	0.336833698993106	0.725	0.333	9.25319895227603e-80
March8	4.50082936289127e-84	0.260581540051162	0.541	0.208	9.57056355725199e-80
Bola1	9.00376151567041e-84	0.290185605099467	0.635	0.269	1.91455984869216e-79
Gbp9	9.03462317501411e-84	0.333951284817058	0.63	0.27	1.921122271935e-79
Spr	1.66811723210145e-83	0.337902866576392	0.737	0.346	3.54708448234052e-79
Cd63	1.81712749498051e-83	0.415375392941556	0.967	0.595	3.86393990532656e-79
Sigmar1	4.97121933501431e-83	0.271276886078171	0.65	0.273	1.05708007939744e-78
Tmem43	9.01375314803697e-83	0.289548986637859	0.536	0.208	1.91668446939858e-78
Yipf3	2.30587289417977e-82	0.362601117267169	0.829	0.421	4.90320812218387e-78
Mrfap1	2.82946425179462e-82	0.451959589296442	0.969	0.827	6.01657278501608e-78
Uqcc3	5.00252893635858e-82	0.383282393657848	0.859	0.46	1.06373775302729e-77
Nbeal1	7.3572447444603e-82	0.360302447297334	0.812	0.397	1.56444452246204e-77
Exosc7	8.34993120836743e-82	0.291999532206467	0.692	0.308	1.77552937214725e-77
Ybx3	8.59978345347743e-82	0.463918546608555	0.927	0.599	1.82865795354744e-77
Txndc5	1.17896436403664e-81	0.355168649660467	0.77	0.365	2.5069498236875e-77
Ech1	2.38772809322223e-81	0.458306590799924	0.915	0.574	5.07726501742775e-77
Clpp	2.45774832812367e-81	0.284243241501737	0.682	0.303	5.22615604492217e-77
Emc10	4.65322385425514e-81	0.406561546918864	0.899	0.541	9.89461520368813e-77
1810022K09Rik	5.0043341871967e-81	0.42163035648202	0.86	0.464	1.06412162156551e-76
Slc50a1	1.27917332596047e-80	0.355752136084768	0.825	0.425	2.72003416032234e-76
Golgb1	1.3067193011889e-80	0.437689741318916	0.854	0.477	2.77860792204808e-76
Slc31a2	2.64592774958396e-80	0.346273203829224	0.756	0.368	5.62630076671534e-76
Anxa5	3.93580697039904e-80	0.382622601285154	0.971	0.826	8.36909994185653e-76
Fam102b	4.97851749780899e-80	0.253316848147466	0.739	0.329	1.0586319607341e-75
Sptssa	7.79257952512406e-80	0.448476972054253	0.92	0.576	1.65701411022238e-75
B4galt1	9.49187117030751e-80	0.45936367151265	0.858	0.485	2.01835148565419e-75
March2	1.24446333493759e-79	0.36923455856983	0.788	0.402	2.64622683541129e-75
Tnip1	6.46699479265034e-79	0.25595984923172	0.613	0.257	1.37514177270917e-74
Relb	7.70066024460989e-79	0.256513387702579	0.678	0.298	1.63746839441385e-74
Xdh	2.82179452061955e-78	0.412001353133009	0.855	0.469	6.00026386864542e-74
Icam1	4.29294557142283e-78	0.318557984827069	0.822	0.454	9.1285194630735e-74
Naa38	5.14015108045429e-78	0.449198511064042	0.884	0.563	1.0930017257478e-73
Romo1	5.2164121441963e-78	0.437867491133223	0.975	0.775	1.1092178783419e-73
Fmc1	9.7030101182941e-78	0.385758304550432	0.782	0.405	2.06324807155406e-73
Fis1	1.53659428054988e-77	0.439635843113463	0.967	0.798	3.26741407816126e-73
Tulp4	1.69824344015518e-77	0.380359808764107	0.797	0.404	3.61114485114596e-73
Gm4332	4.59398928478289e-77	0.276522486779374	0.644	0.277	9.76865881516234e-73
Mrpl38	4.92446206882014e-77	0.29556656553154	0.631	0.279	1.04713761431391e-72
Pgap2	6.89361293129712e-77	0.320907008048953	0.703	0.336	1.46585785371102e-72
Ifi202b	8.71577601834752e-77	0.343854166346756	0.871	0.493	1.85332261254142e-72
Tecr	1.01216635789329e-76	0.382536529711823	0.928	0.595	2.1522705434243e-72
Rbbp7	1.93464494699921e-76	0.356803909362896	0.886	0.493	4.11382901529911e-72
Cyhr1	2.84349628030705e-76	0.304174305150029	0.705	0.328	6.0464104904449e-72
Ube4b	2.94746675613658e-76	0.305979435774651	0.651	0.296	6.26749331024882e-72
Rps2	5.22184941076881e-76	0.435660654375429	1	0.992	1.11037405870588e-71
Piezo1	6.04911359937148e-76	0.319653389017398	0.575	0.245	1.28628351577035e-71
CT010467.1	6.53332413614759e-76	0.386150329466183	0.895	0.499	1.38924604431042e-71
Fnta	1.02010683019379e-75	0.278524629951169	0.724	0.334	2.16915516372408e-71
Hadh	1.29126219337844e-75	0.301182603269249	0.705	0.328	2.74573992799992e-71
Gde1	1.57727262788988e-75	0.260810347429898	0.684	0.307	3.35391251594503e-71
Bad	6.58907835805072e-75	0.348981477606029	0.788	0.41	1.40110162205591e-70
Glrx2	8.0705125185846e-75	0.393365698902037	0.876	0.51	1.71611378195183e-70
Il13ra1	1.04582820515139e-74	0.275884637805385	0.75	0.35	2.22384909543391e-70
Ifnar2	7.72499726775837e-74	0.459448427921359	0.945	0.723	1.64264341901614e-69
Ext2	9.34960508351727e-74	0.262387920657698	0.664	0.295	1.98810002495911e-69
Naxe	2.00568136820269e-73	0.330485297644919	0.795	0.4	4.2648808613462e-69
Eef1d	4.63426024448819e-73	0.422777475542833	0.99	0.837	9.85429098387968e-69
Rpl41	1.66277667601331e-72	0.373769481337034	1	0.999	3.5357283238747e-68
Bcap31	3.2981983108562e-72	0.421372911676198	0.932	0.641	7.01328888820462e-68
Map1lc3b	1.13403224239851e-71	0.42856072246302	0.976	0.857	2.4114061602362e-67
Idnk	1.48147537280069e-71	0.366701440978662	0.83	0.473	3.15020923272339e-67
Vwa5a	2.24155601445667e-71	0.380719858054965	0.869	0.49	4.76644470914065e-67
Mat2b	2.95852901756702e-71	0.369385786827147	0.825	0.465	6.29101610295452e-67
Hmgn2	3.17184802420611e-71	0.354257395353121	0.848	0.466	6.74461763867187e-67
Cbx5	2.11646242827555e-70	0.315296341057599	0.77	0.38	4.50044570748513e-66
Glo1	2.53307964755488e-70	0.317278722940772	0.787	0.408	5.38634056256069e-66
Mtch1	2.60739241960508e-70	0.394598593665896	0.928	0.627	5.54435924104825e-66
Psme1	1.03312201112316e-69	0.414254627982876	0.995	0.9	2.19683064445229e-65
Setd7	1.2851686510096e-69	0.250849410431518	0.62	0.271	2.7327826195068e-65
Psmd10	1.96034442879435e-69	0.289159870575535	0.634	0.298	4.16847639338831e-65
Tagln2	1.00533025983744e-68	0.414737635136791	0.991	0.88	2.13773426451834e-64
Mtx2	1.3910344667115e-68	0.280209220291662	0.725	0.356	2.95789569001534e-64
Kctd10	1.92531865856019e-68	0.276592058640962	0.583	0.257	4.09399759556239e-64
Anxa7	2.01762158237206e-68	0.338349815716121	0.753	0.39	4.29027053275594e-64
Bcl7c	4.74797674389934e-68	0.348670043825255	0.783	0.423	1.00960977482276e-63
Ndufb9	6.30751629598019e-68	0.392069495779878	0.984	0.848	1.34123026517723e-63
Ccng1	6.35010597805413e-68	0.453595727390081	0.718	0.386	1.35028653517343e-63
mt-Rnr1	3.9872604469716e-67	0.50921029610801	0.983	0.72	8.47851061444041e-63
Xaf1	5.09901052879305e-67	0.2883224076733	0.723	0.358	1.08425359884255e-62
Tmbim4	8.21139849756277e-67	0.410599812422458	0.89	0.579	1.74607177652175e-62
H2-T22	3.12090590471278e-66	0.348064765212598	0.812	0.45	6.63629431578125e-62
Yif1b	4.39836674596265e-66	0.33988265267844	0.82	0.453	9.35268704861499e-62
Cltb	1.26983233809118e-65	0.332425870337935	0.831	0.464	2.70017148371708e-61
Stub1	3.31518322752242e-65	0.390384388631675	0.899	0.59	7.04940561500368e-61
Mrps34	3.49245221699058e-65	0.311197827552798	0.725	0.373	7.42635039420877e-61
Eci2	5.18902424223846e-65	0.255486269221108	0.723	0.35	1.10339411486959e-60
Lpp	5.68857975724058e-65	0.340927474269647	0.897	0.545	1.20961959957964e-60
Polr3k	2.00587051024982e-64	0.359920399478784	0.637	0.31	4.26528305299521e-60
Basp1	2.06721351255602e-64	0.468678346311199	0.935	0.645	4.39572281309913e-60
Smarca2	2.56478024025564e-64	0.301712269973181	0.753	0.381	5.4537487028796e-60
Chchd2	2.95286007703691e-64	0.336772763387751	0.999	0.984	6.27896166781128e-60
Mettl9	3.23272112248362e-64	0.318445789897823	0.797	0.426	6.87405819484917e-60
Park7	3.58335989938732e-64	0.398362084667294	0.965	0.799	7.61965649005719e-60
Sqor	3.9705002523606e-64	0.270585107712085	0.714	0.342	8.44287173661957e-60
Rab12	6.25280098998516e-64	0.271993389040915	0.716	0.354	1.32959560251044e-59
Stmn2	1.19635188533432e-63	0.75539291308799	0.176	0.04	2.54392264897489e-59
Nagk	1.32242325441677e-63	0.276425968118325	0.702	0.347	2.81200080819182e-59
Retreg2	6.63895795492015e-63	0.250923669378598	0.69	0.335	1.41170801953422e-58
Birc2	4.11563115844353e-62	0.291064985722807	0.667	0.328	8.75147809531432e-58
Rps10-ps2	1.05234828889955e-61	0.282993854639958	0.809	0.413	2.23771340151601e-57
Atraid	2.1712533021589e-61	0.297682594513958	0.813	0.44	4.61695302171068e-57
Tmem59	2.52883128037904e-61	0.364493474229364	0.975	0.78	5.37730683459799e-57
Edf1	4.68415395766508e-61	0.37412856147235	0.982	0.834	9.96038497557903e-57
Gbp5	1.55640731198074e-60	0.368738648669824	0.65	0.316	3.30954450819586e-56
Bnip3l	1.83872175346317e-60	0.373526830074363	0.922	0.649	3.90985793656409e-56
Sypl	2.14062247181894e-60	0.35333172706301	0.867	0.519	4.5518196240758e-56
Sdf2	2.54495245540653e-60	0.283909948717251	0.803	0.431	5.41158690117645e-56
Bex3	7.9003866186139e-60	0.286050434463619	0.719	0.369	1.67993821058206e-55
Fibp	1.98364313732479e-59	0.257756844823631	0.731	0.373	4.21801876720744e-55
Pdcd6	2.59274890710514e-59	0.345674142043926	0.884	0.572	5.51322127606837e-55
Ywhaq	6.34140982383968e-59	0.352384367681351	0.952	0.728	1.34843738494127e-54
Cxcl16	6.89237638947213e-59	0.255322570846072	0.911	0.571	1.46559491545735e-54
Dynll1	1.55291495682576e-58	0.408231386447198	0.99	0.876	3.30211836419429e-54
Polr2e	1.824465886108e-58	0.333195281284558	0.865	0.533	3.87954426022005e-54
Atp5o.1	2.05360754214118e-58	0.373729993234613	0.949	0.602	4.366791077609e-54
Mvb12a	2.15545625699568e-58	0.294256913053363	0.784	0.428	4.58336218487562e-54
Surf4	2.30488580021325e-58	0.362328279547624	0.905	0.616	4.90110916557345e-54
Elof1	2.57917429792704e-58	0.289482039704505	0.799	0.434	5.48435622711206e-54
Atg3	4.04980201118838e-58	0.408621075242797	0.872	0.576	8.61149899659096e-54
Yipf1	4.67155174009756e-58	0.293618839805463	0.722	0.383	9.93358762014346e-54
Carhsp1	8.72070692424275e-58	0.272690422779254	0.711	0.361	1.85437112037098e-53
Elob	1.03351399758391e-57	0.354065711757762	0.997	0.94	2.19766416446242e-53
Psme2	2.67421012721772e-57	0.35756926764924	0.979	0.812	5.68644041451575e-53
Tut4	3.16516525003153e-57	0.326303226623589	0.851	0.497	6.73040738766704e-53
Ndufa1	8.65277932957171e-57	0.353083621619512	0.971	0.798	1.83992699664013e-52
Dnajc10	3.82863327520653e-56	0.277005816564159	0.737	0.391	8.14120579639917e-52
Rps19	3.84060337390447e-56	0.332801977452231	0.995	0.989	8.16665901427046e-52
Ndufb11	5.52630527763929e-56	0.342382808147899	0.973	0.817	1.17511355423722e-51
Smim7	5.55899391266984e-56	0.28800910940129	0.78	0.431	1.18206446559012e-51
Hmg20b	7.22186051698541e-56	0.301593301371432	0.8	0.458	1.53565642033178e-51
Mrpl14	2.27651409199057e-55	0.335752015016107	0.861	0.542	4.84077956520875e-51
Rpsa	2.86642998124664e-55	0.317961248976339	0.996	0.991	6.09517671212286e-51
Nucb2	2.95439154045318e-55	0.278486836268296	0.722	0.379	6.28221817161965e-51
Atp5d	3.02453777409537e-55	0.348393972928747	0.979	0.867	6.4313771228364e-51
Commd3	4.74566742792794e-55	0.340953231242015	0.835	0.506	1.0091187218746e-50
Ube2r2	1.27967053614669e-54	0.341124991842289	0.898	0.588	2.72109142806232e-50
Acadm	1.74650891140683e-54	0.273744531802156	0.81	0.458	3.71377654921547e-50
Card19	3.77210448459166e-54	0.304278755252343	0.858	0.508	8.02100297603571e-50
Por	1.85472770092563e-53	0.329939364136608	0.855	0.519	3.94389298324827e-49
Prpf19	2.30503253493423e-53	0.282722433628747	0.727	0.401	4.90142118228415e-49
Rps10-ps1	2.41391106433435e-53	0.260532910825875	0.839	0.445	5.13294048720057e-49
Fuca1	2.17371284425949e-52	0.336789230596861	0.892	0.572	4.62218299203337e-48
Ufc1	4.88519172477958e-52	0.337202271287015	0.895	0.623	1.03878716835713e-47
Cops6	2.97356769428134e-51	0.33895706324699	0.878	0.583	6.32299434511983e-47
Etfb	5.26385601651683e-51	0.362766353618575	0.942	0.678	1.11930634335214e-46
Rpl36a	1.68042334300015e-50	0.289645485616027	0.995	0.969	3.57325219655551e-46
Nfic	1.70640089969547e-50	0.265514934289502	0.893	0.569	3.62849087311245e-46
Arl1	2.0741727937383e-50	0.29329175554324	0.92	0.622	4.41052102860511e-46
Fundc2	2.53311358246538e-50	0.297958792515573	0.864	0.558	5.38641272175438e-46
Fam162a	2.8767577005044e-50	0.278039618088904	0.856	0.523	6.11713757435256e-46
Timm13	4.3256918211817e-50	0.346592139616812	0.957	0.746	9.19815108856076e-46
Mvp	5.76372349134464e-50	0.295108504206119	0.833	0.501	1.22559816319953e-45
Lrp10	8.00001005772775e-50	0.296433455112919	0.858	0.516	1.70112213867523e-45
Slc39a1	1.18950630935484e-49	0.376829199383261	0.885	0.596	2.52936621621214e-45
Trpm7	1.32919005182397e-49	0.280913522093964	0.763	0.423	2.82638972619849e-45
Mdh1	1.93235274614097e-49	0.28909093282454	0.946	0.636	4.10895487939416e-45
Impdh2	2.31346508210222e-48	0.250759547586463	0.739	0.407	4.91935215058215e-44
Rab18	4.08561007892883e-48	0.307901927567848	0.878	0.56	8.68764127183427e-44
Sptan1	4.846519404156e-48	0.257963064888795	0.837	0.493	1.03056388609973e-43
Tnfrsf1a	9.26794804129125e-48	0.330136135887058	0.91	0.65	1.97073647150017e-43
Tax1bp1	2.25800878458954e-47	0.285984888522719	0.982	0.822	4.80142987955121e-43
H2afv	2.70507694432772e-47	0.253306209305941	0.899	0.551	5.75207561441847e-43
Glul	3.66294981973424e-47	0.298222174641054	0.835	0.524	7.78889649668289e-43
Ndufa5	3.82378808319162e-47	0.309183235639162	0.952	0.718	8.13090298009867e-43
Gpx4	4.19091481169704e-47	0.349472754817401	0.975	0.846	8.91156125559259e-43
Suclg1	3.25400321366688e-46	0.255375001727821	0.829	0.492	6.91931243354125e-42
Hdgf	4.41030712253388e-46	0.341139862386981	0.918	0.649	9.37807706535605e-42
Sec62	6.79063512226914e-46	0.291542963505534	0.983	0.821	1.44396065239931e-41
Mbnl2	9.97177623315442e-46	0.268420978783197	0.933	0.663	2.12039849821795e-41
H2-K1	2.12149540940175e-45	0.337189535592632	0.996	0.966	4.51114783855189e-41
Bola3	4.51885951302096e-45	0.2694004010602	0.801	0.472	9.60890286848778e-41
Psmg4	3.9997272289826e-44	0.259954140783707	0.827	0.505	8.50501997970861e-40
Hsbp1	7.38144808171171e-44	0.278300664870837	0.948	0.748	1.56959112009518e-39
Atp5g3	1.43321873758088e-43	0.306326250239628	0.971	0.792	3.04759632359197e-39
Ssr3	2.3086050057179e-43	0.298684584124506	0.956	0.728	4.90901768415855e-39
Hpgd	1.14965538084605e-41	0.870859449039338	0.502	0.292	2.44462720183104e-37
Med28	1.3932020659304e-41	0.267835138696876	0.878	0.594	2.96250487299439e-37
Fbxo33	1.78126300985049e-41	0.273555180841702	0.431	0.206	3.78767766414609e-37
Actn4	1.8979268440377e-41	0.256997332684526	0.898	0.607	4.03575164116176e-37
Dctn3	5.32911176931979e-41	0.285053392812979	0.892	0.632	1.13318232662816e-36
Cox20	4.43517000453547e-40	0.261164766413368	0.868	0.568	9.43094549764422e-36
Uba1	7.09438177192344e-40	0.277672576659968	0.889	0.608	1.5085493399818e-35
Nop10	1.58773322617741e-39	0.284541217485142	0.94	0.717	3.37615593214364e-35
Morf4l2	3.52908513765747e-39	0.275067294666367	0.892	0.613	7.50424663671485e-35
Leprot	2.24589483763795e-38	0.250192611187069	0.833	0.517	4.77567078275334e-34
Vcp	6.16740506429284e-38	0.306240166732982	0.979	0.82	1.31143701287123e-33
Nme1	3.26013876720161e-37	0.291891169545526	0.949	0.747	6.9323590745775e-33
Cope	1.27110510718643e-36	0.281749335591452	0.94	0.679	2.70287789992123e-32
Fkbp8	4.03083544181841e-36	0.262132125661337	0.905	0.641	8.57116848348267e-32
Ost4	1.93861145533915e-35	0.273699160741916	0.962	0.855	4.12226339863318e-31
Nucb1	4.83358449073896e-35	0.254199000881641	0.864	0.571	1.02781340611073e-30
Atp5g1	7.48482332329536e-35	0.279801944879993	0.979	0.864	1.59157283146552e-30
Tmco1	3.03584301205686e-34	0.250078619889686	0.963	0.723	6.4554165808377e-30
Ssr4	3.27220530080909e-34	0.278957398235181	0.975	0.839	6.95801735164045e-30
Rer1	7.77544296829584e-34	0.251340754495224	0.925	0.7	1.65337019277843e-29
Klf4	1.95519524319521e-33	0.373167751729531	0.816	0.534	4.1575271651303e-29
Gm15772	6.99643448263922e-32	0.321467197881912	0.895	0.578	1.4877218283884e-27
Rtraf	2.81143716455355e-31	0.251680474669481	0.949	0.749	5.97823998670666e-27
Rps27l	1.63848089201855e-25	0.30672307057534	0.973	0.885	3.48406576878825e-21
