id	p_val	avg_log2FC	pct.1	pct.2	p_val_adj
Fn1	0	2.7218687439569	0.849	0.409	0
Capg	0	1.29074081912381	0.869	0.453	0
Gapdh	0	1.1086692518137	0.998	0.971	0
Arg1	0	2.25088682481436	0.907	0.325	0
F10	0	1.47965579424786	0.834	0.22	0
Ccl9	0	1.68130679202242	0.93	0.399	0
Ccl6	0	1.80116222174452	0.964	0.529	0
Slc16a3	0	0.97904862025834	0.711	0.23	0
Pgk1	4.29988321945481e-306	1.16150482344684	0.956	0.678	9.1432716778487e-302
Ctss	2.2747542073157e-301	1.13583082913773	0.987	0.633	4.83703734643611e-297
Cyba	2.10369130525857e-293	1.01774251546143	0.996	0.955	4.47328919150183e-289
Lgals3	5.89625580495637e-277	1.19774557314488	0.983	0.676	1.25377983436592e-272
S100a4	3.37990602192919e-275	1.36196577263943	0.89	0.471	7.18703216503022e-271
Gda	1.26359414878504e-269	1.04847195512686	0.918	0.519	2.6869065979765e-265
Cfp	3.12606062173666e-267	1.03639121710021	0.908	0.466	6.64725530606082e-263
Srgn	6.38226197487689e-267	1.3126740094584	0.985	0.705	1.35712418633782e-262
Cebpb	2.1417340946205e-262	1.05408137005369	0.989	0.808	4.55418337880103e-258
Ccl24	3.49181833768404e-261	1.98431706200777	0.815	0.402	7.42500251325133e-257
Dok2	3.23711994200745e-258	0.931617889286314	0.806	0.357	6.88341184468465e-254
Mif	4.77938387949961e-255	1.11784689884715	0.957	0.761	1.0162881881368e-250
Ctsz	1.02045521550648e-253	0.844228679414203	0.995	0.893	2.16989597025299e-249
Fcgr2b	5.16607955100979e-251	1.08454772164361	0.958	0.572	1.09851515572672e-246
Hif1a	1.08994784410786e-246	1.18249804339202	0.956	0.716	2.31766509571094e-242
Tpi1	1.10193754438131e-246	1.01285457214522	0.955	0.729	2.34315999437242e-242
Ldha	1.46280395994221e-242	0.878683205876975	0.986	0.831	3.11050634042112e-238
Cstb	4.80776202291126e-238	1.06775483025126	0.955	0.747	1.02232251655185e-233
Pkm	1.46321140738977e-233	0.859758375468519	0.987	0.841	3.1113727366736e-229
Gpx1	1.06010680756942e-229	1.17720782251305	0.995	0.901	2.25421111561562e-225
Pgam1	2.63396726820652e-229	0.893639126593839	0.939	0.716	5.60086799911435e-225
Prdx5	4.57825527551654e-226	1.10522343117219	0.967	0.862	9.73520201785837e-222
Eno1	3.92536458003624e-223	1.08699362486816	0.905	0.706	8.34689524298906e-219
Tarm1	1.0674593344554e-220	0.813946154003874	0.614	0.216	2.26984552878596e-216
Fgr	1.57357517985056e-216	0.716381757436821	0.676	0.26	3.34605026243424e-212
Ccr2	1.83710181089563e-216	1.12799262973616	0.841	0.413	3.90641329068847e-212
Itgb2	7.78002240402058e-214	1.03744425295657	0.857	0.49	1.65434396399094e-209
Tgfbi	3.83191779723997e-212	1.20202469116391	0.911	0.609	8.14819000405108e-208
Atox1	1.43887017710316e-211	0.721087453915702	0.98	0.904	3.05961354459217e-207
Ifi30	1.44012538374126e-210	0.878637498479078	0.977	0.73	3.06228261598741e-206
Emilin2	7.84804418952774e-208	0.779275194512111	0.859	0.442	1.66880811646118e-203
Msr1	3.33871909854409e-196	0.901260526146476	0.757	0.367	7.09945229114414e-192
Cd44	3.69336914938743e-196	0.953505305401565	0.872	0.525	7.85358015925743e-192
Tgm2	4.81201136825401e-196	1.52343414898432	0.871	0.532	1.02322609734553e-191
Aldoa	4.86592510517019e-195	0.849772835957224	0.967	0.866	1.03469031436339e-190
Osm	4.95381334721302e-193	0.960167423601292	0.745	0.329	1.05337887015138e-188
Sem1	2.49575773111401e-191	0.615899530717571	0.993	0.961	5.30697923944084e-187
Ncf4	1.47053975794517e-190	0.779178310848068	0.786	0.41	3.1269557412946e-186
Fcgr3	1.27397081953162e-183	0.853320339815373	0.964	0.582	2.70897155065204e-179
Atp6v0c	2.33510160870378e-183	0.717685997095193	0.998	0.935	4.96536006074773e-179
Pitpna	3.64768949183056e-180	0.677273041546869	0.958	0.785	7.75644693542849e-176
Ptpn1	5.10307029299932e-179	0.793489469569462	0.941	0.709	1.08511686710338e-174
Arpc1b	7.48009726472981e-177	0.590520095320948	0.997	0.96	1.59056788237215e-172
Calm1	4.15298165801763e-176	0.581479918643471	1	0.987	8.83090019760868e-172
Ltb4r1	1.06873782838439e-175	0.741312899331523	0.623	0.251	2.27256411827657e-171
Chil3	2.60081528716955e-174	1.90055617700363	0.523	0.189	5.53037362663734e-170
Zeb2	3.89620043699336e-174	0.828285988614998	0.974	0.67	8.28488060922267e-170
F7	7.60737696685805e-174	0.648632528323611	0.345	0.087	1.6176326382327e-169
Csf2ra	1.52343723280039e-172	0.717051523401175	0.803	0.472	3.23943693182675e-168
Cdkn1a	9.80245462269027e-170	0.842872647629848	0.93	0.573	2.08439395096886e-165
Pycard	4.72590783207956e-169	0.832774118866863	0.867	0.611	1.0049170414134e-164
Mafb	1.63146003977557e-168	0.893931577066668	0.923	0.534	3.46913662857877e-164
Il1b	8.18325218496952e-167	0.995738179028986	0.859	0.488	1.74008674461192e-162
Emb	3.51233193795707e-165	0.683694644930857	0.82	0.436	7.46862263287192e-161
Clec4e	4.37401069248915e-165	1.129509906794	0.434	0.144	9.30089633650894e-161
Fxyd5	1.5045690251098e-164	0.780096822913816	0.976	0.713	3.19931557499347e-160
Prkcd	2.61784138859023e-162	0.901351991511536	0.847	0.53	5.56657792869827e-158
Arpc2	6.93976776500573e-162	0.528707602917881	1	0.969	1.47567221755082e-157
Gpr35	8.09948932666952e-162	0.599677519755241	0.574	0.232	1.72227541042301e-157
Ccr1	2.64698349698983e-160	0.736565279086954	0.86	0.454	5.62854570799918e-156
Arpc5	1.33492486510602e-158	0.615093343630795	0.978	0.871	2.83858423316143e-154
Thbs1	6.26724240210261e-156	1.24924733566757	0.676	0.36	1.3326664243831e-151
Fcer1g	1.83315250235033e-155	0.759455512142042	0.988	0.663	3.89801548099775e-151
Adssl1	3.12538486057528e-155	0.511435850685511	0.423	0.141	6.64581836752728e-151
Cd53	9.65442247922806e-154	0.784367869840138	0.958	0.62	2.05291639598306e-149
Il1rn	1.20549887589184e-153	0.823657385698114	0.612	0.255	2.5633728096964e-149
Eif5a	4.28778825190778e-153	0.6119890614133	0.981	0.905	9.1175529388567e-149
Rap1b	5.14067169285442e-153	0.648234302104441	0.972	0.892	1.09311242876856e-148
Ccr5	3.08178134662267e-152	0.794633958249912	0.884	0.513	6.55309985545845e-148
Ms4a6d	6.16748830146226e-152	0.832604706218541	0.853	0.469	1.31145471242293e-147
Cd84	5.08289351400451e-151	0.646928052500032	0.768	0.394	1.08082647681792e-146
Gm2a	5.37626849640991e-151	0.618517671895416	0.939	0.73	1.1432097330766e-146
Csf2rb	3.45269047207128e-150	0.673647674601572	0.772	0.407	7.34180101981236e-146
Psap	2.4223277788771e-149	0.763643186042978	1	0.954	5.15083778900428e-145
Alox5ap	3.08718239002015e-149	0.778773668079731	0.88	0.538	6.56458463413884e-145
Rpl36al	5.79992629888385e-149	0.618306909868339	0.986	0.922	1.23329632819466e-144
Slc7a2	4.01078871910332e-148	1.14693226062309	0.388	0.125	8.52854113230129e-144
Ncf2	1.30198877092723e-147	0.607988894322093	0.825	0.464	2.76854892249967e-143
Itgam	1.99768511628745e-146	0.89918478544432	0.739	0.411	4.24787763127363e-142
Pirb	3.4504517935421e-142	0.679997554736366	0.816	0.454	7.33704069378792e-138
Adam8	1.24490085025126e-141	0.700499614924877	0.509	0.205	2.64715716797429e-137
Fabp5	6.24667256267651e-141	1.42170595355282	0.813	0.536	1.32829245372753e-136
Cotl1	9.24895512984901e-141	0.672224212708874	0.935	0.669	1.96669781881109e-136
Spi1	1.11866785958215e-139	0.625228113416578	0.93	0.559	2.37873533661547e-135
Olr1	5.32221622292026e-139	0.863552197236324	0.289	0.077	1.13171605764176e-134
Psma7	6.82303187277244e-139	0.567851491663135	0.98	0.877	1.45084949742633e-134
Plek	1.34684813435806e-138	0.755485755778149	0.895	0.563	2.86393787289897e-134
Lyz2	5.85606813484213e-138	1.04076526641271	0.957	0.652	1.24523432819283e-133
Tnip3	8.29246844397025e-138	0.660611331464966	0.545	0.226	1.76331048992583e-133
Slc11a1	9.99537914365807e-137	0.533339305587862	0.642	0.306	2.12541742110745e-132
Plaur	1.97386821918299e-134	0.545518264617913	0.543	0.239	4.19723338127071e-130
Tyrobp	3.25909608486744e-134	0.680945793827512	0.983	0.656	6.93014191486212e-130
Msrb1	1.23599648469719e-133	0.562731013061074	0.814	0.537	2.6282229250601e-129
Hk2	1.76347957935413e-133	0.728931597506488	0.824	0.495	3.74986297753862e-129
Cndp2	4.78031996746363e-133	0.65881630636569	0.798	0.502	1.01648723788147e-128
Tkt	9.54526802416054e-133	0.655840728827791	0.861	0.682	2.0297057926575e-128
Nfil3	2.5366150130751e-130	0.59814387596784	0.684	0.363	5.3938581638029e-126
Plin2	3.74989472355324e-130	0.750780696054162	0.85	0.644	7.97377614016361e-126
Slc15a3	3.83622554323088e-130	0.560535832630592	0.892	0.514	8.15734999512614e-126
AA467197	5.01844704244573e-130	1.55811397450706	0.54	0.246	1.06712257910566e-125
Rnase2a	2.6401188320371e-129	1.19242807245078	0.501	0.209	5.61394868444368e-125
Metrnl	4.19081381718112e-129	0.671424111776208	0.802	0.518	8.91134650085393e-125
Ftl1	2.38541068283325e-128	0.624395522235342	0.998	0.996	5.07233727597663e-124
Arl4c	3.98419247940788e-128	0.638204851252859	0.79	0.478	8.47198688821292e-124
Gm5150	8.37294575801106e-128	0.457156691126656	0.412	0.149	1.78042318598347e-123
AB124611	3.66585165141578e-127	0.526157778936971	0.644	0.314	7.79506695157051e-123
Apoc2	6.17964398304149e-127	0.955268363990178	0.251	0.062	1.31403949655394e-122
Aif1	7.84385512117676e-127	0.669328641717474	0.917	0.549	1.66791735296703e-122
Tbxas1	9.76526123363034e-127	0.544003921727659	0.712	0.378	2.07648514871916e-122
Capza2	2.3810774835461e-126	0.558193776194418	0.984	0.918	5.06312316101243e-122
Sirpb1c	6.05738437802445e-126	0.476380724839154	0.429	0.161	1.28804221414312e-121
Ostf1	9.09372594090132e-124	0.527668485692929	0.942	0.79	1.93368988407326e-119
Eif4a1	5.54417883149374e-123	0.524316202657597	0.982	0.909	1.17891418672883e-118
Vegfa	8.06573323667705e-123	0.742879768252231	0.428	0.171	1.71509751544701e-118
Rps26	3.60636620362709e-122	0.450637052196688	1	0.989	7.66857709539265e-118
Cox5a	4.30162933873879e-122	0.545830154663666	0.967	0.868	9.14698462589417e-118
Tfec	2.25412132971346e-120	0.580073996930162	0.515	0.225	4.79316359550269e-116
Tspo	1.27682063387598e-119	0.554172335488216	0.979	0.919	2.71503139587388e-115
Prtn3	1.49126410787717e-119	0.552633930569125	0.281	0.081	3.17102399899002e-115
Ndufb1-ps	3.60351847073564e-118	0.532654642919245	0.978	0.91	7.66252167617227e-114
Cd68	7.20382277587004e-117	0.556462857633731	0.896	0.554	1.531820875061e-112
Rps27a	7.24201775845397e-117	0.441908956757448	1	0.994	1.53994265615765e-112
Cdc42	3.65011568996309e-116	0.398712760788842	0.999	0.978	7.76160600313752e-112
Ms4a8a	5.67849319084931e-116	0.428514115525362	0.359	0.124	1.2074747921022e-111
Rbpj	9.39266072824852e-116	0.617688491125535	0.924	0.76	1.99725537725477e-111
Samhd1	1.36701549893745e-115	0.666278240651719	0.914	0.698	2.90682175694059e-111
Pdcd1lg2	3.46975357862188e-115	0.636743093488088	0.484	0.21	7.37808400958156e-111
Bcl2a1b	1.57995505922222e-114	0.73736533330563	0.787	0.476	3.35961643793013e-110
Cd300lf	2.04687645960308e-114	0.547281624446163	0.625	0.302	4.35247810369999e-110
Ak2	2.92953059251383e-114	0.576250676248643	0.811	0.56	6.22935385192141e-110
Tgfb1	8.38021622962076e-114	0.594824005137465	0.88	0.622	1.78196917906656e-109
Txn1	9.24235352280981e-114	0.660051449540963	0.955	0.857	1.96529405309028e-109
Slc2a1	1.39106027056517e-113	0.547400056802218	0.507	0.235	2.95795055932978e-109
Slc25a5	3.37773539829762e-113	0.509409241517046	0.95	0.848	7.18241655094005e-109
Ehd1	3.44211609148746e-112	0.641333258856977	0.835	0.617	7.31931565693894e-108
Clec4d	3.87247999758628e-112	0.48696841518045	0.313	0.099	8.23444146686746e-108
Fam20c	5.07142499337052e-112	0.506379078336292	0.407	0.165	1.07838781059031e-107
Gm21188	5.10736701682055e-112	0.40255266252952	0.453	0.182	1.08603052245672e-107
Mcub	1.92273727298095e-110	0.545931061303803	0.67	0.403	4.08850853726669e-106
Anxa3	7.27486343475194e-110	0.710276350359303	0.722	0.482	1.54692696076565e-105
Efhd2	2.82897212991709e-109	0.567884268251177	0.933	0.72	6.01552633705569e-105
Clec4a3	3.27269446374293e-109	0.541631107820601	0.786	0.448	6.95905750770297e-105
Wfdc17	2.28100796758031e-108	0.727892397174368	0.8	0.457	4.85033534226277e-104
Prelid1	8.7716816545057e-108	0.52942810440286	0.913	0.766	1.86521038701409e-103
Rai14	1.81263928576151e-107	0.536748657793347	0.413	0.177	3.85439617724326e-103
H2-DMa	6.70676188285137e-107	0.655400878595709	0.879	0.566	1.42612584676951e-102
Tuba1c	4.81242367033116e-106	0.579469129310365	0.757	0.517	1.02331376925922e-101
Atp5l	5.20843960859319e-105	0.560673085716086	0.939	0.823	1.10752259837126e-100
Cd52	1.58099314205338e-104	0.548877783436625	0.978	0.665	3.3618238172623e-100
Cox7b	2.43722960651362e-104	0.485560782881513	0.956	0.87	5.18252503529057e-100
Pfkl	2.86365213690654e-103	0.514028656136642	0.604	0.351	6.08926990391808e-99
Pfn1	8.0225978451708e-103	0.41094361983421	0.998	0.975	1.70592520579712e-98
Lilr4b	2.90598317985891e-102	0.505067023087877	0.874	0.521	6.17928263365198e-98
Clta	9.41372306275717e-102	0.504404724670666	0.986	0.932	2.00173407206469e-97
Nrg1	1.10310575938415e-101	0.605338682468276	0.398	0.161	2.34564408675445e-97
Gatm	4.88063159208637e-101	0.746690841229086	0.898	0.588	1.03781750174125e-96
Gabarap	1.19124394210486e-100	0.397000960136687	0.994	0.964	2.53306111849178e-96
Pgd	6.92069488341467e-100	0.543093096851234	0.687	0.451	1.4716165600093e-95
Bcl2a1a	1.19715447972215e-99	0.52913900292674	0.488	0.223	2.54562928568118e-95
Rack1	1.49828294216244e-99	0.384330931696494	0.998	0.973	3.18594884821422e-95
Anxa2	3.06542943480941e-99	0.724007487527651	0.927	0.696	6.51832915017873e-95
Lyn	2.59117197599553e-98	0.522007698942675	0.907	0.612	5.5098680897569e-94
Higd1a	4.3099056423187e-98	0.534864319115183	0.821	0.611	9.16458335782649e-94
Bin2	5.80766418755859e-98	0.506684324149481	0.678	0.373	1.23494171284246e-93
Hp	3.10419830973081e-97	0.549113159819423	0.486	0.22	6.6007672858116e-93
Cfl1	5.63107508234632e-97	0.386183875225722	1	0.984	1.19739180551012e-92
Matk	1.54657977999602e-96	0.398280792183007	0.408	0.171	3.28864724418354e-92
Fermt3	1.75906933350541e-96	0.480639663796489	0.807	0.501	3.7404850307659e-92
Rps8	3.80409464411053e-96	0.358709479082489	1	0.997	8.08902685123663e-92
Fam49b	5.17150176253466e-96	0.482928378924428	0.898	0.665	1.09966813478537e-91
AI662270	6.53596383099138e-96	0.487906512084162	0.746	0.433	1.38980734902201e-91
Ciao2a	3.68164587128994e-95	0.544175066895707	0.754	0.553	7.82865178071094e-91
Rps25	3.97949944843054e-95	0.424245864961051	0.998	0.98	8.4620076271427e-91
Malt1	4.32045529841395e-95	0.864379740848515	0.644	0.377	9.18701614654741e-91
Lilrb4a	8.99950388622196e-93	0.646442554828423	0.753	0.454	1.91365450636624e-88
Tuba1b	4.85744634143595e-92	0.461538026456802	0.956	0.857	1.03288739004294e-87
Atp5mpl	4.30982269789667e-91	0.439029334300016	0.963	0.904	9.16440698480747e-87
Fcgr4	4.47228204188564e-91	0.591976627145702	0.643	0.357	9.50986053386562e-87
Cybb	4.98816832430994e-91	0.742674470161919	0.816	0.509	1.06068411248127e-86
Gpi1	7.47281574091044e-91	0.521038655727648	0.909	0.812	1.5890195391472e-86
Arpc4	2.29120610489425e-90	0.43699566235393	0.927	0.818	4.87202066144712e-86
Cox6b1	8.76246617665013e-90	0.403976885597888	0.983	0.952	1.86325080780288e-85
Msn	1.05124655519654e-89	0.529497261084152	0.943	0.851	2.23537067496992e-85
Ptpn6	1.48749600152718e-89	0.467432194155591	0.776	0.496	3.1630114976474e-85
Mrpl52	1.60430884757778e-89	0.496771833352109	0.957	0.863	3.41140233348939e-85
Bst1	3.3995542850833e-89	0.506036588405005	0.474	0.239	7.22881223180112e-85
Anxa4	3.49027851218041e-89	0.543514942460564	0.641	0.425	7.42172822830042e-85
Slfn2	1.28824667373743e-88	0.438510733476966	0.887	0.601	2.73932772703527e-84
Bola2	1.9827237135071e-88	0.520002252634035	0.844	0.698	4.2160637044015e-84
Snrpd3	2.72490786742635e-88	0.46606087943944	0.874	0.711	5.7942440892954e-84
Plekho1	3.270636582798e-88	0.468305443461724	0.837	0.55	6.95468162966167e-84
Sirpa	5.99720982240749e-88	0.464242755661235	0.839	0.567	1.27524669663673e-83
Eif4ebp1	7.55138562716208e-88	0.520790375140452	0.729	0.524	1.60572663975974e-83
Rps27l	2.1538511332611e-87	0.4830589118397	0.962	0.882	4.57994904976641e-83
Csf2rb2	4.75242807795672e-86	0.375954286323432	0.425	0.193	1.01055630649672e-81
Sh2b2	3.25240259769533e-85	0.305555918540346	0.305	0.114	6.91590888373934e-81
Plbd1	3.7390310600936e-85	0.479311352523047	0.784	0.481	7.95067564618304e-81
Mcemp1	5.34245044935505e-85	0.307792096158065	0.282	0.097	1.13601866355086e-80
Cd300lb	1.26812453417397e-84	0.283936670480235	0.271	0.092	2.69654000946753e-80
Cox17	2.52493060129363e-84	0.465260541737145	0.908	0.75	5.36901243059078e-80
Nrros	3.85044455164954e-83	0.409810087476666	0.757	0.458	8.18758529462758e-79
Capzb	4.49298937837163e-83	0.407975200751207	0.971	0.899	9.55389261416944e-79
Aprt	5.30330459855158e-83	0.485375141660246	0.896	0.716	1.12769468983601e-78
Ikbke	1.13779428439313e-82	0.377225657049661	0.384	0.175	2.41940576633355e-78
Sh3bgrl3	1.95869880174581e-82	0.414449638115338	0.987	0.9	4.16497713203229e-78
Atp6v1e1	1.36767276946567e-81	0.468116299240966	0.886	0.749	2.9082193769918e-77
Sdc3	2.66915529288427e-81	0.530182676026059	0.723	0.457	5.67569181478912e-77
Tnfaip2	2.66983716005334e-81	0.634459890685396	0.638	0.389	5.67714173713741e-77
Mcl1	2.7574826321267e-81	0.362063184939954	0.983	0.903	5.86351106895421e-77
Sec61g	4.92025473589261e-81	0.742184627414221	0.81	0.645	1.0462429670402e-76
Sdcbp	5.28190498326292e-81	0.466253272198078	0.96	0.858	1.12314427564103e-76
Ybx1	5.94449173874936e-81	0.363863354622718	0.994	0.971	1.26403672332766e-76
Nme2	1.75371500544831e-80	0.995455020346427	0.621	0.412	3.72909958758529e-76
H2-DMb1	5.84998055523619e-80	0.604286023772717	0.748	0.477	1.24393986526542e-75
Rplp2	1.13045566130348e-79	0.307368125837113	1	0.993	2.40380091819571e-75
Rab5c	1.12441246576696e-78	0.442472828832397	0.884	0.75	2.39095066720686e-74
Ctsc	1.71212253240908e-78	0.352825891729561	0.967	0.707	3.64065735291467e-74
Rpl29	3.65442965637239e-78	0.453607935805546	0.946	0.773	7.77077922131025e-74
Actr2	5.31468964716427e-78	0.445947004047202	0.937	0.854	1.13011560657301e-73
Rab20	1.08014527501166e-77	0.392658816310895	0.556	0.313	2.29682091278479e-73
Cd274	1.94325268230112e-77	0.555784412722322	0.522	0.284	4.1321325036451e-73
Actb	2.79593333175232e-77	0.364785834202134	1	0.998	5.94527263663814e-73
Cct8	3.06684151481623e-77	0.478922835384547	0.834	0.688	6.52133179710523e-73
Ptpre	1.24956366620734e-76	0.459195880285842	0.778	0.514	2.65707217982329e-72
Pilra	1.35419292635423e-76	0.438014347864758	0.458	0.228	2.87955583859963e-72
Fcgr1	2.47091566653557e-76	0.432936511077894	0.699	0.417	5.25415507332123e-72
Lamp1	6.56477248006615e-76	0.36227617945781	0.992	0.932	1.39593322016127e-71
Glrx	7.6473191006749e-76	0.513617349544865	0.636	0.4	1.62612593356751e-71
Cycs	9.3132012182893e-76	0.401020612311955	0.917	0.742	1.98035910705704e-71
Uqcrq	1.78019918774235e-75	0.41560779103273	0.966	0.889	3.78541555281533e-71
Arpc3	1.8227734778586e-75	0.359237027906127	0.986	0.945	3.87594552331853e-71
Jarid2	2.60970481453147e-75	0.480100463479862	0.65	0.42	5.54927631761972e-71
Rhoa	6.99997632671075e-75	0.380053090306989	0.992	0.971	1.48847496611177e-70
Ncf1	1.21376688175264e-74	0.556402165227297	0.634	0.383	2.58095389735881e-70
Eno1b	2.53435651761657e-74	0.280621311830426	0.296	0.118	5.38905569905987e-70
Serf2	6.56708284213706e-74	0.372472080117687	0.989	0.977	1.39642449555202e-69
Taldo1	6.5728478247066e-74	0.404934496954648	0.93	0.804	1.39765036144561e-69
Pygl	3.41176081151419e-73	0.392221560595678	0.452	0.241	7.25476818960378e-69
Atp6v1b2	3.81042833078333e-73	0.450869031336946	0.689	0.461	8.10249480257766e-69
Sec61b	1.2560063811003e-72	0.414241385184463	0.973	0.916	2.67077196877167e-68
Ap2s1	3.67176748141213e-72	0.414271943218432	0.884	0.719	7.80764637247476e-68
Actr3	4.32243932708422e-72	0.396436168458236	0.964	0.858	9.19123498511188e-68
Bax	4.44736506188156e-72	0.473877190396521	0.822	0.674	9.45687706758494e-68
Pira2	5.2059325888762e-72	0.297574595231047	0.245	0.085	1.10698950569863e-67
Mefv	1.36855777766922e-71	0.331952439103484	0.361	0.16	2.91010125843584e-67
Syk	1.88790360560351e-71	0.385712085961924	0.678	0.42	4.01443822695531e-67
Gng5	2.51810898809151e-71	0.370444207725226	0.974	0.966	5.35450695227779e-67
Cd14	5.97086687715685e-71	0.426342655762786	0.803	0.582	1.26964513275863e-66
Llph	6.79869238588734e-71	0.424875847599513	0.817	0.655	1.44567394893508e-66
Tifab	7.06669200015743e-71	0.367422498777139	0.484	0.254	1.50266138691348e-66
Hcls1	7.25345146511882e-71	0.408514920876829	0.832	0.546	1.54237391954287e-66
Arhgdib	1.29133055828267e-70	0.388437607749134	0.962	0.795	2.74588529913228e-66
Snrpf	1.48552056245071e-70	0.426552742967121	0.859	0.737	3.15881092399518e-66
Taf10	2.65880549014302e-70	0.420423092766266	0.893	0.754	5.65368399424011e-66
Pim1	2.85611990626344e-70	0.420365375816711	0.965	0.771	6.07325336867858e-66
Rps28	6.11667332847148e-70	0.335631479212932	0.999	0.99	1.30064941656618e-65
Psma6	1.90767077551833e-69	0.453301095551173	0.797	0.648	4.05647113706218e-65
Acly	1.96005949819411e-69	0.504186681418105	0.655	0.458	4.16787051695996e-65
Irf5	2.04690123482014e-69	0.373262798942327	0.698	0.45	4.35253078572155e-65
Cox6a1	2.14966041487442e-69	0.363742079186759	0.94	0.862	4.57103790618897e-65
Pomp	2.85934686617769e-69	0.401308033504355	0.957	0.884	6.08011517624024e-65
Ankrd37	3.77845955986819e-69	0.272387871365156	0.216	0.073	8.03451640810372e-65
Ms4a6c	3.86006063518323e-69	0.414157965124541	0.855	0.548	8.20803293465362e-65
Cyp4f18	1.69824056333677e-68	0.317582831756266	0.358	0.159	3.61113873387932e-64
Naaa	2.57350733299223e-68	0.431403382137291	0.676	0.446	5.47230599287467e-64
Kdm7a	4.71627311919641e-68	0.458992603269218	0.722	0.486	1.00286831606592e-63
Trem2	9.38238243334259e-68	0.537787724597538	0.621	0.4	1.99506980062597e-63
Cmpk1	9.38602355784112e-68	0.421120886621477	0.819	0.642	1.99584404933934e-63
Kcnn4	1.25368124293528e-67	0.284242970753786	0.275	0.109	2.66582779497757e-63
Rps6	1.84805924967056e-67	0.376348549470368	0.977	0.929	3.92971318849949e-63
Krt80	5.52374586655436e-67	0.264607367618787	0.296	0.121	1.17456932106412e-62
Rpl27	8.34753474679489e-67	0.308362582448327	0.993	0.969	1.77501978855847e-62
Vamp4	9.06188827110462e-67	0.283665763704453	0.319	0.139	1.92691992196769e-62
Cysltr1	2.5196675796937e-66	0.497148637589839	0.655	0.417	5.35782114146069e-62
Trem1	4.05690158517254e-66	0.25673803176305	0.266	0.101	8.62659553071089e-62
B430306N03Rik	1.85511956726037e-65	0.260256752740737	0.333	0.147	3.94472624782244e-61
Xbp1	2.14905310729028e-65	0.541807793279827	0.889	0.77	4.56974652734206e-61
Ctsd	2.51123282827211e-65	0.446939211381874	0.918	0.812	5.33988548603781e-61
Nipa2	1.20413608345219e-64	0.468629589272273	0.767	0.574	2.56047496785273e-60
Irf2	1.25176046050448e-64	0.46205348366933	0.885	0.761	2.66174344321673e-60
Atp5g1	1.51873716920013e-64	0.400514023008668	0.944	0.862	3.22944271658716e-60
Ier3	1.76384676299638e-64	0.506593623005002	0.893	0.715	3.75064375683549e-60
Ctsb	2.0569224845194e-64	0.368930396104403	0.994	0.946	4.37383997108205e-60
Cytip	2.60751991915951e-64	0.321444248874406	0.63	0.355	5.54463035610078e-60
Adam10	2.75554711092433e-64	0.492564860625094	0.752	0.6	5.85939537666949e-60
Nme1	3.3779979952952e-64	0.379607036918397	0.888	0.744	7.18297493719571e-60
Spp1	8.41418969842398e-64	2.02288021192222	0.327	0.157	1.78919329747287e-59
Ranbp1	1.51795071422576e-63	0.395197868941754	0.841	0.7	3.22777039872966e-59
Lrrc25	1.62071683602111e-63	0.361777963094427	0.677	0.42	3.4462922801153e-59
Nfam1	1.75077087028444e-63	0.330490152409172	0.546	0.311	3.72283917857284e-59
Neat1	3.15242479993412e-63	0.43957442374875	0.9	0.693	6.70331609457991e-59
Slc7a11	3.78180266295738e-63	0.425279482494309	0.249	0.095	8.04162518251257e-59
Cebpa	4.05422348865278e-63	0.412174875397888	0.425	0.226	8.62090082627128e-59
Litaf	1.1657538043263e-62	0.417838430176493	0.862	0.719	2.47885888951945e-58
C3ar1	1.39674929553891e-62	0.260523488133565	0.748	0.433	2.97004770203393e-58
Mpeg1	2.42413804311854e-62	0.319840900094505	0.834	0.514	5.15468713488727e-58
Pabpc1	3.00771962685946e-62	0.376969172870982	0.992	0.924	6.39561501455396e-58
Vamp8	5.63889617283835e-62	0.354985501317961	0.949	0.827	1.19905488219235e-57
Ly86	6.41212627488181e-62	0.408674229431565	0.869	0.555	1.36347453109087e-57
Cyth4	1.08236569478515e-61	0.355636900865764	0.871	0.57	2.30154241339114e-57
Esd	1.58846475625658e-61	0.61172790784364	0.812	0.716	3.377711457704e-57
Tbcb	1.61470713805165e-61	0.384978430515255	0.789	0.619	3.43351325835303e-57
Mrc1	1.81745921297796e-61	0.442448257519307	0.827	0.526	3.86464527047633e-57
Rpl38	2.78955694535037e-61	0.256777122058263	0.999	0.995	5.93171388859303e-57
Hal	3.48033782234027e-61	0.343332537567653	0.148	0.041	7.40059034542435e-57
Btk	5.06870347985759e-61	0.295587508355017	0.516	0.285	1.07780910795692e-56
Atp5md	6.59065212428608e-61	0.616587852401467	0.389	0.202	1.40143626770819e-56
Tmem14c	8.20476076543078e-61	0.408655085793704	0.857	0.743	1.7446603291612e-56
Cmklr1	1.22983462744974e-60	0.292738468326705	0.465	0.249	2.61512035180912e-56
Aldh3b1	3.38404199297184e-60	0.341768391894655	0.45	0.259	7.19582689385532e-56
Gmfg	3.80626901781675e-60	0.36161407399907	0.835	0.567	8.09365043948555e-56
Jpt1	8.16067489574157e-60	0.341117156678206	0.912	0.791	1.73528590983049e-55
Eif3j1	8.97024878204862e-60	0.437921801590648	0.655	0.466	1.90743370101482e-55
Vdr	1.56331449708132e-59	0.366656786518291	0.317	0.148	3.32423194659371e-55
Chmp2a	1.87496200199345e-59	0.352408555587511	0.918	0.829	3.98691920103887e-55
Hilpda	3.04698588425008e-59	0.686421601781801	0.46	0.272	6.47911078426938e-55
Hsp90ab1	3.0681298381463e-59	0.334568780638642	1	0.99	6.5240712878343e-55
Egr2	3.11503471552257e-59	0.436364812734989	0.478	0.27	6.62380981908719e-55
Ucp2	3.2220712012955e-59	0.494066713684739	0.952	0.865	6.85141220243474e-55
Sh3bgrl	4.69221699657951e-59	0.390033873753977	0.887	0.786	9.97753022152666e-55
Ube2d3	5.23351289429757e-59	0.345779355774566	0.977	0.917	1.11285418184344e-54
Abracl	5.68583368587239e-59	0.378164320958999	0.899	0.761	1.2090356749639e-54
Arrdc4	2.28531450491579e-58	0.522040376043667	0.531	0.348	4.85949276325294e-54
Ndufb8	2.40964305672263e-58	0.391944467972994	0.899	0.818	5.12386499581501e-54
Retnla	2.46934426862215e-58	1.51879557603583	0.309	0.144	5.25081365279814e-54
Picalm	2.82294738086148e-58	0.443894820678929	0.935	0.822	6.00271531066386e-54
Clec4a1	2.89472424761933e-58	0.305589975650248	0.68	0.408	6.15534164013775e-54
Hk3	3.06137850652945e-58	0.373822192377735	0.4	0.208	6.50971525628423e-54
Igsf6	3.48866697622658e-58	0.332401928042512	0.509	0.286	7.4183014582482e-54
Snx20	3.49031492271947e-58	0.292138232866357	0.669	0.41	7.42180565167068e-54
Rpl35a	1.05666504842931e-57	0.255841111553759	1	0.995	2.24689255898009e-53
Chchd2	1.15852672592834e-57	0.275738897558333	0.996	0.983	2.46349123001403e-53
Anp32b	2.36788086136953e-57	0.34789057247863	0.9	0.774	5.03506186361617e-53
Psma4	2.43444975319436e-57	0.397278769384347	0.885	0.755	5.17661395519249e-53
Gngt2	3.10545580602971e-57	0.790566957126416	0.539	0.346	6.60344122594158e-53
Atp5o	6.7602400489002e-57	0.447366543376377	0.371	0.184	1.43749744399814e-52
Rnpep	7.99641183628913e-57	0.374961646327848	0.643	0.435	1.70035701286852e-52
Iqgap1	8.61649522764462e-57	0.47289815529698	0.946	0.89	1.83221154520635e-52
Skap2	1.11994037616979e-56	0.357543387819929	0.856	0.682	2.38144121588743e-52
Erp29	1.86798862476686e-56	0.349567322896537	0.915	0.82	3.97209101170425e-52
Srp9	2.63420882599204e-56	0.37535656933773	0.888	0.791	5.60138164758947e-52
Zfp703	3.15703921638116e-56	0.495492097945176	0.715	0.52	6.7131281897129e-52
Ndufc1	7.58772285960732e-56	0.378892407525645	0.905	0.797	1.6134533888669e-51
Samsn1	9.43485982922175e-56	0.290181127507305	0.573	0.343	2.00622859408571e-51
Il4ra	2.60408882945758e-55	0.525472712017573	0.743	0.548	5.53733448695859e-51
Slfn1	3.96976772535561e-55	0.280664556322656	0.477	0.257	8.44131409119617e-51
Laptm5	7.39391040754608e-55	0.397103495272042	0.979	0.668	1.5722411090606e-50
Ceacam1	7.6240634278788e-55	0.297727795008129	0.227	0.088	1.62118084730415e-50
Lair1	8.11104379789666e-55	0.293807016101419	0.688	0.418	1.72473235318475e-50
Slc25a3	1.73856365018913e-54	0.291590907290241	0.982	0.948	3.69688174576217e-50
Tpm3	1.74001588642276e-54	0.324953208231903	0.981	0.936	3.69996978088935e-50
Cyfip1	1.93161320910676e-54	0.399311291710633	0.834	0.721	4.10738232784462e-50
Rpl27a	2.17344374823076e-54	0.312157940693019	0.996	0.976	4.62161078623789e-50
Sgk1	2.61879087225026e-54	0.820845874354147	0.428	0.258	5.56859691075296e-50
Fosl2	1.20950237612138e-53	0.388767906719131	0.787	0.608	2.57188585258449e-49
Trps1	3.12747736599626e-53	0.395751020576212	0.675	0.473	6.65026787105445e-49
Hck	3.77135937921164e-53	0.317583436855273	0.567	0.344	8.01941858395563e-49
Lcp2	4.60065170689391e-53	0.31382608128007	0.656	0.415	9.78282578953922e-49
Cmtm7	4.8196484317049e-53	0.35786277525356	0.791	0.632	1.02485004251773e-48
Timm10b	5.93606747261963e-53	0.386779592046286	0.875	0.773	1.26224538737784e-48
Hspa5	8.36048636652147e-53	0.471810138705405	0.972	0.942	1.77777382097713e-48
Adam15	9.47123828438793e-53	0.437972851069801	0.617	0.444	2.01396410879225e-48
H2afj	9.96685516263496e-53	0.375048141951058	0.902	0.799	2.1193520817827e-48
Tnfrsf21	1.00357858523091e-52	0.25533744230942	0.352	0.179	2.134009503635e-48
Psma2	1.18542725845212e-52	0.346132602937313	0.906	0.803	2.52069252237258e-48
Clec4n	1.439621468254e-52	0.544521774473911	0.502	0.301	3.0612110900953e-48
Atp5e	1.78044727550495e-52	0.305680494680436	0.988	0.971	3.78594308663372e-48
Plcg2	2.38197489307632e-52	0.271563963101666	0.428	0.237	5.06503141263748e-48
Rbis	3.1887884089304e-52	0.313792196390132	0.285	0.129	6.78063967274961e-48
Clec7a	3.26297211006676e-52	0.940367785907758	0.498	0.319	6.93838389484596e-48
Ube2a	5.33753788563744e-52	0.361405087786538	0.656	0.489	1.13497405600195e-47
Cox5b	6.73074289686581e-52	0.357019073876492	0.953	0.916	1.43122516958955e-47
Tpd52	1.52195238163422e-51	0.307805023513418	0.819	0.633	3.236279544307e-47
Bcl2a1d	5.56473822350794e-51	0.317042775040538	0.41	0.221	1.18328593584673e-46
Tlr4	7.13590726161914e-51	0.390118372806711	0.467	0.284	1.51737932011069e-46
Fbl	8.39749339526701e-51	0.383533755660612	0.678	0.518	1.78564299556958e-46
Sod2	1.41133705056027e-50	0.578240304954436	0.813	0.657	3.00106710431135e-46
N4bp1	2.14676259764124e-50	0.419464893349322	0.664	0.496	4.56487598762432e-46
Micos10	2.52733896505197e-50	0.363004911976298	0.361	0.182	5.3741335752865e-46
Rnf19b	3.60088359285692e-50	0.495434224885972	0.633	0.439	7.65691887185095e-46
Timm23	1.23264047557174e-49	0.29989473990995	0.367	0.192	2.62108670725576e-45
Bach1	1.29792845268884e-49	0.433252483074192	0.742	0.573	2.75991506179756e-45
Ubash3b	2.16051195092246e-49	0.287722776201181	0.469	0.274	4.59411261244153e-45
Psmd8	2.58571202528893e-49	0.353268944772805	0.833	0.707	5.49825805057438e-45
Rac1	3.28611719554497e-49	0.30856602614847	0.946	0.889	6.98759960460682e-45
Psme2	4.1772599285275e-49	0.403105369992498	0.921	0.811	8.88252551202088e-45
Rab5if	6.00758641857396e-49	0.363015420603196	0.798	0.664	1.27745317604557e-44
Rab8b	6.24278014228764e-49	0.334932766498372	0.839	0.681	1.32746476945604e-44
Btg1	7.07055114492266e-49	0.343513190419276	0.962	0.866	1.50348199545635e-44
Lrrc59	9.26856211925048e-49	0.366199875218109	0.638	0.465	1.97086704903742e-44
Fau	1.12174628965529e-48	0.256846707791085	1	0.997	2.385281310323e-44
Serp1	1.12342312287043e-48	0.36744145122649	0.869	0.744	2.38884692847167e-44
Rplp0	1.29013160718759e-48	0.286774144757197	0.998	0.986	2.74333584952368e-44
Cox8a	1.58909523977331e-48	0.335613647042346	0.989	0.984	3.37905211785397e-44
Snx1	3.87755482730302e-48	0.357256719033824	0.642	0.476	8.24523258477715e-44
Hmox1	7.20944547476339e-48	0.388885966491605	0.634	0.406	1.53301648575369e-43
Rhog	2.04361389458309e-47	0.32185596299139	0.777	0.607	4.34554058544149e-43
Plekho2	2.5189381442898e-47	0.324806044750495	0.714	0.524	5.35627007001782e-43
Ero1l	3.08117683349652e-47	0.383304411219322	0.463	0.3	6.55181441874701e-43
Sowahc	3.25118655279111e-47	0.339647759743567	0.435	0.261	6.91332308585501e-43
Hip1	3.35110171869105e-47	0.361940949302935	0.624	0.445	7.12578269462465e-43
Diaph1	3.38487646049675e-47	0.373931648731264	0.794	0.655	7.19760130560029e-43
Nampt	4.22372744598286e-47	0.42289959627902	0.634	0.453	8.98133404113795e-43
Psmb5	4.84127874258115e-47	0.379146797899122	0.834	0.729	1.02944951182246e-42
Npc2	1.31543185256532e-46	0.290331598892273	0.984	0.924	2.79713429129489e-42
Itgax	1.40669776209861e-46	0.301890235530782	0.259	0.119	2.99120212132648e-42
Grb2	2.57294988607066e-46	0.29623444602655	0.864	0.728	5.47112063774066e-42
Rrbp1	3.50187874656103e-46	0.367532939675972	0.981	0.942	7.44639496668737e-42
Edem1	3.99805410467443e-46	0.321238919855151	0.607	0.423	8.50146224817972e-42
Snrpe	5.05704421391304e-46	0.301712163284442	0.91	0.827	1.07532988164647e-41
Mkrn1	6.38104885544617e-46	0.309973100885602	0.752	0.585	1.35686622862207e-41
Snx5	8.03858578893545e-46	0.376545080477307	0.878	0.73	1.70932488215923e-41
Atp5g2	1.08792276986183e-45	0.488807745259556	0.495	0.315	2.31335897783419e-41
St13	1.10072368875087e-45	0.324845877340134	0.903	0.826	2.34057885175984e-41
Nsf	1.24346749941011e-45	0.325578336756844	0.519	0.343	2.64410929074566e-41
Cox7c	1.34566580675543e-45	0.262826807187958	0.996	0.974	2.86142377148475e-41
Atp5b	1.57240002127367e-45	0.272689326448567	0.974	0.923	3.34355140523632e-41
Rpl23a	1.88438661279033e-45	0.265533263933954	0.986	0.953	4.00695969343735e-41
Rbms1	2.16722683005376e-45	0.415707553470972	0.894	0.792	4.60839113142631e-41
Rps17	2.53322556109544e-45	0.268161012807129	0.99	0.972	5.38665083311335e-41
Ddx21	2.59554822275904e-45	0.436595558891098	0.763	0.607	5.51917374087481e-41
Psmb3	4.78984154497587e-45	0.339548923481155	0.868	0.77	1.01851190612367e-40
Snx18	6.26874925143236e-45	0.389838104412077	0.678	0.516	1.33298684082458e-40
Hopx	7.17038500609075e-45	0.446868451536242	0.372	0.207	1.52471066769514e-40
Rasgrp1	1.31522905395972e-44	0.299951817338725	0.404	0.227	2.79670306033995e-40
Bak1	1.47709241988003e-44	0.314483796962297	0.59	0.418	3.14088932163289e-40
Ran	1.6706562235354e-44	0.290811546644115	0.909	0.791	3.55248339372567e-40
Lat2	2.34178572811751e-44	0.265577167681334	0.477	0.287	4.97957317226906e-40
Arhgdia	2.84130091933573e-44	0.280977909083225	0.952	0.884	6.04174227487549e-40
Ccdc115	2.86276465286708e-44	0.315397421080073	0.523	0.35	6.08738275785656e-40
Gsto1	2.95140133659001e-44	0.277011831788881	0.472	0.307	6.275859802125e-40
Capza1	2.96469932929672e-44	0.325325910622062	0.679	0.52	6.30413665381654e-40
Calr	3.49278626466934e-44	0.356331647640711	0.958	0.901	7.42706071319289e-40
S100a10	1.36002227716321e-43	0.353209394075746	0.943	0.775	2.89195137015986e-39
Nr4a2	2.49870752705324e-43	0.387538215602077	0.367	0.206	5.313251685526e-39
Tmem106a	3.18141197106657e-43	0.254541730601332	0.618	0.408	6.76495441527595e-39
Cxcl2	4.12228006923906e-43	0.480893654387712	0.584	0.385	8.76561633922993e-39
Atp6v0d1	4.33445019110305e-43	0.284227990462578	0.713	0.548	9.21677488636153e-39
Lst1	5.43276286348704e-43	0.301618647874405	0.788	0.54	1.15522269529188e-38
Fam129b	5.69340741943108e-43	0.311118837511493	0.355	0.204	1.21064615366782e-38
Eif3k	2.157012971538e-42	0.301720348294207	0.931	0.856	4.5866723826784e-38
Hnrnpa2b1	2.83764216072832e-42	0.283635518720962	0.989	0.958	6.03396229057269e-38
Eif2s2	3.19504122084747e-42	0.310137391490926	0.955	0.886	6.79393565201006e-38
Bhlhe40	3.34934166966038e-42	0.437703959733727	0.653	0.496	7.12204012636584e-38
Cops9	5.57266785339523e-42	0.30152021388135	0.893	0.797	1.18497209234596e-37
Baz1a	6.68761432520317e-42	0.2856856848757	0.657	0.458	1.4220543101112e-37
Rpl24	7.46326188307113e-42	0.263743826060951	0.981	0.974	1.58698800681625e-37
Cdh1	1.01131453414043e-41	0.372222307513369	0.256	0.123	2.1504592253962e-37
Rab3il1	1.05070692682949e-41	0.379234564742206	0.636	0.447	2.23422320921022e-37
Apbb1ip	1.76250690885513e-41	0.323220697922318	0.707	0.544	3.74779469098956e-37
Pcbp1	1.91052438297434e-41	0.319423876560646	0.93	0.856	4.06253904795663e-37
Ptafr	2.03580227236221e-41	0.315806504037344	0.571	0.366	4.32892995195101e-37
Dazap2	2.16058332401261e-41	0.30084729351033	0.862	0.742	4.59426438018042e-37
Tcf7l2	2.19303238365031e-41	0.561223089470385	0.565	0.424	4.66326406059402e-37
Rab11fip1	2.31245932547315e-41	0.299947850025615	0.345	0.198	4.91721350968611e-37
Ap2m1	2.46993176876055e-41	0.35077850878042	0.812	0.706	5.25206291309243e-37
Soat1	4.21410316776315e-41	0.322259961197087	0.683	0.506	8.96086897593156e-37
Nhp2	4.28578160915254e-41	0.335668038400499	0.68	0.527	9.11328601370195e-37
Etf1	5.1244626615922e-41	0.32486073425243	0.736	0.597	1.08966574036097e-36
Myd88	5.60148400484602e-41	0.319118781893779	0.627	0.462	1.19109955879046e-36
Hnrnpf	6.04689379525575e-41	0.288570566610063	0.949	0.886	1.28581149662318e-36
Batf3	6.30548512833903e-41	0.412511534737339	0.478	0.31	1.34079835769001e-36
Plac8	9.67765199516911e-41	0.510524317833924	0.738	0.581	2.05785592025276e-36
Atp5f1	1.01244387303013e-40	0.278313875397024	0.94	0.885	2.15286065161127e-36
Irf2bp2	1.2268400399949e-40	0.28199827021065	0.873	0.738	2.60875266104516e-36
Rnf149	1.74818389366604e-40	0.307843650921949	0.452	0.288	3.71733823149147e-36
Tomm6	1.91320251639689e-40	0.496242877216354	0.59	0.464	4.06823383086635e-36
Tmem258	2.05705243568993e-40	0.3372531683933	0.875	0.801	4.37411629925107e-36
Pim3	3.30793276932029e-40	0.311232687062006	0.568	0.397	7.03398824068266e-36
Acod1	3.51088730906566e-40	0.520055304242037	0.214	0.095	7.46555077399722e-36
Tmem189	4.43240360285589e-40	0.297912137732375	0.48	0.316	9.42506302111277e-36
Smdt1	7.88496306608497e-40	0.299074360839144	0.961	0.891	1.67665854637231e-35
Cxcl14	1.09753827271987e-39	0.343905884335383	0.113	0.036	2.33380538311153e-35
Fam162a	1.17670721697281e-39	0.334079259415337	0.676	0.529	2.50215022617099e-35
Rpl15	1.32153425359964e-39	0.327654386359429	0.975	0.952	2.81011043685426e-35
Vps29	1.321623454335e-39	0.324575407158555	0.766	0.651	2.81030011329794e-35
Sf3b6	1.38887120505503e-39	0.283677790893435	0.851	0.742	2.95329573042902e-35
Mmp19	1.65223344587193e-39	0.511485002839358	0.333	0.191	3.51330919930208e-35
Clec4a2	1.75898550654665e-39	0.30819133803705	0.592	0.383	3.74030678112079e-35
B930036N10Rik	1.93172367277857e-39	0.299808742847467	0.367	0.212	4.10761721779634e-35
Dnajb11	2.4866723344907e-39	0.324613020026126	0.698	0.548	5.28766005206102e-35
Ptpn2	2.78774646368123e-39	0.327618248843535	0.537	0.375	5.92786408037176e-35
Rbx1	3.86640662027694e-39	0.28517135218406	0.921	0.86	8.22152703735689e-35
Ell2	3.90626308871593e-39	0.365676913151277	0.354	0.208	8.30627783184556e-35
Tma7	4.6998617243082e-39	0.26082269786725	0.942	0.89	9.99378597056895e-35
Gusb	1.02076658759567e-38	0.271854081405585	0.661	0.496	2.17055807186343e-34
Ywhab	1.09148444954412e-38	0.261238505795172	0.941	0.872	2.32093253351061e-34
Riok3	1.11202368174635e-38	0.339532066287398	0.757	0.61	2.36460715686544e-34
Olfm1	1.80440498077749e-38	0.333905249951301	0.571	0.395	3.83688675112526e-34
Hyou1	3.19237187414106e-38	0.350385625089987	0.452	0.3	6.78825955317356e-34
Lcp1	4.66496802470605e-38	0.301648061074343	0.937	0.662	9.91958800773494e-34
Psmb2	8.64221620427191e-38	0.307690625769186	0.851	0.757	1.83768085367638e-33
Eif2s1	1.16504901708003e-37	0.301944357381929	0.687	0.551	2.47736022991897e-33
Rnasek	1.45712099149812e-37	0.301128775342733	0.332	0.18	3.09842207632161e-33
Ass1	1.69045434091626e-37	0.31634119775371	0.337	0.192	3.59458211052434e-33
H3f3a	1.7138486048723e-37	0.253053393716712	0.992	0.988	3.64432767340045e-33
Sh3kbp1	1.97967183967226e-37	0.285450282469272	0.537	0.364	4.20957419987909e-33
Ms4a4a	2.218016566332e-37	0.283277492553979	0.28	0.148	4.71639042664836e-33
Cerk	2.35799176107687e-37	0.319604970023267	0.494	0.338	5.01403368075385e-33
Rgl1	2.44915615303448e-37	0.389353957438076	0.642	0.485	5.20788564381253e-33
Gna13	2.48806634694955e-37	0.352651732863455	0.699	0.558	5.29062428015352e-33
Rnh1	3.09653101147321e-37	0.330621413088966	0.807	0.699	6.58446354279663e-33
Mrpl54	4.28489384487113e-37	0.304267868545696	0.776	0.63	9.11139827173398e-33
Uck2	6.27006718246996e-37	0.281599428777026	0.397	0.249	1.33326708568041e-32
Manf	6.40755123892491e-37	0.42948690876466	0.814	0.748	1.36250169544499e-32
P4hb	6.56777039591172e-37	0.31521728385266	0.878	0.766	1.39657069698667e-32
Mrpl20	7.16145865894903e-37	0.304296281731787	0.779	0.657	1.52281256923892e-32
Snx3	8.12176371772706e-37	0.272346750085807	0.922	0.835	1.72701183693748e-32
Ccdc71l	1.17936082212084e-36	0.283334097000009	0.407	0.254	2.50779285215776e-32
Nlrp3	2.68243771316823e-36	0.26498589511063	0.404	0.239	5.70393555328093e-32
Kmt5a	3.38180448020824e-36	0.309106775718359	0.636	0.488	7.1910690467148e-32
Zfp622	3.75714478779171e-36	0.477482507111217	0.546	0.404	7.98919267676028e-32
Pet100	4.34318425229179e-36	0.295950510116513	0.78	0.677	9.23534699407326e-32
Ptgs2	4.7003834933729e-36	0.596009846570941	0.351	0.207	9.99489546030813e-32
Tmsb10	7.45927889555009e-36	0.341278213549747	0.991	0.916	1.58614106434977e-31
Necap2	7.98879580503693e-36	0.2831566927891	0.697	0.528	1.69873753998305e-31
Mrpl36	8.1731838774618e-36	0.302846071465799	0.648	0.515	1.73794581970348e-31
Rap1a	1.21909168431297e-35	0.25094833891751	0.881	0.792	2.59227655752309e-31
Cct6a	1.37841193618015e-35	0.324510624584696	0.787	0.671	2.93105514109348e-31
Sdc4	1.6583037586671e-35	0.493344598599568	0.878	0.762	3.52621711242972e-31
Stx7	1.67262430037725e-35	0.303475365742834	0.818	0.689	3.55666831232219e-31
Hnrnpa3	1.87116024672665e-35	0.27423614342504	0.959	0.907	3.97883514863955e-31
Znhit1	1.92406600433131e-35	0.302353269176854	0.711	0.575	4.09133395161011e-31
Ptbp3	2.09009905563948e-35	0.336876987063985	0.89	0.785	4.44438663191179e-31
Mob1a	2.87266237119118e-35	0.297868013388108	0.794	0.672	6.10842926610092e-31
Rars	3.49831149892545e-35	0.324351567445907	0.596	0.454	7.43880957131507e-31
Mcts1	3.75030357476657e-35	0.27179686957795	0.637	0.498	7.97464552138364e-31
Abcg1	7.88845162053015e-35	0.266453981692749	0.386	0.234	1.67740035258953e-30
Il1a	8.77183266915708e-35	0.335912066044365	0.188	0.083	1.86524249876956e-30
Kpna4	1.44619471143466e-34	0.331172531958121	0.736	0.612	3.07518843439465e-30
Mrps18c	2.91385560187525e-34	0.295277208532405	0.678	0.549	6.19602255182754e-30
Trib1	2.93248047662426e-34	0.272800299229224	0.601	0.431	6.23562648549382e-30
Rbm8a	2.97239211648687e-34	0.273345403243551	0.784	0.66	6.32049459649769e-30
Cdk2ap2	3.03977278316883e-34	0.28677521936966	0.807	0.682	6.46377284613019e-30
Plgrkt	3.10471689073303e-34	0.339016491371699	0.668	0.544	6.60186999645473e-30
Wdfy2	3.67920689826272e-34	0.297569846799394	0.486	0.329	7.82346554846585e-30
Atp5k	3.94899290895938e-34	0.279211610056442	0.926	0.87	8.39713852161123e-30
Rps2	6.27976774895999e-34	0.263213404775565	0.998	0.992	1.33532981413885e-29
Dusp3	1.92338194445124e-33	0.278176699809768	0.665	0.528	4.08987936668112e-29
Snx2	2.10324293360663e-33	0.273040245718387	0.788	0.647	4.47233577402114e-29
Snx6	2.30849143786685e-33	0.285941156754085	0.839	0.727	4.90877619348007e-29
Sarnp	2.59659488600265e-33	0.283932454460977	0.813	0.701	5.52139936559604e-29
Ube2l3	3.07926479463432e-33	0.261856261648833	0.855	0.761	6.54774865931041e-29
Srp19	4.93757784832128e-33	0.27279432836986	0.74	0.613	1.04992655366704e-28
Atp6v1g1	5.03596348398509e-33	0.287085746038268	0.921	0.857	1.07084727523459e-28
H2afy	5.11801128311148e-33	0.277907340471066	0.915	0.818	1.08829391924082e-28
Atp6v0e	5.98336659668847e-33	0.250300347267475	0.906	0.868	1.27230307311984e-28
Ndufv3	5.99485988560298e-33	0.274300268233504	0.887	0.804	1.27474700607462e-28
P4ha1	6.29528712061214e-33	0.286937915136366	0.613	0.47	1.33862985332697e-28
Cnih4	7.6985372244343e-33	0.278689765077109	0.766	0.649	1.63701695540371e-28
Ccdc86	8.5204091502963e-33	0.284356680719504	0.45	0.31	1.811779801719e-28
Ddx39	1.802029613805e-32	0.269047661498993	0.515	0.368	3.83183577079495e-28
Pold4	3.33558649777066e-32	0.322974625924651	0.667	0.552	7.09279112885953e-28
Pde4b	3.96382941678661e-32	0.356316489066021	0.598	0.454	8.42868687185505e-28
Nfkbie	4.51655704161959e-32	0.260168383439165	0.404	0.263	9.60400689329989e-28
Cisd2	4.98962229790249e-32	0.314660638510077	0.695	0.575	1.06099328542599e-27
Fem1c	5.41114283455101e-32	0.283511896469322	0.53	0.381	1.15062541233893e-27
Sys1	1.01114501643938e-31	0.342599321927215	0.788	0.682	2.15009876295671e-27
Ndufb6	1.09451670918975e-31	0.293983568448037	0.76	0.639	2.32738033042108e-27
Hsd17b12	1.10174294875249e-31	0.27084072355446	0.68	0.544	2.34274620622728e-27
Ywhag	1.4141265465312e-31	0.300014726170914	0.704	0.57	3.00699868854395e-27
Psmd14	1.76436040093525e-31	0.30082307936209	0.651	0.526	3.75173595654871e-27
Tln1	2.86668629450835e-31	0.275538651653621	0.952	0.904	6.09572173664256e-27
Adgre5	3.36293988688961e-31	0.38682616632573	0.558	0.418	7.15095537548207e-27
Psmb10	3.60170265839329e-31	0.338922181026335	0.868	0.748	7.65866053280749e-27
Clcn5	3.72309183296254e-31	0.356258447614399	0.485	0.339	7.91678247361154e-27
Xist	5.14646556160478e-31	0.355056423576592	0.275	0.145	1.09434443701964e-26
Nus1	5.64926949379186e-31	0.253910652542133	0.55	0.41	1.2012606651599e-26
Vdac2	8.97555353989743e-31	0.26955375578355	0.868	0.792	1.90856170472379e-26
Glipr2	9.03889183990958e-31	0.27446295390945	0.469	0.311	1.92202996083837e-26
Parl	1.18377181565821e-30	0.28326722866196	0.516	0.389	2.51717238881561e-26
Glud1	2.02740568654523e-30	0.278443164225264	0.802	0.743	4.31107545186978e-26
Ier3ip1	2.26221035862485e-30	0.252233536296842	0.828	0.747	4.81036410657989e-26
Nmt1	2.58656096711137e-30	0.268547298803102	0.831	0.742	5.50006324046561e-26
Anpep	3.02204698077978e-30	0.260823914792954	0.307	0.182	6.42608069993012e-26
Agpat5	5.04792323093288e-30	0.268428183023729	0.528	0.389	1.07339039582557e-25
Hnrnpd	5.34834405869294e-30	0.264324927230584	0.861	0.769	1.13727188064047e-25
Lsm12	6.68490558604699e-30	0.264792934719279	0.723	0.588	1.42147832381703e-25
Emp3	1.22633612493281e-29	0.576867430829988	0.908	0.847	2.60768113605714e-25
Psmb4	1.48176849160523e-29	0.273696510230337	0.868	0.78	3.15083252054936e-25
Pdia6	1.6310100180052e-29	0.305318707511082	0.871	0.807	3.46817970228626e-25
Tet2	2.56572091708716e-29	0.286842039752298	0.544	0.404	5.45574895809415e-25
Spg21	2.90389029503166e-29	0.266126907371307	0.636	0.516	6.17483232335533e-25
Psmb6	3.01884508565995e-29	0.297512621114502	0.853	0.771	6.41927219014731e-25
Ssu72	3.47811555078545e-29	0.251447867894275	0.764	0.65	7.39586490719019e-25
Pdia4	4.15056821398857e-29	0.367828392482838	0.714	0.606	8.82576825022529e-25
Evl	4.20495811547074e-29	0.262823099700353	0.521	0.365	8.94142293673698e-25
Ciita	5.30492033973176e-29	0.259056578510277	0.476	0.315	1.12803826104056e-24
Larp1	5.92396165737756e-29	0.322803879334046	0.676	0.558	1.25967120682476e-24
Scimp	8.60059768576422e-29	0.280917694278336	0.444	0.293	1.8288310919009e-24
Chd7	3.96318736974005e-28	0.256465320642731	0.525	0.365	8.42732162301524e-24
Card19	4.52129120346274e-28	0.313161820414378	0.633	0.518	9.61407361504317e-24
AY036118	4.6306639536089e-28	0.273210163339732	0.314	0.181	9.84664383095396e-24
Tma16	8.79901572431497e-28	0.264042913476739	0.354	0.231	1.87102270361834e-23
Creld2	1.07563259899293e-27	0.327709610028343	0.475	0.349	2.28722515849856e-23
Hbegf	1.87170858144493e-27	0.656784921467128	0.365	0.243	3.9800011275845e-23
Eif4e	1.98519086014163e-27	0.266480174568654	0.626	0.503	4.22130984500517e-23
M6pr	2.0085973931959e-27	0.280467344396777	0.763	0.671	4.27108149689177e-23
Psmb8	3.65972218432101e-27	0.28707167131229	0.929	0.851	7.78203325274019e-23
Gspt1	4.36857169640169e-27	0.27312910154925	0.734	0.613	9.28933085522855e-23
Psma1	6.07085111454925e-27	0.256312723726212	0.768	0.674	1.29090578099775e-22
Cd164	9.31031961336895e-27	0.458410322387393	0.762	0.689	1.97974636258677e-22
Rara	1.06125916852997e-26	0.29376762602889	0.519	0.387	2.25666149596213e-22
Hnrnpm	1.74780709212941e-26	0.259435071843374	0.862	0.769	3.71653700070398e-22
Cbl	2.6042651966478e-26	0.261292200627868	0.756	0.628	5.53770951415188e-22
Tlr2	2.67559407902824e-26	0.346277299972513	0.407	0.276	5.68938324964565e-22
Tmed5	3.16790842366202e-26	0.270597471581435	0.759	0.681	6.73624047207493e-22
Cemip2	4.62790666387567e-26	0.318933254876155	0.459	0.327	9.84078073006522e-22
D8Ertd738e	6.60659333707949e-26	0.256174553830213	0.895	0.848	1.40482600719658e-21
Ffar2	7.36165359031036e-26	0.255961171401961	0.248	0.139	1.5653820194436e-21
Mtpn	8.69895212193977e-26	0.280567718768592	0.767	0.673	1.84974517920927e-21
Fbxl5	1.30103456356429e-25	0.375927048975492	0.522	0.411	2.76651989596311e-21
Polr2k	1.8954765283493e-25	0.269068791876459	0.716	0.61	4.03054128988196e-21
Cct5	3.38516212193792e-25	0.279814655488356	0.817	0.727	7.19820873608879e-21
Itga4	4.4731536517281e-25	0.250761228892967	0.555	0.396	9.51171392503464e-21
mt-Co3	7.12688081934465e-25	0.671851046292591	0.529	0.411	1.51545993742545e-20
Ap2a2	1.16207708653028e-24	0.31983898750896	0.831	0.736	2.47104071679798e-20
Ninj1	1.63030642444829e-24	0.33545002665695	0.647	0.538	3.46668358094685e-20
Tmem37	4.71394743809074e-24	0.298968364915352	0.435	0.313	1.00237378323561e-19
Gsr	5.10131808835849e-24	0.30257502140078	0.504	0.387	1.08474427830855e-19
Psmd2	6.04103032576608e-24	0.264517269191647	0.706	0.594	1.2845646884709e-19
Hspe1	1.23100604467819e-23	0.266155844869836	0.894	0.829	2.6176112534037e-19
Hspa4	1.30373547373628e-23	0.251401548424447	0.772	0.66	2.77226311135284e-19
Lap3	1.73448864564355e-23	0.297210067309352	0.556	0.44	3.68821665609645e-19
Ubl3	2.5574980376284e-23	0.274292434466322	0.757	0.663	5.43826382721302e-19
Mrpl23	4.08364674262745e-23	0.263254495799898	0.45	0.336	8.68346643352301e-19
Pdcd5	5.89777638963151e-23	0.250077102667327	0.81	0.73	1.25410317149124e-18
Smap2	1.01654362557226e-22	0.27557646169737	0.673	0.56	2.16157836541685e-18
Idh1	1.13119356675281e-22	0.267866312838428	0.509	0.401	2.40537000034317e-18
Ppig	1.14015601906267e-22	0.255339738638799	0.769	0.678	2.42442775893486e-18
Lamtor4	2.00383652041826e-22	0.252263591705704	0.818	0.748	4.26095797701738e-18
Flna	2.10642401940441e-22	0.271538484060002	0.792	0.737	4.47910003486154e-18
Lamtor2	7.15847971773473e-22	0.256237008595739	0.797	0.752	1.52217912717911e-17
Rpn1	9.03710624844159e-22	0.28172495425168	0.776	0.699	1.92165027266862e-17
Pla2g7	1.09901858257712e-21	0.297280117622574	0.595	0.45	2.33695311399198e-17
Ahr	1.20050830186638e-21	0.354729130813966	0.547	0.438	2.55276085308866e-17
Ric1	1.93672514243191e-21	0.260573679204577	0.37	0.263	4.11825234286722e-17
Sdf2l1	5.13323082860985e-21	0.31785427661303	0.59	0.499	1.0915302033956e-16
Atp6v1a	5.75618146666088e-21	0.261935115359117	0.714	0.611	1.22399442707077e-16
Casp6	1.31167230915732e-20	0.26345919540135	0.438	0.329	2.78913999819212e-16
Scand1	1.44977186168472e-20	0.250374544754014	0.921	0.869	3.08279488668638e-16
Rgs2	3.53450783597962e-20	0.267654379281233	0.579	0.439	7.51577746242707e-16
Il6	4.4300070574343e-20	0.37141163079508	0.21	0.125	9.41996700692831e-16
Plk2	4.43442457470957e-20	0.259936850928802	0.373	0.261	9.42936041566244e-16
Tiparp	4.57543343403293e-20	0.274404685376573	0.597	0.5	9.72920165412762e-16
Colgalt1	4.97452463287091e-20	0.252545108001802	0.589	0.503	1.05778291793367e-15
Zbp1	5.3359435779995e-20	0.266173751134658	0.551	0.439	1.13463504242581e-15
Cish	6.73763127311472e-20	0.297827141270727	0.407	0.299	1.43268991391511e-15
Fpr2	1.46830887161483e-19	0.256424705106874	0.151	0.078	3.12221198460178e-15
Txnrd1	4.13950748670808e-19	0.313714130510671	0.577	0.481	8.80224871973605e-15
Wdr26	4.75909071105389e-19	0.26178999446999	0.735	0.671	1.0119730487985e-14
mt-Co2	6.05700594642085e-18	0.636309229814515	0.527	0.441	1.28796174444693e-13
Nfkb1	1.3498825781916e-17	0.299785195363566	0.67	0.588	2.87039031426662e-13
Cxcl3	1.86105604805341e-17	0.810076627837226	0.143	0.076	3.95734958058077e-13
Ahnak	2.24807026678411e-17	0.291293573047234	0.917	0.852	4.78029661528974e-13
Ncl	2.05715274209522e-16	0.277085318645654	0.946	0.919	4.37432959079128e-12
Emp1	3.19900388549498e-16	0.264822834889057	0.377	0.27	6.80236186211652e-12
Tnfrsf1b	4.93332580841902e-16	0.284265922837072	0.488	0.398	1.04902239990222e-11
Eps8	1.05202869686603e-15	0.259870661480263	0.646	0.558	2.23703382101592e-11
Bnip3	1.16044662149077e-15	0.291687770381075	0.393	0.309	2.46757369593798e-11
Rps13-ps1	1.07929795320709e-14	0.297664764499197	0.509	0.433	2.29501916769955e-10
Polr2l	2.59187240026242e-14	0.251018967168199	0.611	0.529	5.51135747191802e-10
Hspa8	4.68000411523834e-14	0.294791771251385	0.975	0.977	9.9515607506428e-10
Inhba	2.08947856106942e-13	0.552188083571097	0.119	0.067	4.44306721225801e-09
mt-Co1	1.06938522232755e-12	0.385283878378625	0.983	0.986	2.27394073675731e-08
Ccl2	2.56046975226848e-11	0.335562924663424	0.56	0.455	5.4445828812237e-07
Mmp14	7.07722207048676e-08	0.25726791041702	0.367	0.313	0.0015049005010683
Socs1	1.34038264378154e-07	0.273479346683849	0.398	0.343	0.00285018965373707
