id	p_val	avg_log2FC	pct.1	pct.2	p_val_adj
Cox4i2	0	2.49558336658484	0.9	0.014	0
Gja4	0	1.88690465917686	0.75	0.012	0
Lin7a	0	1.31202398952916	0.6	0.003	0
Trarg1	0	1.06571526619251	0.55	0.002	0
Vtn	0	3.85395877981585	0.875	0.013	0
Higd1b	0	2.3685683077716	0.825	0.004	0
Notch3	0	3.11755171013302	0.925	0.007	0
Ephx3	0	0.712578631227029	0.35	0.001	0
Slc16a12	0	0.725790261115762	0.45	0.004	0
Ndufa4l2	1.79392250162307e-243	3.42254701241246	0.925	0.028	3.81459680745129e-239
Rgs4	6.12042341855745e-223	2.97047785487903	0.875	0.027	1.30144683572206e-218
Gm13889	1.51481945998561e-198	3.78805077212539	0.975	0.04	3.2211120997134e-194
Rasl12	1.0463097670109e-197	1.05207690299011	0.55	0.011	2.22487308857198e-193
Gucy1a2	1.53313259106218e-187	0.935402111177818	0.425	0.007	3.26005314163461e-183
4833422C13Rik	9.42731581861622e-184	0.700749067543661	0.35	0.005	2.00462443567055e-179
Foxs1	2.96155059155501e-176	1.05347741347852	0.5	0.011	6.29744117788258e-172
Ednra	8.78357283904875e-163	2.45683126479469	0.85	0.037	1.86773892849533e-158
Agtr1a	1.7071259055512e-157	1.76791166709699	0.725	0.027	3.63003252556406e-153
Adra2a	3.2646610515953e-155	0.951818198361728	0.35	0.006	6.94197526011224e-151
Ccl11	1.81496248396136e-148	4.04483911059759	0.9	0.045	3.85933622589544e-144
Trpc3	9.57076902185999e-143	1.02930891672687	0.375	0.007	2.03512832480831e-138
Prrx1	1.49211368530558e-135	1.3639172476912	0.575	0.019	3.17283054043378e-131
Egflam	4.26972344714292e-135	1.25175225290298	0.55	0.017	9.0791399380047e-131
Cyp4b1	1.18979171703382e-131	1.65104248250307	0.6	0.021	2.52997310710072e-127
Adamts12	1.17105047378373e-130	1.41537843259932	0.7	0.03	2.49012172745373e-126
Myo1b	2.98971118506385e-122	2.93127432430664	0.9	0.057	6.35732186391977e-118
Il34	1.96089018206037e-116	1.15140609181955	0.6	0.024	4.16963688313318e-112
Adamts4	5.91724251571716e-115	2.01132711428159	0.575	0.023	1.2582424485421e-110
Pdgfrb	1.11505296018169e-109	3.55437484383934	0.9	0.066	2.37104861453035e-105
Art3	2.06805358908761e-108	2.15361930629493	0.85	0.054	4.3975091518359e-104
Gpc6	1.3476100118563e-101	1.25069462038462	0.55	0.023	2.86555792921124e-97
Heyl	1.84662668254431e-100	1.38543216248829	0.5	0.02	3.92666697776223e-96
Sept4	8.33235318155783e-96	2.39000199082776	0.975	0.088	1.77179158052646e-91
Cpm	3.43104920643372e-92	1.65988213768341	0.475	0.019	7.29578303256066e-88
Cspg4	1.67144308382772e-91	1.97605744565498	0.8	0.057	3.55415657345127e-87
Abcc9	2.60078514401003e-87	3.70038665827541	0.925	0.086	5.53030953022293e-83
Ebf1	1.10506903056239e-86	3.35197162928292	0.95	0.092	2.34981878658786e-82
Vstm4	3.23109294000037e-86	1.35476168448033	0.6	0.034	6.87059602761678e-82
Tbx2	5.86162719897659e-83	0.826229905936015	0.35	0.011	1.24641640759038e-78
Aspn	1.76696062640244e-82	2.54002360937455	0.925	0.084	3.75726507598215e-78
Apold1	7.90471345108337e-81	2.66188355046122	0.725	0.053	1.68085826823837e-76
Tinagl1	9.66812854596314e-80	2.0369877498256	0.725	0.055	2.0558308540136e-75
Atp1b2	3.38712217497945e-78	1.62221655920388	0.85	0.077	7.2023765928763e-74
Bhlhe22	5.42718608773657e-78	0.279759420056757	0.2	0.004	1.1540368496963e-73
Itga7	9.02532037655248e-77	1.22310244216268	0.6	0.038	1.91914412487012e-72
Gm48878	1.41118583648305e-76	0.292938422728404	0.2	0.004	3.00074556269755e-72
Gucy1b1	3.19743562164252e-76	2.32204336878205	0.875	0.081	6.79902710586064e-72
Emid1	6.95380750941955e-76	1.2704707021677	0.55	0.032	1.47865762880297e-71
Avpr1a	2.77038203209258e-75	0.764192747892023	0.35	0.013	5.89094035304166e-71
B130024G19Rik	9.13963395228016e-74	0.973130131402841	0.375	0.015	1.94345176361285e-69
Mcam	3.32387236989631e-73	1.57929191782569	0.75	0.062	7.06788220734751e-69
Cdh2	4.7222167302126e-69	1.25748793011476	0.625	0.044	1.00413216551241e-64
Jag1	4.19028423115751e-67	1.4726474101782	0.65	0.051	8.91022038913333e-63
Galnt16	1.5924152318326e-66	0.733885312044001	0.4	0.019	3.38611174896885e-62
Rgs5	7.81947815259474e-66	5.35895908689779	1	0.154	1.66273383436775e-61
Aoc3	1.46143783836467e-65	1.62942379341377	0.75	0.068	3.10760141949863e-61
Gm10687	2.11174407610852e-64	0.430499459697839	0.225	0.006	4.49041260343716e-60
Sgip1	5.32395592915432e-64	0.891739119514226	0.525	0.034	1.13208598877537e-59
Trabd2b	6.14022765330493e-63	0.767232693198427	0.35	0.015	1.30565800819876e-58
Slc2a4	1.239605634061e-62	0.706413632773082	0.325	0.013	2.63589742026732e-58
Tbx3	3.28867576842657e-61	1.12692496590415	0.6	0.046	6.99304015398225e-57
Nes	6.44415636393822e-61	1.38136794809256	0.625	0.052	1.37028540922782e-56
Kcnj8	1.1434265529868e-60	3.07627126482234	0.875	0.114	2.43138222227113e-56
Hey2	2.96707722895719e-59	0.652408852027768	0.325	0.014	6.30919301965456e-55
Ccn2	6.41098712018662e-59	2.5584569153027	0.675	0.063	1.36323230123648e-54
Arhgap42	1.39876330475531e-58	1.21273533425032	0.725	0.073	2.9743302912317e-54
Gjc1	1.86497171772013e-57	2.21335912457059	0.85	0.113	3.96567586056008e-53
Postn	4.332656148868e-57	2.20726698462488	0.775	0.085	9.21296003495291e-53
Rnf152	9.78392988926823e-57	0.559540052190913	0.275	0.01	2.080454851654e-52
Hecw2	5.55560413379663e-55	0.582185154846017	0.3	0.013	1.18134366301052e-50
Parm1	1.04403796953698e-54	1.30716240591565	0.7	0.074	2.22004233842344e-50
Ndst3	2.7446552941589e-53	0.39267181710611	0.175	0.004	5.83623501749949e-49
Serpine2	2.93806771739308e-53	2.97454958615427	0.925	0.148	6.24750719426464e-49
Naalad2	1.01528315409717e-52	1.2778839331173	0.5	0.038	2.15889809887223e-48
Fap	1.43936025573767e-52	0.734686366931341	0.375	0.021	3.06065564780058e-48
Ednrb	1.1923577948893e-51	3.20034775298087	0.925	0.151	2.53542961505262e-47
Ppp1r14a	1.60089162167656e-51	1.59189217092477	0.8	0.102	3.40413594433303e-47
Nr2f2	4.10484847359058e-50	2.70906723104068	0.95	0.175	8.72854979424301e-46
Ccdc141	6.9969591481072e-50	1.06146031923399	0.475	0.036	1.48783339325352e-45
Cygb	9.41487390619868e-50	2.04728734803717	0.975	0.166	2.00197878741409e-45
Pcdh1	1.59864262803937e-49	0.8074701571974	0.575	0.051	3.39935368426293e-45
Mmp11	2.00649765649019e-49	1.01800666280805	0.5	0.041	4.26661661676075e-45
Casq2	4.94410894339978e-49	0.476666603338568	0.175	0.005	1.05131532572453e-44
Pcdh19	8.55027017978642e-49	1.78682456076399	0.625	0.067	1.81812945102979e-44
Lhfp	1.47899117159173e-47	2.19168973375564	0.975	0.182	3.14492682727266e-43
Spaar	6.43393834116027e-47	0.286390830089604	0.15	0.004	1.36811264886432e-42
Gucy1a1	1.24766863039405e-46	2.40758210995935	0.925	0.158	2.6530425756699e-42
Des	1.5043656299783e-46	2.73735806760211	0.9	0.163	3.19888307558585e-42
Col4a2	1.46448336483677e-44	3.24873432474634	1	0.238	3.11407742698892e-40
Chn1	1.94340317579063e-44	0.846922438191196	0.425	0.032	4.1324525130012e-40
Cxcl1	2.11735938305387e-44	3.04330831093072	0.725	0.098	4.50235299212575e-40
Spry4	3.42395593571649e-44	1.2116365350715	0.6	0.065	7.28069990170755e-40
Gng11	3.93536914483709e-44	2.76541769220262	1	0.223	8.3681689495816e-40
Rem1	9.91534308228719e-44	1.52150561111632	0.725	0.099	2.10839855301755e-39
Cacna2d1	1.32114180056655e-43	1.73691034343579	0.725	0.102	2.80927592472472e-39
Ebf2	2.58518365422361e-43	0.889904971271788	0.325	0.019	5.49713452234108e-39
9630050E16Rik	4.01289774964256e-43	0.650537473925351	0.275	0.014	8.53302577483993e-39
Mfge8	5.77630479431102e-43	3.13127202439628	0.95	0.226	1.2282734514623e-38
Lama2	9.82604535821941e-43	1.42072764376513	0.65	0.075	2.08941028497178e-38
Jph2	2.90180036274419e-42	0.417287818780908	0.275	0.014	6.17038829133924e-38
Epas1	3.70554572251825e-42	2.09155931547372	0.875	0.162	7.8794724243628e-38
Pi15	5.2410246166639e-42	0.739281080342458	0.3	0.017	1.11445147448741e-37
Myl9	2.31342615744841e-41	2.80455859897967	0.925	0.203	4.9192693811983e-37
Lrrc32	4.22105718035835e-41	0.919884003260322	0.45	0.039	8.975655988314e-37
Sparcl1	6.47133309228826e-41	2.78614926023605	1	0.226	1.37606426874417e-36
Colec11	1.14524112292771e-40	0.354523077190498	0.125	0.003	2.43524072379349e-36
Adamts1	3.29732496232315e-40	1.80981197631847	0.675	0.089	7.01143179988395e-36
Mark1	5.52386461856582e-40	0.661345154949866	0.35	0.024	1.17459457249184e-35
Arhgef17	1.14452108707822e-39	1.26932741016213	0.725	0.111	2.43370963956313e-35
Col4a1	1.18790871402442e-39	3.86993463105294	1	0.285	2.52596908950152e-35
Arntl2	1.70144204440624e-39	0.428893206764366	0.2	0.008	3.61794636322543e-35
Fermt2	2.37591029668959e-39	2.07557082551213	1	0.268	5.05213565488075e-35
Gm42679	6.3172989597e-39	0.486246557651413	0.225	0.01	1.34331045079061e-34
Spry1	2.25081769135745e-38	1.52365498662713	0.7	0.102	4.78613873890249e-34
Susd2	4.87538529184052e-38	0.672474414680607	0.35	0.025	1.03670192845697e-33
Pear1	2.2639077966051e-37	1.30155645894395	0.75	0.126	4.81397353870109e-33
Itga1	4.49601581622648e-37	3.05738399374474	0.975	0.292	9.56032803162399e-33
Pde5a	7.33525556950421e-37	1.1642968621682	0.725	0.109	1.55976874429937e-32
Gnb4	1.96350342943602e-36	1.43585206533556	0.9	0.196	4.17519369235275e-32
Nid1	1.08662309110561e-35	1.62114697281109	0.95	0.206	2.31059534092696e-31
Akap12	1.11729536278757e-35	1.50319579069816	0.85	0.158	2.37581685943149e-31
Bgn	2.04207717400731e-35	2.08786433496486	0.925	0.185	4.34227290280914e-31
Gm14964	2.91281794231219e-35	0.724532410916899	0.4	0.036	6.19381607253264e-31
Pde1a	1.12936249807734e-34	1.01459467060411	0.675	0.103	2.40147641591165e-30
Adcy3	1.70617713982056e-34	0.953254208835772	0.525	0.065	3.62801507011444e-30
Bok	2.01710871212617e-34	0.75264572107901	0.5	0.058	4.28917996546509e-30
Kcne4	1.34180634151672e-33	0.708983302793179	0.4	0.036	2.85321700460115e-29
Afap1l2	1.99240794300132e-33	1.06982223798944	0.65	0.101	4.236656249998e-29
Hrct1	2.31068912427943e-33	0.427506349876666	0.25	0.015	4.91344935386779e-29
Col5a3	2.40482954867673e-33	2.10608940589913	0.725	0.134	5.1136295523062e-29
Ecm2	2.87810113517187e-33	1.19805058502126	0.575	0.076	6.11999425382947e-29
Lmod1	1.07096202878072e-32	0.702479250702139	0.3	0.022	2.27729365799933e-28
Angpt1	1.21273287701756e-32	0.571131771448183	0.275	0.018	2.57875518969013e-28
Col6a3	2.200802526504e-32	2.08962997038907	0.875	0.204	4.67978649235811e-28
Tbx3os1	2.79544347782412e-32	0.504507972318734	0.175	0.008	5.9442310112452e-28
Pdgfrl	3.43114444822162e-32	0.494317071228544	0.275	0.018	7.29598555469846e-28
Klhl23	3.91276270313443e-32	1.2035205870265	0.575	0.083	8.32009861194506e-28
Mylk	4.01018212958218e-32	2.2335200074394	0.925	0.251	8.52725128034354e-28
Cald1	4.97262345337747e-32	2.89227955377497	1	0.384	1.05737865112619e-27
S1pr3	7.7269720691775e-32	1.16408435692891	0.65	0.097	1.6430633407899e-27
Tagln	1.04568407340313e-31	2.76990522803107	0.8	0.181	2.22354261368442e-27
Rasl11a	1.13786439473556e-31	2.58019051764025	0.65	0.111	2.4195548489657e-27
Daam2	4.83907162750814e-31	0.897923676263343	0.425	0.045	1.02898019087333e-26
Ndrg2	1.42094170647895e-30	1.41495826068569	0.725	0.14	3.02149044465685e-26
Pdzd2	1.60738155306377e-30	1.40807372474617	0.7	0.126	3.41793613443481e-26
Fxyd1	3.61643627881224e-30	1.2283640649514	0.875	0.181	7.68999010326634e-26
Plxdc1	9.93363916340633e-30	0.84116143691823	0.3	0.024	2.11228903170672e-25
Adamts9	1.10473879201857e-29	0.987389633902971	0.45	0.054	2.34911656734828e-25
Sparc	1.60156361792962e-29	2.59093644303273	1	0.364	3.40556487716553e-25
Alkal2	4.38595301160065e-29	0.554810881455777	0.25	0.017	9.32629048386762e-25
Trpc1	5.49459435880884e-29	0.955522070153861	0.525	0.074	1.16837054445711e-24
Ifitm1	7.56247107657253e-29	2.73332256336972	0.95	0.332	1.60808384972238e-24
Slc9a3r2	9.30317842480754e-29	1.15230276996553	0.75	0.147	1.97822786025107e-24
Dmd	1.57972701709044e-28	1.2803030192558	0.65	0.121	3.35913152914111e-24
Pianp	3.00039566170853e-28	0.487355994841581	0.275	0.021	6.38004133505702e-24
Pdgfa	3.22010349202914e-28	1.9831240471196	0.9	0.272	6.84722806545076e-24
Ddr2	7.56867164507679e-28	1.1983187474495	0.725	0.154	1.60940233860913e-23
Hes1	8.06892913622855e-28	2.16610305375014	0.85	0.219	1.71577709152764e-23
Dnm3os	1.35977448083089e-27	0.628774056490294	0.275	0.021	2.8914244560388e-23
Enox1	3.30384665716953e-27	0.327350982151963	0.225	0.015	7.02529953180529e-23
Gm36962	3.5020864759787e-27	0.462816286527421	0.175	0.009	7.44683668252112e-23
Dlc1	5.08493288013231e-27	1.78221364770657	0.825	0.215	1.08126012763134e-22
Igfbp7	5.71976204086002e-27	2.52482429577934	1	0.395	1.21625020036847e-22
Rbms3	6.16015079397547e-27	1.17323426681342	0.675	0.133	1.30989446483094e-22
Lama4	2.56008342363543e-26	1.2192691776152	0.775	0.175	5.44376139201838e-22
Lamb1	3.22962321722047e-26	1.34274994106203	0.85	0.217	6.8674708090976e-22
Trpc6	4.24383183467837e-26	0.425786375468717	0.275	0.023	9.02408401326009e-22
Nkx2-3	5.86572006857238e-26	1.01827432472984	0.725	0.156	1.24728671538123e-21
Col6a2	7.00711958896495e-26	1.44264044140794	0.95	0.246	1.48999390939751e-21
Tm4sf1	1.13595257325425e-25	1.02554870343951	0.95	0.21	2.41548955176783e-21
Pde8b	1.22788668010884e-25	0.644415743545943	0.25	0.019	2.61097823658344e-21
Crip2	1.47310088298656e-25	1.63581444126587	0.95	0.275	3.13240171758263e-21
Inpp4b	1.49152718612699e-25	1.64346528638637	0.65	0.136	3.17158340858044e-21
Mustn1	1.51586172467631e-25	1.35916486136664	0.525	0.084	3.2233283713517e-21
Trib2	2.01038159563374e-25	0.85824781934828	0.475	0.068	4.27487542495558e-21
Atp1a2	3.86702648350775e-25	1.26669014419226	0.65	0.12	8.22284511453087e-21
Ms4a4d	3.96340612888156e-25	0.875161300769481	0.575	0.091	8.42778679245376e-21
Vcl	4.31147458739914e-25	1.58890236824896	0.925	0.323	9.16791956264552e-21
Pcdh18	4.49273897353429e-25	0.838795050415278	0.375	0.043	9.55336015332332e-21
Rasgrp2	5.03352713013111e-25	1.40450028339594	0.75	0.187	1.07032920895108e-20
Cacna1c	5.48006832069935e-25	0.447268226844045	0.25	0.02	1.16528172771351e-20
Daam1	7.07386802266592e-25	1.57786834821541	0.8	0.226	1.50418729633968e-20
Dtx3	9.18764181474439e-25	1.39292543841096	0.8	0.224	1.95366015548725e-20
Cacng7	1.40982224148875e-24	0.399380061885384	0.3	0.028	2.99784601430167e-20
Pla2r1	3.07460036392633e-24	1.03880828632782	0.525	0.089	6.53783021385295e-20
Gdf11	5.05593876059154e-24	0.36330117225174	0.225	0.017	1.07509481805219e-19
Ggt5	6.41815216913029e-24	1.08102704446696	0.675	0.146	1.36475587724386e-19
Bcr	6.65687664022166e-24	2.03081886184075	0.7	0.174	1.41551824877673e-19
Igfbp5	6.99026360769631e-24	2.82559481687197	0.7	0.166	1.48640965354054e-19
Ace2	1.05134418875366e-23	1.27286121858393	0.2	0.014	2.23557828296578e-19
Chst3	1.2023068826131e-23	0.280293631702865	0.15	0.008	2.5565853551885e-19
Ptp4a3	1.20901044507571e-23	1.67724412257956	0.85	0.28	2.57083981040898e-19
Rnd2	1.5939766022447e-23	0.545484502143859	0.375	0.046	3.38943184701314e-19
Col5a2	2.07586691972299e-23	1.91747567661674	0.85	0.251	4.41412341809897e-19
Steap4	2.07730745219156e-23	2.25068013349383	0.725	0.178	4.41718656634014e-19
Mrvi1	2.79644874040716e-23	0.672091381789981	0.55	0.093	5.94636860160179e-19
Slc12a2	3.16879072089488e-23	1.4169681346426	0.75	0.187	6.73811658891087e-19
Fstl1	3.92537507473766e-23	1.47270284343468	0.9	0.277	8.34691755892215e-19
Adcy6	4.36826383480819e-23	0.74784171930456	0.425	0.062	9.28867621833613e-19
Col15a1	5.48663077972408e-23	1.22457387745574	0.55	0.095	1.16667716900053e-18
Myo10	6.0069988813706e-23	0.995980711076189	0.6	0.117	1.27732824213464e-18
Phlda1	1.11660469191804e-22	2.22983666806154	0.925	0.339	2.37434821689452e-18
Pde3a	1.27486950329244e-22	0.620108632651724	0.7	0.145	2.71088251180105e-18
Meox2	1.50237729699102e-22	0.553209773181516	0.275	0.026	3.1946550843217e-18
B430010I23Rik	1.71034309691043e-22	0.780474797917406	0.275	0.027	3.63687356127033e-18
Gm15270	1.77244646634968e-22	0.553081504914951	0.25	0.022	3.76893016604596e-18
Tnfaip6	1.9371067745124e-22	0.821806946981473	0.45	0.068	4.11906384532316e-18
Snai1	1.94258050295892e-22	0.512037133783492	0.325	0.037	4.13070318149185e-18
Sema6d	2.08410165241959e-22	1.26307309299973	0.65	0.151	4.43163375370502e-18
Col6a1	2.13711697929104e-22	1.63580109287216	0.9	0.266	4.54436554476447e-18
Farp1	2.63150769685575e-22	0.903555670881548	0.525	0.097	5.59563796659407e-18
Tns1	3.5456571036035e-22	1.63130543217974	0.75	0.214	7.53948526510248e-18
Nrep	3.61499490463474e-22	0.855758445191758	0.425	0.062	7.68692516521532e-18
Col3a1	3.84594995729694e-22	1.68425382945348	0.975	0.318	8.17802798919622e-18
Sntb1	6.18622802139463e-22	0.475350635137926	0.325	0.037	1.31543952646935e-17
Sdc2	7.49669140615754e-22	1.09510826954629	0.8	0.214	1.59409646060534e-17
Tpm1	7.924337122561e-22	2.51854586583828	0.975	0.492	1.68503104574137e-17
Il1r1	8.56764023897583e-22	0.765975639917273	0.425	0.062	1.82182302041582e-17
Tmem100	9.08485810795739e-22	0.957554603208239	0.425	0.061	1.93180422807606e-17
Mxra7	1.19111818608527e-21	1.08122197130002	0.725	0.184	2.53279371089173e-17
Dgkb	1.29438324952627e-21	0.333970020506415	0.175	0.011	2.75237654179266e-17
Rbpms	1.47367020760039e-21	1.59366955628316	1	0.447	3.13361232944147e-17
Dapk2	1.70234089660763e-21	0.845642524046705	0.4	0.056	3.61985768254646e-17
Enpp2	2.03701373375854e-21	1.00026267195893	0.45	0.071	4.33150600346417e-17
Ttyh2	2.04769980127858e-21	0.761617810333901	0.475	0.08	4.35422885743878e-17
Rasd1	2.74292541146277e-21	0.93485918062309	0.25	0.023	5.83255659493443e-17
Olfml2b	2.96604191323158e-21	0.874576804862463	0.5	0.084	6.30699152429564e-17
Inka2	3.15573246173026e-21	0.643788720377306	0.35	0.046	6.71034950662322e-17
Arhgef25	3.82015015889353e-21	0.912217825958955	0.55	0.111	8.1231672978712e-17
Mprip	5.50928483898942e-21	1.53702153455635	0.925	0.413	1.17149432816271e-16
Nedd4	5.66217376769116e-21	1.66102862342578	0.975	0.411	1.20400462996185e-16
Pten	5.78915602597141e-21	1.9148786212411	0.975	0.653	1.23100613736256e-16
Map3k20	5.91587341150287e-21	1.04768930808522	0.7	0.191	1.25795132222197e-16
Kdelr3	6.74270071893486e-21	0.696625659520689	0.475	0.08	1.43376788087431e-16
Ptprk	8.61771706798032e-21	1.00912721798241	0.525	0.102	1.83247135733533e-16
Acta2	1.20001704710537e-20	2.51589257608314	0.75	0.244	2.55171624896485e-16
Procr	1.59690154372964e-20	1.33218049138978	0.55	0.115	3.3956514425867e-16
Nexn	2.13396534554963e-20	0.726889333501217	0.45	0.073	4.53766391077673e-16
Itgb1	2.71040752112991e-20	1.68129809817487	1	0.893	5.76341055293064e-16
Ptk2	2.86602584951761e-20	0.960251190474404	0.625	0.148	6.09431736641425e-16
Tshz2	3.51487919264279e-20	1.23017637065702	0.85	0.257	7.47403911523562e-16
Epn2	3.75608330810755e-20	0.737476501185616	0.675	0.162	7.9869355463599e-16
Osmr	3.97406183609012e-20	1.12245674702853	0.65	0.158	8.45044508826204e-16
Plxdc2	5.18759740940958e-20	1.43957183342403	0.8	0.261	1.10309071313685e-15
Plpp3	5.85101632057926e-20	1.21270650826964	0.75	0.199	1.24416011040797e-15
Col18a1	6.54450341148286e-20	1.92979887122916	0.7	0.2	1.39162320541771e-15
Col8a1	8.17170134923612e-20	0.496605199686619	0.275	0.029	1.73763057490157e-15
Srpx2	8.19646947927557e-20	0.510314718043491	0.275	0.029	1.74289727007316e-15
Itih5	8.26055727048353e-20	1.40836599853396	0.7	0.167	1.75652489799562e-15
Ntn4	8.75039762019794e-20	0.645613035030871	0.425	0.069	1.86068454995889e-15
Timp3	1.00127386113571e-19	3.89708417724284	0.75	0.258	2.12910873831898e-15
Map1lc3a	1.01079991362778e-19	1.56689997679462	0.95	0.472	2.14936493633812e-15
C1qtnf7	1.19545793552725e-19	0.475023299918988	0.3	0.035	2.54202175410514e-15
Col1a2	1.40700537400197e-19	1.20012077401582	0.95	0.285	2.9918562272778e-15
Pgm5	1.44354524607122e-19	0.461548585860908	0.3	0.035	3.06955461124585e-15
Tcf15	1.89463804511699e-19	0.570992935633424	0.3	0.035	4.02875833913677e-15
Sox5	2.09122210834995e-19	0.765473588602464	0.35	0.049	4.44677469119533e-15
Angptl2	2.15266338714764e-19	0.874345312500847	0.7	0.174	4.57742342643075e-15
Enpep	2.49308155391379e-19	0.838399961276202	0.45	0.075	5.30128861624228e-15
Prkg1	2.61055238679681e-19	0.891724427879133	0.575	0.125	5.55107859528475e-15
Serping1	4.58218238609073e-19	1.22496880100792	0.975	0.277	9.74355262578333e-15
AW011738	5.75824683343611e-19	0.929790487289491	0.425	0.072	1.22443360666185e-14
Rhoj	6.27172109578508e-19	1.17109895412027	0.8	0.238	1.33361877380774e-14
Col5a1	7.38595268363461e-19	1.04055368275719	0.7	0.182	1.57054897864806e-14
Lpl	8.91379838885591e-19	0.769332974293137	0.675	0.157	1.89543008940632e-14
Loxl2	1.26125319967717e-18	1.19733104524524	0.7	0.195	2.68192880379354e-14
Matn2	1.57835323700437e-18	0.800395878446525	0.55	0.109	3.35621032316609e-14
Htra4	1.66073015144075e-18	0.306283042377832	0.1	0.004	3.53137659402361e-14
Rerg	2.32492732386927e-18	0.351291265257309	0.2	0.017	4.94372546147561e-14
Sept11	2.52605088607135e-18	1.45790386557677	0.9	0.434	5.37139460414213e-14
Spry2	2.61335872909464e-18	1.15615832369251	0.725	0.204	5.55704600154685e-14
Fblim1	3.28467943677858e-18	1.04314863530207	0.475	0.094	6.98454235436597e-14
Eva1b	3.33864701595044e-18	1.36543293552732	0.85	0.354	7.09929901471701e-14
Akap2	3.76286162318932e-18	0.638811238514182	0.425	0.076	8.00134895554976e-14
Btbd3	4.2562553579521e-18	1.38791501312718	0.625	0.172	9.05050139314934e-14
Prss23	4.55402431812935e-18	0.952877647305764	0.725	0.201	9.68367731007026e-14
Mlf1	5.01117018059968e-18	0.266091326037143	0.175	0.014	1.06557522720272e-13
Serpinh1	5.16586266741738e-18	1.29443434037706	0.95	0.31	1.09846903759963e-13
Cyp7b1	7.37726784073052e-18	0.737105194290647	0.45	0.085	1.56870223365294e-13
Parva	7.50241673800419e-18	0.986395789208171	0.8	0.225	1.59531389516921e-13
Cyth3	7.65794704788086e-18	1.21840789397675	0.8	0.298	1.62838586026139e-13
Prkcg	1.14182477593817e-17	0.268291564723168	0.125	0.007	2.42797620355492e-13
Rasal2	1.27987768405821e-17	0.804683570167897	0.575	0.143	2.72153190738139e-13
Sept7	1.36459404667468e-17	1.86471728322801	0.95	0.823	2.90167278084905e-13
Tpm2	1.5817397625247e-17	2.07515678657371	0.825	0.33	3.36341143103251e-13
Col12a1	1.65572891294563e-17	0.633838407081303	0.45	0.081	3.52074196048759e-13
Has2	1.86820793419737e-17	0.447747252773454	0.15	0.01	3.97255735127728e-13
Hic1	1.91296113360938e-17	0.948683538146649	0.575	0.14	4.06772055450699e-13
Ehd2	1.9314663418045e-17	1.04424425086295	0.75	0.243	4.10707002921309e-13
Esam	3.43612797558999e-17	1.05790884198935	0.625	0.159	7.30658252729454e-13
Cystm1	3.46782920359953e-17	1.0765697084001	0.725	0.228	7.37399201853404e-13
C1s1	3.82957452615962e-17	0.751425841728139	0.875	0.224	8.14320727242583e-13
Tppp3	4.1988083462408e-17	1.52507937095783	0.775	0.281	8.92834606744645e-13
Cd63	4.60329121664792e-17	1.40140476530652	1	0.619	9.78843844308013e-13
Carmn	5.50514035585606e-17	0.743478927651356	0.35	0.052	1.17061304526923e-12
Jam3	6.56953764057831e-17	0.773168646002857	0.5	0.105	1.39694648389257e-12
Arhgef40	6.59734558663175e-17	0.677020521201506	0.525	0.118	1.40285956554137e-12
Ifi203-ps	1.13995184136247e-16	0.552836532762667	0.35	0.055	2.42399359547315e-12
Id3	1.21105499664595e-16	1.78141553986437	0.775	0.279	2.57518734486794e-12
Fbn1	1.31297008055879e-16	0.982689238867102	0.65	0.174	2.79189957930021e-12
Pdlim3	1.31646068313839e-16	0.924311537769395	0.5	0.109	2.79932199662547e-12
Mnd1	1.51627725830248e-16	0.452889028197348	0.2	0.019	3.2242119620544e-12
Apbb2	2.02759066381909e-16	0.980498245464899	0.5	0.113	4.31146878754491e-12
Dysf	2.78841856320621e-16	0.341992389039881	0.275	0.035	5.92929323280169e-12
Cuedc1	2.96276377785408e-16	0.83292359243606	0.6	0.164	6.30002089722891e-12
Ctsk	3.20421934975002e-16	0.582734360634172	0.45	0.086	6.81345202530844e-12
Prex2	6.18429607903769e-16	0.687180415801382	0.475	0.094	1.31502871824657e-11
Nr2f1	6.33250734355786e-16	0.285920968904051	0.225	0.024	1.34654436153414e-11
Foxf1	6.95183255952267e-16	0.921906549630681	0.525	0.122	1.4782376754569e-11
Kcnmb1	7.95461077837698e-16	0.250375184982934	0.15	0.012	1.69146843591408e-11
Syn3	8.05340703117876e-16	1.14884678086717	0.3	0.045	1.71247647110985e-11
Nbl1	8.63241058578626e-16	0.794859300347935	0.85	0.252	1.83559578696159e-11
Shroom3	9.47072370104186e-16	0.8885215682843	0.475	0.105	2.01385468778954e-11
Frmd6	1.09528131343597e-15	1.03887590083877	0.7	0.229	2.32900618489025e-11
Rgma	1.18634222662467e-15	0.563855862983656	0.475	0.102	2.52263811069469e-11
Vasn	1.46692044762172e-15	0.630473772852556	0.45	0.098	3.11925963982284e-11
Klf9	1.51638662995386e-15	1.4915608074346	0.85	0.383	3.2244445299339e-11
Lamc1	1.76891859556706e-15	1.05476142240494	0.725	0.241	3.76142850161379e-11
Fbxl7	1.80032461983201e-15	0.523783265437231	0.375	0.068	3.82821027161079e-11
Dab2ip	1.86848811956829e-15	0.927564941488761	0.65	0.194	3.97315313745001e-11
Slc6a9	2.22814289722479e-15	0.521819883607898	0.275	0.038	4.7379230566588e-11
Prkar1b	2.31988930264442e-15	0.45686382850035	0.3	0.044	4.9330126131431e-11
Mfap2	2.57307146446865e-15	0.603998411574657	0.4	0.073	5.47137916204615e-11
Cd248	2.6016085924554e-15	1.07298806373878	0.45	0.097	5.53206051099716e-11
Csrp1	2.6667087338199e-15	1.31263498769065	0.9	0.438	5.67048945159464e-11
Gm42899	2.7569738182467e-15	0.316506649439564	0.15	0.012	5.86242912711979e-11
Arhgap6	3.49474856354732e-15	0.998039711161359	0.55	0.153	7.43123334552702e-11
Thra	3.56595137697435e-15	0.991103782884933	0.8	0.303	7.58263900799825e-11
1500009L16Rik	4.62871228309129e-15	0.474219651583271	0.225	0.026	9.84249379876532e-11
Gpx8	4.90006240960849e-15	0.799706323292918	0.775	0.242	1.04194927077915e-10
Amotl1	5.78727587737695e-15	0.845972551041946	0.625	0.179	1.23060634256543e-10
Stk38l	6.13730298760517e-15	0.758737730380095	0.45	0.1	1.30503610728436e-10
Myom1	6.92962837042683e-15	0.41239291251723	0.2	0.021	1.47351617668756e-10
Lgalsl	7.14166441824043e-15	0.862996826341626	0.5	0.121	1.51860352189464e-10
Filip1l	9.53889683327111e-15	1.75539772478668	0.925	0.545	2.02835102262677e-10
Cog7	9.8977070088571e-15	1.08128291922569	0.575	0.173	2.10464841836337e-10
Pcolce	9.92681977315758e-15	0.68670788193567	0.85	0.253	2.11083895656423e-10
Sntb2	1.05032242832884e-14	0.996417379049693	0.825	0.356	2.23340561159845e-10
Tnfrsf21	1.20248061546659e-14	1.19064125456137	0.625	0.198	2.55695478072817e-10
Ltbp1	1.78166278010427e-14	0.842157458786863	0.525	0.129	3.78852773561371e-10
A830082K12Rik	1.97060251397314e-14	0.373340306765406	0.15	0.013	4.19028918571249e-10
Mtus1	2.01530990221609e-14	1.0444675480304	0.7	0.263	4.2853549760723e-10
Adap2	2.62710182063445e-14	1.24447592049415	0.8	0.342	5.5862693113971e-10
Pxdn	2.6502911022108e-14	0.802744483321101	0.525	0.138	5.63557899974105e-10
Tmem204	2.70477546361444e-14	0.476610889244072	0.375	0.067	5.75143454582975e-10
Impa2	4.10548917377857e-14	1.12586060314684	0.575	0.187	8.72991217912276e-10
Gpm6b	4.35188199882362e-14	1.11461000224451	0.425	0.088	9.25384188229854e-10
Ajuba	4.53385587245261e-14	0.645502311836736	0.3	0.05	9.64079112718323e-10
Ets1	4.68135840858233e-14	1.15901835913555	0.8	0.314	9.95444052000947e-10
Gpx3	5.04202924653267e-14	1.24717104914563	0.8	0.305	1.07213709898271e-09
Cdr2l	6.11184842076477e-14	0.444984410980141	0.3	0.049	1.29962344819142e-09
Wwtr1	6.36558434406916e-14	0.709509059289664	0.675	0.21	1.35357785492287e-09
Tcf21	7.05660585110376e-14	0.584880219036883	0.425	0.088	1.5005166681787e-09
Cnn3	7.27917727325865e-14	0.924581376098089	0.825	0.34	1.54784425538572e-09
Rdh5	7.28209182914574e-14	0.41617076613745	0.175	0.018	1.54846400654955e-09
Nfatc4	7.28586759938399e-14	0.423210662291158	0.2	0.023	1.54926688633301e-09
Maml3	7.46396234443184e-14	0.725895360236606	0.5	0.126	1.58713695291999e-09
Map2	9.33034645530688e-14	0.428370128389105	0.2	0.023	1.98400487025646e-09
Ryk	9.51049540472498e-14	0.901605986487184	0.7	0.246	2.02231174286072e-09
Abca6	1.17059550141952e-13	0.462561411522198	0.275	0.042	2.48915427421848e-09
Errfi1	1.35573372109907e-13	1.51998255011462	0.775	0.313	2.88283218454506e-09
Tcf4	1.51600682964311e-13	1.12755501769194	1	0.619	3.22363692255312e-09
Eif1b	1.59687387850421e-13	1.05707258693136	0.925	0.632	3.39559261525136e-09
Khdrbs3	1.72388978143072e-13	0.759082851993994	0.525	0.139	3.66567923123429e-09
Calhm5	1.80682882706561e-13	0.413733160493461	0.25	0.035	3.84204081787232e-09
Gamt	1.87733999053977e-13	1.07818777548968	0.575	0.186	3.99197575588377e-09
Tuba1a	1.92031509270194e-13	1.54835209205162	0.85	0.553	4.08335801312141e-09
P2ry14	1.94462180953149e-13	0.750302455364964	0.55	0.156	4.13504381578777e-09
Adgrl2	2.8010463044241e-13	0.713173857700488	0.475	0.115	5.95614486172741e-09
Gm9780	3.91247217928083e-13	0.490393791554462	0.3	0.05	8.31948084202275e-09
Rhoc	5.09883001400322e-13	0.909482117389263	0.9	0.485	1.08421521417765e-08
Myadm	5.10606082984027e-13	1.46137717663608	0.875	0.49	1.08575277485724e-08
1110046J04Rik	5.33246828504166e-13	0.252632173163535	0.225	0.03	1.13389605613126e-08
Zfp334	5.54592226179341e-13	0.306760098663926	0.225	0.03	1.17928490974775e-08
Selenom	5.66164780387504e-13	1.10629696946304	0.9	0.447	1.20389278901599e-08
Soga1	6.69551724971636e-13	0.539341028075106	0.4	0.089	1.42373478797969e-08
Hoxb2	6.94169331867341e-13	0.622105351373795	0.425	0.103	1.47608166728271e-08
Cp	7.30366749613416e-13	1.28778538907119	0.775	0.323	1.55305185637797e-08
Pth1r	7.98103059135925e-13	0.460258203406664	0.275	0.044	1.69708634494663e-08
Ddah2	8.01898133803095e-13	0.808691058744765	0.675	0.236	1.7051561917189e-08
Snai2	8.03642521049488e-13	0.277019152479785	0.225	0.03	1.70886545675963e-08
Tns2	1.01642046453251e-12	0.61167718564159	0.45	0.107	2.16131647578192e-08
Zdhhc1	1.09674815327897e-12	0.567463339789152	0.35	0.072	2.3321252731324e-08
Pkig	1.15771498820352e-12	1.00963515306248	0.75	0.368	2.46176515091598e-08
Adcy5	1.28822803989426e-12	0.314238761030737	0.175	0.02	2.73928810403116e-08
C1qtnf2	1.30826784649884e-12	0.666316814149083	0.5	0.136	2.78190074879513e-08
Ehd3	1.31993770352013e-12	0.601459957416424	0.325	0.062	2.8067155327652e-08
Ptprg	1.33150967353849e-12	0.660903675038204	0.475	0.125	2.83132216981225e-08
Htra1	1.50774223701749e-12	0.983796261942931	0.575	0.178	3.20606309279399e-08
Myh11	1.54681696073745e-12	1.66391515686659	0.5	0.141	3.28915158531211e-08
Maged2	1.62134687404428e-12	1.0358257982374	0.625	0.217	3.44763199296777e-08
Sema5a	1.81384783252803e-12	0.794607200297097	0.575	0.171	3.85696603108761e-08
P3h3	1.90241725807561e-12	0.564033093954528	0.45	0.11	4.04530005757199e-08
Lbh	2.09091339592973e-12	1.39137095635067	0.8	0.458	4.44611824510498e-08
Plekhg3	2.21728349605879e-12	0.88461065175667	0.6	0.216	4.7148316260194e-08
Ltbp4	2.52620228633479e-12	0.655258266102437	0.725	0.235	5.37171654166229e-08
Asap2	2.58310787472797e-12	0.778436860378252	0.475	0.127	5.49272058482156e-08
A4galt	3.27815679230567e-12	0.347253270165708	0.25	0.039	6.97067260315877e-08
Mmp15	4.11161751276024e-12	0.416561888528059	0.275	0.046	8.74294347913337e-08
Phldb1	4.17406300671838e-12	0.848261650894042	0.45	0.123	8.87572757748595e-08
Sod3	4.67813284641626e-12	0.969020138161156	0.625	0.206	9.94758168461953e-08
Dcbld1	4.91035758901627e-12	0.272795743308738	0.175	0.02	1.04413843772842e-07
Tbc1d1	4.98697821903139e-12	0.952522917965775	0.7	0.292	1.06043104849483e-07
E130102H24Rik	5.23851772774853e-12	0.642567300730749	0.45	0.12	1.11391840962845e-07
Dpysl2	5.32486691601751e-12	0.987589529174765	0.925	0.61	1.13227970102196e-07
Pik3r1	5.57426705749404e-12	1.16880733466671	0.875	0.51	1.18531214710553e-07
Mast4	6.02987739063639e-12	0.892817684593356	0.675	0.246	1.28219312834492e-07
Kazn	6.41495359000878e-12	0.548965773156375	0.3	0.058	1.36407573137947e-07
Zfp618	6.75957072303256e-12	0.285944800582288	0.175	0.021	1.43735511854564e-07
Col1a1	8.70742663310168e-12	1.75311438505653	0.7	0.26	1.85154719926274e-07
Tle1	9.09539306245205e-12	0.667515102861236	0.55	0.174	1.9340443807998e-07
Tgfb1i1	9.33306610918220e-12	0.679806608627256	0.525	0.147	1.9845831774565e-07
Ier5l	9.65932644665695e-12	0.913516261592262	0.55	0.183	2.05395917561713e-07
Ptms	9.85436098925632e-12	0.888516196187341	1	0.808	2.09543132075546e-07
Nckap1	1.01073449119426e-11	0.774639648682082	0.7	0.249	2.14922582207546e-07
Hrc	1.12621678294974e-11	0.394924731998652	0.125	0.011	2.39478736726432e-07
Rbpms2	1.24217944068244e-11	0.469861714218201	0.25	0.04	2.64137036266713e-07
Hspg2	1.24424067466701e-11	0.695378660535961	0.625	0.208	2.64575337061193e-07
Cdc42ep4	1.31066813338818e-11	0.672378018624298	0.475	0.134	2.78700471883662e-07
Nrarp	1.3937244931437e-11	0.588363792698423	0.225	0.034	2.96361576222076e-07
Sorbs1	1.43212682943115e-11	0.648067917577645	0.475	0.131	3.0452744901024e-07
Calcrl	1.82878481075539e-11	0.761653327382672	0.475	0.131	3.88872802159027e-07
Tnc	1.97013382386833e-11	0.425542385093098	0.375	0.081	4.18929256307361e-07
Crispld2	2.04506323136068e-11	0.643278099546009	0.45	0.114	4.34862245516535e-07
Bmp1	2.13785713869579e-11	0.938473090303435	0.475	0.138	4.54593941972273e-07
Ppic	2.29712802981664e-11	1.12330555573302	0.575	0.2	4.8846130426021e-07
C1qtnf6	2.35603110877266e-11	0.748092838703981	0.425	0.113	5.00986454969418e-07
Ano1	2.40160353426797e-11	0.587784044683458	0.55	0.166	5.1067697552674e-07
Lix1l	2.78594041723061e-11	0.587993514311146	0.575	0.194	5.92402370319917e-07
Adap2os	3.12051752258206e-11	0.909459675199026	0.625	0.235	6.6354684600185e-07
4931406P16Rik	3.22087747910565e-11	1.20437141073521	0.725	0.34	6.84887387157025e-07
Gm14005	3.24972138039472e-11	0.650089913449398	0.4	0.101	6.91020754327133e-07
Gnas	3.28503083035304e-11	0.783709673463223	1	0.94	6.98528955766271e-07
Cdk18	3.53082450003222e-11	0.340619514623861	0.2	0.028	7.50794521686851e-07
Slco3a1	3.8053254908434e-11	1.00031690014887	0.7	0.306	8.09164412372939e-07
Tmem47	4.1280741756943e-11	0.613616174737349	0.4	0.095	8.77793692719636e-07
Itgb5	4.18593646459546e-11	0.902516646489178	0.8	0.387	8.90097529831579e-07
Kitl	4.65203151785937e-11	0.841471666626384	0.725	0.287	9.89207981957617e-07
Cebpd	5.24504240921038e-11	1.47140462065044	0.875	0.563	1.1153058178945e-06
Scarf2	5.37684169279102e-11	0.496504137224709	0.475	0.135	1.14333161755508e-06
Pdlim1	7.43756517813684e-11	0.932949696419094	0.75	0.35	1.58152385947902e-06
Bcl9l	8.98381074326938e-11	0.683686855896428	0.575	0.206	1.9103175164488e-06
Lpp	9.56322701260237e-11	0.944034401635728	0.9	0.567	2.03352459195977e-06
Hoxb3os	1.10207093567394e-10	0.543962960903888	0.25	0.044	2.34344363761707e-06
Actn1	1.14782441460441e-10	0.981627873636716	0.725	0.332	2.44073383521482e-06
Irs1	1.14939421853605e-10	0.414563439485402	0.225	0.037	2.44407186629506e-06
C1qtnf1	1.24752025165928e-10	0.603062535407562	0.5	0.151	2.6527270631283e-06
Rora	1.29130512321791e-10	0.877097512828954	0.575	0.195	2.74583121401057e-06
Angpt2	1.51681013676521e-10	0.402427618508715	0.175	0.023	3.22534507481755e-06
Rhbdf1	1.63790257861773e-10	0.443250395240001	0.375	0.093	3.48283604317275e-06
P3h2	1.81998730345953e-10	0.540829185900713	0.3	0.062	3.87002100207634e-06
Filip1	1.95604158167444e-10	0.732790657148668	0.4	0.107	4.15932681927252e-06
Lrrc8a	2.12644282556709e-10	0.801703375822582	0.575	0.217	4.52166802428585e-06
Selenof	2.33419302698375e-10	0.749968660198924	0.975	0.858	4.96342805257825e-06
Dock6	2.39521239675189e-10	0.565692570215159	0.3	0.063	5.09317964045322e-06
Zfp9	2.44165677389304e-10	0.367219336485001	0.275	0.053	5.19193896400617e-06
Dnajb4	2.49771097495991e-10	0.797399921169332	0.6	0.231	5.31113261715475e-06
Ccdc68	2.65437421593165e-10	0.399630009111933	0.175	0.024	5.64426133275706e-06
Laptm4a	3.01015791113719e-10	0.866700549862045	1	0.834	6.40079978224212e-06
Tead3	3.44869912203128e-10	0.381344281865863	0.25	0.046	7.33331381308732e-06
Fads3	3.53223347787471e-10	0.64112235710539	0.45	0.138	7.51094126735278e-06
Slc25a4	3.86937674389962e-10	0.850977018709532	0.925	0.755	8.22784270822816e-06
Bcam	4.26877796516388e-10	0.409557066236035	0.625	0.191	9.07712946512447e-06
Zbtb20	4.59501203784016e-10	1.03911231313345	0.9	0.525	9.77083359726331e-06
Hoxa3	4.64976868888033e-10	0.471789425960429	0.25	0.047	9.88726814003513e-06
Sept8	5.32042287771889e-10	0.813834012337411	0.6	0.244	1.13133472071814e-05
Traf4	5.39635178607085e-10	0.37828114221562	0.275	0.055	1.1474802437901e-05
Arhgap10	5.42205759636878e-10	1.02000982133539	0.625	0.282	1.15294632729186e-05
Ktn1	5.67236999860899e-10	0.82872335341573	0.875	0.531	1.20617275650422e-05
Rhobtb3	5.70702634630237e-10	0.42937891086985	0.375	0.094	1.21354208227774e-05
Plcl1	6.26483647347226e-10	0.700788668743112	0.375	0.1	1.33215482771914e-05
Tspan6	6.50170902974316e-10	0.319449670443106	0.35	0.082	1.38252340808459e-05
Abca8a	6.95069900024297e-10	0.818629853965063	0.35	0.082	1.47799663541167e-05
Pros1	7.9137153443253e-10	0.778962569984703	0.675	0.279	1.68277243081733e-05
Tsc22d1	8.0687689872482e-10	0.993603069099686	0.775	0.352	1.71574303744846e-05
Islr	8.158931481736e-10	0.483343669078188	0.425	0.108	1.73491519027634e-05
Rhob	8.41293832913176e-10	0.909891524631081	0.975	0.643	1.78892720630658e-05
Bace1	8.90172263855095e-10	0.58744321963589	0.45	0.139	1.89286230186147e-05
Ubr1	9.05146153392944e-10	0.881649301019261	0.6	0.256	1.92470278057476e-05
Pygm	9.48144498401571e-10	0.430520491617685	0.275	0.055	2.0161344614011e-05
Zcchc14	1.00023844359176e-09	0.736768852654344	0.5	0.169	2.12690702645353e-05
Mab21l2	1.13641837651661e-09	0.489442413925589	0.4	0.103	2.41648003582491e-05
Mxra8	1.20428910026683e-09	0.678620400839356	0.625	0.237	2.5608003428074e-05
Nnmt	1.27504425246332e-09	0.610947695758013	0.6	0.196	2.71125409843799e-05
Ttll7	1.29410954674344e-09	0.527506638658567	0.275	0.058	2.75179454019525e-05
Dennd5b	1.75018095451905e-09	0.439539973863762	0.375	0.099	3.72158478168931e-05
Arhgef12	1.81871420060969e-09	0.763759219683168	0.775	0.373	3.86731387617644e-05
Plekhh2	1.92282429104392e-09	0.570523119600618	0.4	0.115	4.08869357247579e-05
H2afy2	1.94204141637117e-09	0.388286513362406	0.325	0.078	4.12955686777165e-05
Syne2	1.97466854087011e-09	0.777704124852849	0.7	0.295	4.1989351853062e-05
Vezf1	1.98967151459339e-09	0.78067768555884	0.75	0.406	4.23083750863139e-05
Antxr1	2.06441600402678e-09	0.495978505480892	0.475	0.143	4.38977419096255e-05
Thy1	2.18796006332389e-09	1.08498946542717	0.525	0.192	4.65247827865193e-05
Casp12	2.27041200268142e-09	0.725207391875112	0.5	0.176	4.82780408250176e-05
Pam	2.3070096808981e-09	0.735433213044516	0.725	0.329	4.90562538546171e-05
Clip3	2.50361771827709e-09	0.347354234393015	0.275	0.057	5.32369271614441e-05
Anxa5	2.60269952611913e-09	0.852812691230232	0.975	0.835	5.53438027233971e-05
Cdc42bpa	2.69103666183478e-09	0.640933070892581	0.575	0.212	5.72222035772548e-05
Rbfox2	2.78518044570305e-09	0.661836763293232	0.575	0.212	5.92240769974296e-05
Malat1	2.82260870749625e-09	1.04809504709075	1	0.998	6.00199515562002e-05
Arhgap5	2.84736116080371e-09	0.846324696018452	0.8	0.435	6.054628772333e-05
Actn4	2.92145877553351e-09	0.787090993391168	0.9	0.626	6.21218994029445e-05
Wasf3	2.97983812787308e-09	0.293979430283904	0.175	0.026	6.33632779510932e-05
Ate1	3.02358749484455e-09	0.747991978331233	0.625	0.297	6.42935644903746e-05
Grk5	3.17258294975711e-09	0.743597503247825	0.4	0.122	6.74618038436351e-05
Rras	3.23861361687082e-09	0.746723723533465	0.775	0.43	6.88658799491412e-05
Acyp2	3.37694689652428e-09	0.622166918751777	0.45	0.143	7.18073988076922e-05
Nhs	3.40295434750622e-09	0.435883022735668	0.2	0.034	7.23604212453722e-05
Snrk	3.67354770897858e-09	0.983709668658602	0.6	0.269	7.81143184837205e-05
Fkbp10	3.73513095024243e-09	0.433863299723046	0.45	0.137	7.9423824525955e-05
Slc11a1	3.7504291196036e-09	0.995792258728141	0.725	0.344	7.97491247992509e-05
Cbfa2t3	3.86760981158595e-09	1.40178795140195	0.625	0.306	8.22408550335637e-05
Calu	4.16071935195134e-09	0.684390730339595	0.85	0.501	8.84735362998934e-05
Map4	4.16099473456775e-09	0.905466997831362	0.75	0.451	8.84793920358486e-05
Snx18	4.24210904962491e-09	0.900781250419586	0.825	0.534	9.02042068312241e-05
Ecscr	4.46195714008039e-09	0.700135083979189	0.375	0.103	9.48790566266694e-05
Nostrin	4.66402733846408e-09	0.577442535558484	0.4	0.12	9.91758773251002e-05
Gadd45b	4.78799345927011e-09	1.38595450281513	0.875	0.535	0.00010181189291792
Ptgir	5.05532863224359e-09	0.430048601187521	0.325	0.08	0.000107496508036028
Plekhh3	5.18234708434996e-09	0.694382388830764	0.3	0.073	0.000110197428401618
Fhl2	5.40627780635111e-09	0.565913861417005	0.325	0.081	0.00011495909127425
Catip	5.47649028355807e-09	0.276972558687986	0.225	0.041	0.000116452089389579
Lamb2	5.6119288387355e-09	0.652130393227037	0.5	0.169	0.000119332054826872
Pls3	5.6448451343502e-09	0.693032540085633	0.55	0.219	0.000120031986936823
Cxcl12	5.85439373616092e-09	0.532067374848436	0.475	0.148	0.000124487828405726
Raph1	5.86880816018015e-09	1.03108010768221	0.725	0.394	0.000124794336718071
Zfhx3	6.09078433371623e-09	0.863032156638401	0.875	0.511	0.000129514438072142
Tspan3	6.59142755563413e-09	0.797469937138927	0.775	0.427	0.000140160115543004
Zfp580	6.81352820115848e-09	0.483009702846396	0.35	0.095	0.000144882863669434
Nr1d1	6.88401835893998e-09	0.8464496246219	0.575	0.228	0.0001463817663845
Mmp14	7.28621100394962e-09	1.12386964351335	0.65	0.318	0.000154933990787985
Arap2	7.43399727476998e-09	0.769353371927964	0.7	0.343	0.000158076518050709
Sash1	7.45289145319748e-09	0.856215689329017	0.825	0.435	0.000158478283860791
Tcim	8.13425435930809e-09	0.89701922214101	0.4	0.123	0.000172966784696327
Ppp2r3a	8.17911314809642e-09	0.650745463066311	0.525	0.201	0.000173920661981122
Pkd2	8.19562825516974e-09	0.630949240906553	0.625	0.272	0.000174271839217929
Prkar1a	8.26344965484632e-09	0.835060042002927	0.925	0.79	0.000175713993460652
Adgrf5	8.80608102042582e-09	0.416916135233657	0.375	0.104	0.000187252506818335
Rtn4rl1	8.85833904670005e-09	0.330486855790698	0.225	0.043	0.00018836372148903
Abi2	1.07644381796027e-08	0.651270727075896	0.55	0.227	0.000228895013451072
Cdc42ep1	1.11288097447277e-08	0.518412016626196	0.4	0.122	0.00023664301041189
Adgra2	1.1148689697143e-08	0.433204696550693	0.4	0.112	0.000237065737720049
Hoxb4	1.24699699184164e-08	0.612142828768325	0.475	0.171	0.000265161440345206
Flywch2	1.36972802404865e-08	0.412416190646397	0.3	0.073	0.000291258967033705
Epha2	1.45463972757226e-08	0.341280579991262	0.225	0.045	0.000309314591670966
Prkacb	1.61200608429663e-08	0.765301124840664	0.75	0.436	0.000342776973764836
Gcnt2	1.78645185565061e-08	0.976194764144813	0.65	0.326	0.000379871122585545
Sptbn1	1.94192060617475e-08	0.929119154636989	0.9	0.679	0.000412929997696998
Rnf144a	2.46557626828883e-08	0.441109970090715	0.3	0.075	0.000524280137688936
St5	2.65257532616477e-08	0.437602262960105	0.375	0.113	0.000564043617355677
Pakap.1	2.75742907271116e-08	0.355117934530991	0.125	0.016	0.0005863397180213
G0s2	2.89826329836039e-08	0.450440674000816	0.575	0.217	0.000616286707763352
Stard13	2.95140137396332e-08	0.548315692882874	0.375	0.113	0.00062758598815956
Ddit4l	2.9931220594468e-08	0.531704234967339	0.2	0.038	0.000636457474720768
Btbd7	3.11394954608286e-08	0.68045797070904	0.8	0.469	0.00066215023147906
Armcx1	3.1150978480563e-08	0.436871098147778	0.35	0.099	0.000662394406410691
Luzp2	3.59573023750089e-08	0.288699187495528	0.15	0.022	0.000764596077702189
Fhl1	3.59603451447668e-08	0.972761427655691	0.425	0.142	0.000764660779158322
Pmp22	3.89825062354365e-08	0.781729999033548	0.775	0.382	0.000828924012590322
Ccn1	3.99662895017125e-08	1.42676967160665	0.4	0.123	0.000849843179964414
Pard3	4.01104952933653e-08	0.538492155726515	0.35	0.101	0.00085290957191812
Tnks1bp1	4.30610410563682e-08	0.653541847589676	0.5	0.189	0.000915649977022613
Cpe	4.58392502961168e-08	0.819555881984576	0.525	0.207	0.000974725818296628
Mbnl2	4.62942501072738e-08	0.704568062929741	0.925	0.68	0.000984400934281071
Ubb	4.97942131018484e-08	0.622090469003802	0.975	0.979	0.0010588241473977
Nrn1	5.22131935414593e-08	0.44386268920951	0.225	0.044	0.00111026134746559
Cd302	5.47096901289692e-08	0.770436961727194	0.825	0.507	0.0011633468509024
Hgf	6.85906878160426e-08	0.469178984303133	0.275	0.066	0.00145851238572033
Cavin3	7.55535188088809e-08	0.42897932947574	0.725	0.268	0.00160657002395204
Gprc5c	8.18745126373113e-08	0.477746249022236	0.275	0.07	0.00174097963671979
Nudt4	8.42361623054835e-08	0.806603731538482	0.725	0.418	0.0017911977552638
Epb41l2	8.49310922126204e-08	0.954184416326251	0.775	0.518	0.00180597474480916
Mxd4	8.68834335930958e-08	0.754475194597974	0.825	0.548	0.00184748933192359
Dag1	9.11277264778023e-08	0.790935971595363	0.7	0.379	0.00193773997582399
Dennd2a	9.15775231434448e-08	0.370869209921662	0.275	0.067	0.00194730445212221
Zfp503	9.5284843927413e-08	0.673960037325337	0.475	0.181	0.00202613692127251
Cpeb1	1.01677428482203e-07	0.357569536970302	0.225	0.049	0.00216206883924556
Nrp2	1.03847292442052e-07	0.400816275191062	0.75	0.406	0.0022082088264878
Endod1	1.08084366291475e-07	0.626653647081288	0.55	0.233	0.00229830596482193
Cryab	1.08409780717059e-07	0.811617439428552	0.625	0.258	0.00230522557716755
Gna11	1.20428408694016e-07	0.521592037635434	0.675	0.304	0.00256078968246956
Lims1	1.22862941111015e-07	0.646268351514171	0.85	0.595	0.00261255757978463
Dbn1	1.27634606103433e-07	0.610463777477192	0.4	0.133	0.0027140222641834
Kctd17	1.28183621429853e-07	0.564721589305005	0.45	0.169	0.00272569652608439
Slc16a9	1.53966940245352e-07	0.567650760213863	0.25	0.061	0.00327395301737716
Camk2n1	1.55938132869825e-07	0.659141271446601	0.475	0.179	0.00331586845734395
Nfix	1.56059609599044e-07	0.550832371580456	0.825	0.442	0.00331845153851406
C1qtnf12	1.5996070234573e-07	0.563143276589835	0.425	0.151	0.0034014043746796
Cnrip1	1.61194628796981e-07	0.433046428096829	0.375	0.117	0.003427642586739
Ttc28	1.68613403580973e-07	0.609198047234316	0.575	0.247	0.00358539541374581
Fzd4	1.74432846009309e-07	0.467134158863634	0.4	0.134	0.00370914003754195
Eng	1.80555084736575e-07	0.641551138686288	0.575	0.247	0.00383932332183854
Ikbip	1.86485989687815e-07	0.747292736089624	0.55	0.245	0.00396543808472171
Ppp1r12b	1.94112386002349e-07	0.498837727970978	0.45	0.165	0.00412760577595395
Mef2c	2.03204927569078e-07	0.576672180332678	0.9	0.548	0.00432094957982887
Ank2	2.07260474977409e-07	0.630603581611019	0.45	0.17	0.00440718673991962
Oaz2	2.23769361847612e-07	0.738765671142773	0.575	0.278	0.00475823171032763
Adora2b	2.24737584613138e-07	0.588818444470151	0.375	0.122	0.00477881999921376
Kif3a	2.27616069457227e-07	0.541015122692783	0.45	0.173	0.00484002810093847
Rab3a	2.52036003909595e-07	0.440500180057757	0.35	0.107	0.00535929358713363
Msrb3	2.56248327232364e-07	0.49023570756235	0.4	0.135	0.00544886443026899
Pla1a	2.62982487212631e-07	0.359418427000978	0.3	0.078	0.00559205960808939
Arhgap24	2.69322947340418e-07	0.4367360325791	0.325	0.094	0.00572688315224665
Klhl13	2.94126134584535e-07	0.334084337675985	0.25	0.059	0.00625429812580556
Smtn	2.96807578539908e-07	0.713558489325233	0.4	0.145	0.00631131635007261
Kdm5b	2.9681964786377e-07	0.638681344170851	0.575	0.279	0.00631157299217521
Serpinb6a	3.04413761050711e-07	0.684993847952629	0.775	0.44	0.00647305421498233
Dkk3	3.05788499064823e-07	0.393966206682567	0.4	0.13	0.0065022866441144
Fstl3	3.4623339562777e-07	0.481883526672584	0.25	0.063	0.00736230692462889
Dstn	3.7035651712256e-07	0.781116459819046	0.95	0.79	0.00787526098009412
Fam189a2	3.95376796670646e-07	0.254617722522463	0.175	0.033	0.00840729220440462
Prkar2b	3.95681331782612e-07	0.320546344767654	0.4	0.13	0.00841376783902546
Cyp39a1	4.238988731573e-07	0.334726152423968	0.225	0.052	0.00901378563881683
Wtip	4.25988064453869e-07	0.701714802483535	0.5	0.216	0.00905821020254706
Tspan15	4.2607924522292e-07	0.552632272931295	0.325	0.097	0.00906014907042018
Nr1d2	4.62794055916851e-07	0.607643405945558	0.55	0.236	0.00984085280501591
Gm44270	4.69755891450334e-07	0.269590637936166	0.125	0.018	0.00998888927579989
Macf1	4.698314860516e-07	0.712173146205668	0.925	0.708	0.00999049671940122
Rnf122	4.72076776580033e-07	0.435921545422949	0.25	0.063	0.0100382405771978
Atp8b1	5.17239676945782e-07	0.39619381709713	0.275	0.07	0.0109985844905751
Sgcb	5.27978303311136e-07	0.561472400079096	0.45	0.18	0.011226930641608
Kirrel	5.30196823630927e-07	0.540120322981524	0.3	0.088	0.011274105257688
Axl	5.51261991573246e-07	0.779515319867252	0.7	0.373	0.0117220349888135
Pcp4l1	5.77955895449169e-07	0.519700843018817	0.375	0.12	0.0122896541608311
Cpt1c	5.90205255115454e-07	0.36741539991889	0.275	0.076	0.012550124544775
Coq10b	6.1822010718777e-07	0.957983979952527	0.725	0.457	0.0131458323592407
Sned1	6.18641784700455e-07	0.331474644824369	0.175	0.033	0.0131547989098705
Pdlim7	6.32681521973912e-07	0.545412511648402	0.525	0.235	0.0134533398832533
Ache	6.89013001588254e-07	0.269087798321166	0.1	0.013	0.0146511724657726
Kcna5	7.04193161265498e-07	0.258506841194636	0.1	0.013	0.0149739633811496
Cav2	7.23769520509111e-07	0.495460229549181	0.425	0.152	0.0153902350841057
Hotairm1	7.62459099722608e-07	0.53820332602776	0.475	0.191	0.0162129302965015
Plekhg2	8.03085894770259e-07	0.454551841299793	0.35	0.117	0.0170768184663948
Gnai1	8.26181607921339e-07	0.402515445200659	0.3	0.088	0.0175679257108393
Pawr	8.58815085346109e-07	0.456025877054235	0.325	0.1	0.0182618439747997
Nlgn2	9.11793475172766e-07	0.288104471132164	0.275	0.075	0.0193883764560737
Ldb2	9.38737874543916e-07	0.355155206306141	0.225	0.053	0.0199613221643018
Ptpn13	9.40907813038641e-07	0.496865434729819	0.425	0.156	0.0200074637364537
Sort1	9.54220337571832e-07	0.476237096463101	0.3	0.088	0.0202905412581274
Dst	9.87160765693264e-07	0.717638275636098	0.7	0.376	0.0209909865217016
Fam110b	9.95224824436032e-07	0.40503900392578	0.325	0.101	0.0211624606668078
Rnf14	1.01395525450014e-06	0.546221382615285	0.55	0.269	0.0215607445316909
Irf2bpl	1.06699150980484e-06	0.587100096056888	0.7	0.378	0.0226885074644901
Sirt4	1.14804374195971e-06	0.285360654208928	0.175	0.035	0.0244120021290313
Armcx3	1.20394899167696e-06	0.617743677326047	0.6	0.317	0.0256007713590188
Synpo2	1.22502386645577e-06	0.542221225002296	0.325	0.105	0.0260489074963154
4930523C07Rik	1.36901150960344e-06	0.626194821246462	0.5	0.225	0.0291106607402075
Desi2	1.37704292721408e-06	0.551314563200458	0.675	0.385	0.0292814408042802
Lrrc58	1.38360913172898e-06	0.666607546884269	0.75	0.532	0.029421064577085
Yes1	1.42907937690894e-06	0.486320484349746	0.325	0.105	0.0303879438705917
Sgce	1.45178847338781e-06	0.608555323418385	0.475	0.197	0.0308708300981184
Slc7a2	1.56225035458421e-06	0.347595945450315	0.425	0.155	0.0332196915398787
Rap2a	1.58185939773884e-06	0.817370861682679	0.7	0.46	0.0336366582335186
Selenow	1.59606879093491e-06	0.701814782071844	0.95	0.892	0.0339388067704398
Sphk1	1.63648711826599e-06	0.288925483121284	0.225	0.054	0.034798262082808
Gm15261	1.6393769236138e-06	0.30069374154904	0.15	0.027	0.0348597109037239
Adamts2	1.64330490968451e-06	0.444559654437987	0.425	0.155	0.0349432355995315
Hoxb5	1.65620810179284e-06	0.373584268019429	0.25	0.064	0.0352176090765229
Oaf	1.909577917172e-06	0.588097459301392	0.375	0.132	0.0406052648307454
Rcn1	1.92320776326246e-06	0.45135900550132	0.55	0.249	0.0408950898780129
Cnnm2	1.9638026801949e-06	0.305506254277802	0.225	0.056	0.0417583001916644
Chpf	1.96864608069994e-06	0.376342487924634	0.45	0.175	0.0418612902600035
Fbxo32	2.02790438643235e-06	0.389769921056862	0.3	0.092	0.0431213588730975
Zdhhc17	2.05100039841765e-06	0.612805618005749	0.425	0.172	0.043612472471953
Gpr153	2.06367379646583e-06	0.326636064323805	0.25	0.066	0.0438819596080495
Rab12	2.13678969654012e-06	0.75141521548257	0.65	0.377	0.0454366961072291
Zfyve1	2.16572254837285e-06	0.43757589465859	0.35	0.12	0.0460519242686002
Fktn	2.23459069903854e-06	0.359112661515021	0.35	0.119	0.0475163366243556
Kank2	2.26491026513468e-06	0.445313167637351	0.4	0.153	0.0481610518778239
Sik1	2.33929724262462e-06	1.09794459869371	0.55	0.298	0.0497428165671699
