id	p_val	avg_log2FC	pct.1	pct.2	p_val_adj
Plac8	0	2.34196869394229	0.953	0.573	0
Ifitm6	0	1.71734889728534	0.658	0.157	0
Slfn1	0	1.70651641429632	0.799	0.245	0
Ly6c2	0	2.03315933421707	0.723	0.163	0
Ms4a4c	0	2.00465181688985	0.858	0.242	0
Samhd1	3.84208554318094e-301	1.95203102260414	0.987	0.704	8.16981069901995e-297
Ms4a6c	4.99279228645169e-299	1.65938485044395	0.986	0.555	1.06166735179109e-294
Ifi209	6.46480152481919e-264	1.45900003175429	0.682	0.209	1.37467539623755e-259
S100a4	1.23663567467106e-262	1.93093495573949	0.924	0.49	2.62958209862055e-258
Napsa	1.1171709816643e-259	1.25402677203643	0.736	0.224	2.37555237541098e-255
Slfn2	4.61527085210311e-255	1.44123979118831	0.973	0.61	9.81391193991204e-251
Lgals3	3.40709210963789e-244	1.57622117386859	0.967	0.693	7.24484066193402e-240
Sell	4.33137589751818e-236	1.36423215423365	0.645	0.182	9.21023770848265e-232
Ifi204	3.85340680522579e-230	1.69586103995159	0.883	0.532	8.19388423063212e-226
Msrb1	1.25122206703704e-218	1.50631818579546	0.888	0.546	2.66059860334756e-214
Lst1	1.38096271775864e-216	1.26720660475909	0.97	0.539	2.93647912304198e-212
Ltb4r1	8.94485153642072e-210	1.21702842322137	0.729	0.263	1.9020332307045e-205
Slfn5	1.33887622351918e-203	1.83194977497743	0.84	0.474	2.84698640169118e-199
Lyz2	4.01858813612748e-197	1.93755182122909	0.982	0.667	8.54512581266146e-193
Tyrobp	2.72615383419319e-196	1.20674727108194	0.996	0.672	5.79689351302841e-192
Gm9733	3.62643142364558e-196	0.694001949894045	0.329	0.052	7.71124377923996e-192
I830127L07Rik	4.114870524712e-194	0.633753855449639	0.195	0.015	8.74986068374759e-190
Emilin2	8.20967220780301e-194	1.12844810026539	0.879	0.462	1.74570469826723e-189
Trim30a	1.50937106745199e-193	1.26087531245347	0.855	0.49	3.20952663782991e-189
Ifitm3	4.10694734105936e-189	1.14710439813023	0.997	0.92	8.73301282602862e-185
Lyn	2.58427965615705e-188	1.10621128852488	0.966	0.624	5.49521226085236e-184
Fcer1g	1.89680281173452e-186	1.05381194401287	0.996	0.679	4.03336149887229e-182
Hp	5.62365756582931e-186	1.37789152921751	0.645	0.222	1.19581454479795e-181
Ifi211	9.41870924117336e-186	1.43220723979089	0.783	0.421	2.0027943330431e-181
Ptpn1	8.96141777259793e-185	1.22213798598935	0.948	0.721	1.90555587516522e-180
Mpeg1	1.18500035845444e-183	1.12882508259899	0.941	0.523	2.51978476221753e-179
Ccr2	8.33788268923221e-183	1.21760940960345	0.915	0.43	1.77296737503834e-178
Ms4a6d	1.97269010129479e-181	1.384046679806	0.896	0.486	4.19472823139324e-177
Zbp1	5.49079563507625e-180	1.24227575541363	0.793	0.427	1.16756278384261e-175
Gpr141	1.19835787329697e-179	0.774319009334528	0.365	0.071	2.54818818177868e-175
Tarm1	8.14314486600789e-177	1.07949683795454	0.658	0.233	1.73155832430792e-172
Srgn	7.46765975791954e-176	1.17181528699428	0.992	0.72	1.58792317092401e-171
Isg15	1.2693962706936e-173	2.17626565246724	0.777	0.431	2.69924423000287e-169
Chil3	6.29291215283516e-172	1.26777655036902	0.615	0.2	1.33812484017887e-167
Calhm6	1.0312479449845e-171	1.13082023873379	0.466	0.126	2.19284563021505e-167
Sem1	1.11551499104354e-170	0.776495614611143	0.999	0.962	2.37203107695499e-166
Mndal	2.18767581529348e-169	1.49423360311007	0.895	0.667	4.65187385364005e-165
Serpinb10	2.33954046920293e-169	0.432400963591426	0.137	0.007	4.97479885371311e-165
Prdx5	1.04137639224732e-167	1.08381180330774	0.974	0.867	2.2143827604747e-163
Capza2	2.07683202719348e-166	0.884230348485063	0.988	0.921	4.41617562262421e-162
Arpc2	7.32416674493115e-166	0.703832110036745	0.999	0.971	1.55741081664216e-161
Wfdc17	2.08658607562685e-163	1.41134257981903	0.891	0.468	4.43691663121293e-159
Emb	4.12893350889742e-162	0.977622024994652	0.874	0.452	8.77976421331947e-158
Cd52	4.83192852810266e-162	0.961312432567093	0.996	0.68	1.02746128221575e-157
Trim30c	5.30430557533203e-162	0.737095943713893	0.341	0.069	1.1279075375386e-157
Cytip	8.38305674092152e-162	1.20009568834315	0.771	0.36	1.78257318538955e-157
Cd44	6.3516888376249e-160	1.21123825934389	0.887	0.542	1.35062311443256e-155
Osm	7.11668805744897e-160	1.40730646736283	0.76	0.35	1.51329254853595e-155
Ifi207	1.4157499423655e-157	1.09786974494035	0.855	0.468	3.01045067744599e-153
Mefv	3.86429857205923e-157	0.887268776330999	0.509	0.16	8.21704448362675e-153
Sirpb1c	2.24362453809207e-155	0.927174556393031	0.52	0.168	4.77084321779897e-151
Npc2	2.12865431981961e-153	0.868422812530339	0.993	0.926	4.52637054566441e-149
Irf7	2.30539712291221e-152	1.32371867120999	0.676	0.326	4.90219644216053e-148
Tspo	3.50018253598652e-151	0.902557942300224	0.984	0.922	7.44278814452173e-147
Taldo1	6.21506148615843e-150	1.00488580573162	0.948	0.81	1.32157067441673e-145
Tpd52	1.1342226746902e-149	1.03728346022235	0.902	0.637	2.41181109546125e-145
Mafb	2.89952409336572e-149	1.25001610538524	0.932	0.554	6.16554803213286e-145
Oas3	2.11946941722173e-148	0.701867183241812	0.368	0.086	4.50683976878029e-144
Clec4a3	5.71095905055327e-148	0.988921589659135	0.854	0.461	1.21437833250965e-143
Cyba	6.29114468943516e-147	0.808019390797709	0.997	0.957	1.33774900676149e-142
Ctss	5.50870861327995e-146	0.956222589830546	0.996	0.651	1.17137179952785e-141
Ifi47	1.01343170972005e-144	1.4127825376027	0.757	0.465	2.15496118754872e-140
Vcan	1.1685393970628e-144	1.14987042262628	0.526	0.18	2.48478217391433e-140
Capg	6.73284237520071e-143	0.986574957397071	0.842	0.477	1.43167160266268e-138
Spi1	3.8358984459094e-142	0.885939309057995	0.957	0.576	8.15665445538175e-138
Ccr1	6.842859064864e-142	1.19167605623854	0.845	0.477	1.45506555155268e-137
Fxyd5	1.02322781051407e-141	0.964810855283911	0.986	0.727	2.17579161627711e-137
Irf2	1.81616015524526e-141	0.995386294257872	0.928	0.765	3.86188295411352e-137
Chmp4b	7.5657567436132e-141	0.965026895813056	0.948	0.838	1.60878251396191e-136
Alox5ap	4.19036609234128e-140	1.14802614815589	0.902	0.554	8.91039445875449e-136
Cybb	2.29864311586948e-138	1.0440392688252	0.923	0.517	4.88783472158487e-134
Cebpb	9.3905578736386e-138	0.994699468474874	0.982	0.818	1.99680822625051e-133
F10	2.58507992241677e-137	0.954844947646689	0.665	0.265	5.49691394702701e-133
Arpc1b	8.5454499708768e-137	0.687027248040828	0.999	0.962	1.81710448180724e-132
Gda	2.19896511219152e-136	0.984395448736137	0.892	0.542	4.67587941456405e-132
Fam49b	7.24400742589773e-136	0.833846163136652	0.943	0.674	1.54036573904289e-131
Rpl36al	1.39322497564832e-135	0.738068899360485	0.999	0.924	2.96255358821859e-131
Ndufb1-ps	1.83516726942141e-135	0.777357010345393	0.986	0.913	3.90229968169769e-131
Ncf2	3.89562412311036e-133	0.877940956738619	0.844	0.482	8.28365513538188e-129
Arpc5	9.60282804294824e-133	0.750557061629096	0.983	0.876	2.04194535505251e-128
Fgr	9.60822935801065e-133	0.852460092077111	0.655	0.284	2.04309389068738e-128
Ifi202b	2.29810239224258e-130	1.32496909155646	0.788	0.498	4.88668492686463e-126
Bach1	3.6947518005779e-129	1.06040161285722	0.837	0.575	7.85652022874886e-125
Ccl9	8.21413288450158e-128	0.990311046247196	0.854	0.433	1.74665321656042e-123
Cdkn1a	6.20851592573584e-127	0.974818335518377	0.939	0.591	1.32017882644847e-122
AB124611	7.97394052822803e-127	0.832572702743656	0.681	0.329	1.69557871392241e-122
Pirb	1.27647126412621e-125	0.919894925606124	0.84	0.471	2.71428849603798e-121
Atp6v0c	1.21972424429134e-124	0.799238632540812	0.992	0.939	2.59362163306111e-120
Arhgdib	1.61446895493976e-124	0.868121177382243	0.971	0.803	3.43300678578392e-120
Cd53	5.42367053395206e-123	0.908783605964908	0.962	0.638	1.15328930233957e-118
Csf2rb	6.55744349920871e-123	0.94107661070259	0.794	0.424	1.39437478567174e-118
Lilr4b	1.34462234827802e-122	0.895208534353592	0.911	0.537	2.85920496137839e-118
Nfil3	5.36242156604996e-122	0.855199614772397	0.724	0.377	1.14026532180486e-117
Pim1	8.00042864482732e-122	0.878296175357543	0.983	0.78	1.70121114703608e-117
Mmp8	8.4044574315602e-122	0.639185620281083	0.223	0.037	1.78712382824696e-117
Fcgr3	1.67998126561154e-120	0.882763846956943	0.964	0.602	3.57231216319638e-116
Fam241a	2.32372740750609e-120	0.803197060393457	0.542	0.23	4.94117395932095e-116
Lsp1	1.44174834250529e-119	1.05220381656387	0.842	0.533	3.06573367550326e-115
Pitpna	1.80608770949067e-119	0.76362356240173	0.948	0.795	3.84046490546096e-115
Tmsb10	1.55072292322191e-118	0.956427807585402	0.996	0.92	3.29745722393908e-114
Socs1	2.57029389490519e-118	1.58681877413455	0.637	0.329	5.4654729381264e-114
H3f3a	1.44882236080295e-117	0.700782850187764	0.992	0.988	3.0807758680114e-113
Mcemp1	6.4111962053214e-117	0.775851519577983	0.363	0.101	1.36327676109954e-112
Fau	1.20851748474281e-116	0.568335469805515	1	0.997	2.56979157955711e-112
Tfec	1.57978922178834e-116	0.873688755564598	0.574	0.236	3.35926380121073e-112
Ncf4	7.07250950670787e-116	0.929033169828108	0.77	0.431	1.50389842150636e-111
Gm6545	7.86513327477079e-116	0.425910060111314	0.159	0.019	1.67244193954726e-111
Casp1	1.86717634025674e-115	0.805735889864782	0.608	0.293	3.97036376992194e-111
Gpr35	2.06669941156536e-115	0.762030774734715	0.585	0.249	4.39462962875258e-111
Fcgr2b	4.44532948479979e-115	0.905972945166891	0.932	0.594	9.45254861647827e-111
Mx1	9.08572656028522e-114	0.56579313909276	0.234	0.044	1.93198889577905e-109
Irf5	1.10028551923599e-113	0.774985412435082	0.767	0.458	2.33964712810342e-109
Cycs	3.56565687291921e-113	0.805337835953801	0.935	0.75	7.58201277457541e-109
Cd300lf	8.15298584507232e-112	0.786776747378606	0.674	0.315	1.73365091009618e-107
Pnp	1.58913653273865e-111	0.921817323938629	0.88	0.709	3.37913992321547e-107
Plbd1	3.7855910470633e-111	0.711354548454207	0.885	0.49	8.04968080247539e-107
Ifi203	1.08491127483063e-110	1.20655044323135	0.826	0.621	2.30695533479985e-106
Hck	1.13450570038109e-110	0.787524258556288	0.682	0.347	2.41241292129034e-106
Ccl6	7.83383630689709e-110	0.711548172419323	0.957	0.552	1.6657869522986e-105
Fn1	8.08165779811246e-110	0.538583331373273	0.809	0.436	1.71848371419063e-105
Psma7	2.45402858660641e-109	0.678030337973931	0.97	0.883	5.21824638655987e-105
Tnfaip2	4.42929740457253e-109	1.09007329607847	0.729	0.396	9.41845800108302e-105
Psap	7.37385070209089e-109	0.609671125966809	1	0.956	1.56797561329261e-104
Rara	2.09973875196349e-108	0.834028865041104	0.682	0.382	4.46488448217517e-104
Ifi30	5.2230063133193e-106	0.727948581356105	0.97	0.743	1.11062006246422e-101
Ms4a6b	3.92304400536347e-105	0.819902649277281	0.814	0.461	8.34196077300489e-101
Gpx1	4.12948934589169e-105	0.778124849986145	0.986	0.907	8.78094614510408e-101
Rps27a	4.1596225585e-105	0.542776742746877	1	0.994	8.8450214083944e-101
Ifi44	4.64928440770962e-105	1.23896521172468	0.527	0.245	9.88623836455374e-101
Gsr	7.52172747874195e-105	1.02734099875861	0.654	0.382	1.59942013107969e-100
Gm5150	4.47372381026063e-104	0.664352615081919	0.445	0.16	9.5129263101382e-100
Ptprc	1.34770026881262e-103	0.807889356788744	0.962	0.648	2.86574985160315e-99
Bin2	1.36342730399535e-103	0.850022407053429	0.702	0.387	2.89919181921571e-99
Slc15a3	2.19085574871889e-103	0.756380877882681	0.882	0.535	4.65863566407584e-99
Cdc42	3.85508152312782e-103	0.519946936233012	0.993	0.98	8.197445350779e-99
Coro1a	2.94108519615183e-102	0.999517271801728	0.918	0.642	6.25392356109726e-98
Rtp4	2.95436715991945e-102	0.963713476798119	0.616	0.332	6.28216632885272e-98
Cd68	3.784637167325e-102	0.728413388783104	0.913	0.57	8.04765247259987e-98
Csf2ra	5.79561683551966e-102	0.691681407192911	0.807	0.489	1.2323799639049e-97
Msn	2.24848657512748e-101	0.726554117800418	0.952	0.856	4.78118185335107e-97
Plaur	5.5554441644443e-100	0.919570892038666	0.544	0.255	1.18130964712744e-95
Actr3	3.7999648957697e-99	0.645997630172109	0.978	0.862	8.08024535436468e-95
Ifi205	5.94713610872306e-99	1.07762653057468	0.551	0.26	1.26459902215887e-94
Snx20	7.71374297951885e-99	0.704572167228293	0.749	0.418	1.64025030716489e-94
Nampt	4.85100792537656e-98	0.897966180819495	0.716	0.456	1.03151832525207e-93
Atox1	2.63426389050427e-97	0.573152431759745	0.983	0.908	5.60149873676829e-93
Rps9	2.76652754997979e-96	0.499605799684995	1	0.996	5.88274418227703e-92
Ccl24	3.22948001709651e-96	1.362912592399	0.757	0.428	6.86716630835403e-92
Xbp1	7.3876948479179e-95	0.782281199354733	0.906	0.775	1.57091943246126e-90
Sp100	2.71245889218664e-94	0.877197360251643	0.771	0.555	5.76777258834568e-90
Il1b	4.14943019489694e-94	0.920543914866764	0.862	0.507	8.82334836642885e-90
Fcgr1	8.56706814157553e-94	0.953216113845644	0.721	0.431	1.82170136962462e-89
Psmb8	1.15460949082612e-93	0.730896091449531	0.969	0.852	2.45516162129266e-89
H2afj	2.57960188164359e-92	0.730357827977788	0.931	0.802	5.48526544112692e-88
Lcp2	3.90772971210331e-92	0.754659435735284	0.727	0.423	8.30939645981648e-88
Il1rn	4.41663170640876e-92	0.911115787183962	0.6	0.275	9.39152566050759e-88
Anxa2	7.43136061197597e-92	0.852562702992381	0.927	0.709	1.58020452053057e-87
Nrg1	1.28146122956995e-91	0.747540560980552	0.449	0.17	2.72489915855754e-87
Pomp	7.37644652789616e-91	0.593958468187286	0.967	0.887	1.56852758969184e-86
Scimp	1.11967251675272e-90	0.80782545732212	0.583	0.291	2.38087163962299e-86
Myd88	1.74068555207646e-89	0.758011733943493	0.716	0.464	3.70139375793538e-85
Actg1	9.18991012957079e-89	0.669676898868413	1	0.992	1.95414248995193e-84
Rnf213	2.58999438312694e-88	0.925239278555834	0.686	0.454	5.50736405628112e-84
Itga4	5.14713000016435e-88	0.776094143258713	0.688	0.395	1.09448572323495e-83
Actb	5.84256430992856e-88	0.519652726118523	1	0.998	1.24236287486321e-83
Gm21188	1.03132895482591e-87	0.612505546227861	0.466	0.195	2.19301788954181e-83
H3f3b	1.29949969616685e-87	0.605014494195167	1	0.995	2.76325615392919e-83
Ahr	1.86527302137272e-87	0.913193569953756	0.702	0.432	3.96631655264695e-83
Ctsz	5.66540096984378e-87	0.605638253782133	0.983	0.899	1.20469086222758e-82
Clec4a1	2.3877456888931e-86	0.673947487492205	0.743	0.417	5.07730243286228e-82
Prkcd	6.80621081967985e-86	0.771787373976878	0.811	0.549	1.44727266869672e-81
Plek	7.53608833620677e-86	0.750603833618551	0.882	0.582	1.60247382381101e-81
Ifi44l	1.02278071302381e-85	0.608977682498624	0.322	0.103	2.17484090817384e-81
Jarid2	2.77446886086163e-85	0.789200849744704	0.686	0.429	5.89963058573617e-81
Gch1	4.04592531262752e-85	0.669105641984433	0.484	0.228	8.60325558477117e-81
Itgb2	5.21574037104936e-85	0.670885891977969	0.826	0.511	1.10907503249994e-80
H2afy	6.40505882260338e-85	0.643287934361966	0.943	0.821	1.36197170803838e-80
Usp18	9.69875206577898e-85	0.697537427917889	0.348	0.12	2.06234263926724e-80
Diaph1	9.77222230650322e-85	0.761602849313825	0.835	0.659	2.07796535125484e-80
Tgfbi	1.67487516326996e-84	0.765167857714715	0.892	0.626	3.56145454717725e-80
Pkm	3.68913638899369e-84	0.677096806432845	0.958	0.851	7.84457961755617e-80
Zyx	4.5651096009411e-84	0.797132588275564	0.828	0.647	9.70724905544115e-80
Fcgr4	7.88756948948049e-84	0.939053767063863	0.658	0.371	1.67721277624313e-79
S100a6	2.51163091009956e-83	0.711276331358448	0.965	0.782	5.34073196723571e-79
Gm12250	5.60532492347805e-83	0.941798808777665	0.439	0.195	1.19191629172837e-78
Clec7a	4.76576068026384e-82	1.24939290637563	0.612	0.32	1.0133913510513e-77
Sub1	5.31171538016464e-82	0.540083033505782	0.974	0.903	1.12948315843821e-77
Rap2c	9.53949012915571e-82	0.718294732632071	0.634	0.384	2.02847718106367e-77
Rsad2	1.03271770388729e-81	1.65903464284559	0.314	0.1	2.19597092554593e-77
Atp6v1e1	3.83239135426803e-81	0.670137622289802	0.882	0.756	8.14919697571554e-77
Rap1b	4.81923501491518e-81	0.587812794341362	0.973	0.896	1.02476213357156e-76
Cd274	5.08061521803035e-81	0.990604575630639	0.56	0.294	1.08034201996197e-76
Nrros	1.3786223595209e-80	0.642388213483768	0.766	0.473	2.93150258528524e-76
Ube2d3	1.68076462802894e-80	0.567893270233328	0.974	0.921	3.57397790504075e-76
Gbp5	6.25788509274906e-80	0.975612164947084	0.57	0.322	1.33067668612216e-75
Sirpb1b	1.10377947204179e-79	0.452304005000093	0.322	0.106	2.34707666934966e-75
S100a10	2.45139259086616e-79	0.789461034242686	0.948	0.784	5.21264120521781e-75
Ldlr	5.41771280225415e-79	0.703754525335944	0.503	0.241	1.15202245027132e-74
Kdm7a	9.1058260120567e-79	0.748536723529908	0.74	0.497	1.93626284320374e-74
Lilrb4a	9.37456558828099e-79	1.03490536955995	0.768	0.469	1.99340762669207e-74
Ms4a4a	1.46794416506011e-78	0.539743354087917	0.385	0.148	3.12143647258382e-74
Psmb9	2.07567200038614e-78	0.681903209233238	0.852	0.675	4.41370894162109e-74
Irgm1	2.16759027733238e-78	0.85237369041465	0.565	0.326	4.60916396571957e-74
Cd177	3.51371922056178e-78	0.409656583392434	0.217	0.052	7.47157255060256e-74
Gmfg	6.3723961022287e-78	0.665253125520388	0.859	0.58	1.35502630717791e-73
Ifit2	1.32899848449687e-77	1.23979157281633	0.324	0.114	2.82598237743414e-73
Ccr5	2.17635467742481e-77	0.741539044586081	0.826	0.537	4.62780058607612e-73
Hif1a	3.39244463888433e-77	0.817065182325374	0.893	0.734	7.21369428012364e-73
Timm10b	4.77319426629361e-77	0.620003043519323	0.9	0.777	1.01497202878467e-72
Mcub	1.23384751363575e-76	0.635008520099923	0.659	0.418	2.62365335299505e-72
Klra2	6.09355575651054e-76	0.570043753698867	0.366	0.137	1.2957336960644e-71
Prkx	7.67958863237977e-76	0.725891635793493	0.562	0.311	1.63298772678923e-71
Tnip3	3.10167941893157e-75	0.866580578926366	0.522	0.244	6.5954111164161e-71
Ostf1	9.27436525549287e-75	0.537548492838918	0.931	0.799	1.972101027928e-70
I830077J02Rik	1.99240288282182e-74	0.557415848278778	0.363	0.139	4.23664549003232e-70
Fabp5	3.61816250530697e-74	0.995039264407526	0.811	0.55	7.69366075128475e-70
Cmpk1	3.99360005555863e-74	0.676010461307801	0.802	0.652	8.49199115813987e-70
Ifi214	1.24331357720928e-73	0.459117392089341	0.242	0.067	2.64378199057782e-69
Cers6	4.32067039149318e-73	0.713517534489954	0.546	0.305	9.1874735204711e-69
Parp14	1.5190462661526e-72	0.861226634638183	0.723	0.532	3.23009998034689e-68
Sys1	2.00184085018331e-72	0.763553854963531	0.815	0.686	4.25671438382979e-68
Casp4	2.25579436245273e-72	0.725965414533999	0.665	0.44	4.79672113231948e-68
AI839979	5.52295066744673e-72	0.53593947227494	0.288	0.095	1.17440022992587e-67
F5	6.2529230142969e-72	0.329272259780757	0.189	0.043	1.32962154976009e-67
Dok2	1.50575825506392e-71	0.755010996058292	0.665	0.391	3.20184435356792e-67
Slfn8	4.9918196148232e-71	0.694857837981586	0.503	0.262	1.06146052289601e-66
Dhx58	1.0559752599074e-70	0.501844011143247	0.366	0.147	2.24542579266709e-66
Msr1	1.27027281527296e-70	0.706406004956302	0.682	0.393	2.70110811439643e-66
Cd40	2.59929076006606e-70	0.509116344441832	0.367	0.144	5.52713187220446e-66
Stat1	4.45168988623534e-70	0.7763075289694	0.732	0.522	9.46607337409083e-66
Clec4e	7.6462364970278e-70	0.593216788244802	0.404	0.161	1.62589572872799e-65
Zeb2	1.05425360809075e-69	0.611428602634049	0.96	0.687	2.24176487224416e-65
Rnh1	1.22554777902032e-68	0.765179114926551	0.829	0.703	2.60600479730881e-64
Mcl1	1.30337391989123e-68	0.490472875040715	0.987	0.907	2.77149430325672e-64
Actr2	1.61899963091465e-68	0.54094756433838	0.94	0.859	3.44264081517692e-64
Ptpre	3.14444535052236e-68	0.691722397907891	0.788	0.527	6.68634859335075e-64
Naaa	1.26870506954372e-67	0.562461826327173	0.717	0.455	2.69777445987777e-63
Sp110	2.48254744889873e-66	0.655628274259638	0.635	0.419	5.27888889533827e-62
Gk	2.65198347468403e-66	0.528051442547209	0.353	0.141	5.63917766056812e-62
Il4ra	3.15706241648703e-66	0.760297641733988	0.78	0.555	6.71317752241802e-62
Batf3	4.39053915543322e-66	0.824098468897027	0.56	0.313	9.33604246011321e-62
Slc25a5	4.96310370739879e-66	0.491738047520148	0.952	0.853	1.05535437234128e-61
Psme2	4.96656100098736e-66	0.674415845883419	0.919	0.817	1.05608953124995e-61
Tiam1	7.95079619624351e-66	0.646222710544932	0.456	0.234	1.69065730316922e-61
Psmb10	9.45032825894721e-66	0.602615017605951	0.889	0.753	2.00951780098253e-61
Rnasel	1.13957815390725e-65	0.789182790837249	0.668	0.434	2.42319898646839e-61
Ifi35	1.86141476329859e-65	0.653185197018368	0.637	0.442	3.95811235267812e-61
Tet2	3.85608443871793e-65	0.698700566627578	0.633	0.405	8.1995779504898e-61
Themis2	9.05166437781475e-65	0.592244205453606	0.525	0.277	1.92474591329853e-60
Gm8995	1.33738274273232e-64	0.926755628160131	0.608	0.363	2.843810664146e-60
Tgm2	2.15271943099447e-64	1.09889165293533	0.762	0.558	4.57754259806664e-60
Phf11b	3.09990391554041e-64	0.86923464168292	0.544	0.32	6.59163568600513e-60
Gm2a	1.26552915434776e-63	0.52990470301936	0.896	0.744	2.69102119380508e-59
F13a1	1.29842989836889e-63	0.467621787861032	0.59	0.292	2.76098133589161e-59
Rrbp1	1.93432058801643e-63	0.560087207574356	0.979	0.944	4.11313929835814e-59
Itgb7	2.04019156178132e-63	0.491962794914335	0.452	0.207	4.3382633369718e-59
Sp140	2.65968191471546e-63	0.660500087691405	0.596	0.394	5.65554762345095e-59
Glrx	6.01311526858251e-62	0.736863535298911	0.634	0.412	1.27862883071138e-57
Tifab	1.14336537479527e-61	0.539435943457697	0.504	0.265	2.43125213296467e-57
Rpl18	1.31791247580129e-61	0.386568822586698	1	0.991	2.80240908854385e-57
Arpc3	1.41369162327792e-61	0.423474314520871	0.979	0.948	3.00607386773817e-57
Ahnak	2.88921650587836e-61	0.729414577894242	0.951	0.853	6.14362997809973e-57
Ly86	4.3530327998168e-61	0.541693641117467	0.905	0.569	9.25628894553044e-57
Sec61b	6.67076379116689e-61	0.471437393598683	0.977	0.919	1.41847121255373e-56
Epsti1	1.10501315478108e-60	0.665145634173522	0.69	0.454	2.34969997232649e-56
AI662270	1.4678088797832e-60	0.554033592544317	0.723	0.451	3.121148801971e-56
Tap1	2.50802047014086e-60	0.655075762704188	0.667	0.461	5.33305472770752e-56
Rpl29	3.36174346664095e-60	0.563066631748608	0.948	0.782	7.14841130746532e-56
Tor1aip1	3.64322554198782e-60	0.61554633236082	0.815	0.692	7.74695479248289e-56
Daxx	5.8512279018034e-60	0.643688675094835	0.439	0.23	1.24420510103948e-55
Rnf19b	7.18819233225721e-60	0.708538506385878	0.671	0.446	1.52849721753117e-55
Milr1	1.93329124177792e-59	0.521163479093479	0.509	0.273	4.11095049651657e-55
Picalm	2.21840830967086e-59	0.509921607858405	0.949	0.827	4.71722342968412e-55
Btg1	2.87823206782517e-59	0.562972925739504	0.974	0.87	6.12027266902344e-55
Scand1	7.85028788394897e-59	0.509122798910407	0.947	0.87	1.66928521564291e-54
Igtp	1.69550104326205e-58	0.696419238468515	0.542	0.333	3.60531341839243e-54
Batf2	2.20735759059521e-58	0.539550661107131	0.281	0.104	4.69372518064165e-54
Gbp2	3.36907589153127e-58	1.25503835440385	0.695	0.508	7.16400297575208e-54
Ifitm2	4.920100134379e-58	0.546339421411672	0.99	0.906	1.04621009257435e-53
Hcls1	7.61884728827156e-58	0.518669952659306	0.818	0.562	1.62007168737806e-53
Xaf1	8.90481153571736e-58	0.633672611409146	0.572	0.368	1.89351912495494e-53
Fosl2	1.78197173317323e-57	0.627389753708079	0.786	0.617	3.78918469341956e-53
Lrrc25	2.62820405296965e-57	0.533469589943488	0.69	0.432	5.58861309823466e-53
Skap2	7.02649632971767e-57	0.519163486371167	0.836	0.693	1.49411417955117e-52
Tln1	1.28341364092075e-56	0.512705920608464	0.951	0.906	2.72905076605388e-52
Rplp0	2.21787421823716e-56	0.441776271523523	0.997	0.987	4.71608773765949e-52
S100a11	2.48211698529709e-56	0.612509119616626	0.944	0.807	5.27797355753573e-52
Serf2	3.50832518422529e-56	0.406532770970106	0.997	0.977	7.46010267173666e-52
Rpl34	3.88362393816937e-56	0.330665434639354	0.999	0.992	8.25813794212336e-52
H2-T23	1.36236072200415e-55	0.67192774148581	0.854	0.764	2.89692383926963e-51
Plcb1	4.8783188345457e-55	0.420540064210075	0.385	0.174	1.0373257169778e-50
Adora2b	3.19872975961395e-54	0.487010461863931	0.285	0.111	6.80177896084311e-50
Rbms1	8.2897218853161e-54	0.645830538379977	0.888	0.798	1.76272646169361e-49
Rps25	1.89451048680582e-53	0.377917454529249	1	0.981	4.02848709914389e-49
Rab20	2.55770060337927e-53	0.590573070587879	0.54	0.327	5.43869456302568e-49
Rpl35a	4.17862642245845e-53	0.308396689596306	1	0.995	8.88543122471565e-49
Itgam	9.58304913070425e-53	0.505898760380555	0.695	0.432	2.03773956715295e-48
Rhog	9.68051025395177e-53	0.507181847583589	0.781	0.616	2.0584637004003e-48
Ms4a8a	1.18734861591084e-52	0.490524443617098	0.327	0.139	2.52477809687282e-48
Ptpn6	1.56044044579927e-52	0.539349741171095	0.733	0.514	3.31812056394757e-48
Atp6v1a	2.44770838875494e-52	0.649705926277956	0.751	0.614	5.2048071178485e-48
Smpdl3a	3.54937469279554e-52	0.866954147866665	0.628	0.471	7.54739034676043e-48
Pycard	3.80359374822617e-52	0.606013465274978	0.792	0.63	8.08796174622813e-48
Il10ra	6.31003805586813e-52	0.583704887647366	0.598	0.37	1.3417664921998e-47
Mrpl33	6.99233263619783e-52	0.6273579200088	0.897	0.809	1.48684961176111e-47
Gbp7	7.44517124671316e-52	0.829980933419134	0.724	0.612	1.58314121390109e-47
Orai1	9.21965738264746e-52	0.659164865927687	0.727	0.581	1.96046794584616e-47
Glipr2	1.14925479168284e-51	0.536137126911135	0.544	0.314	2.44377538903438e-47
Cfl1	1.21557747887903e-51	0.349383593254528	0.999	0.985	2.58480395108837e-47
Mxd1	2.12457680748552e-51	0.745021419023013	0.595	0.375	4.51770012343722e-47
Cisd2	3.66446263971316e-51	0.518974489274018	0.719	0.579	7.79211335708607e-47
Capzb	7.73796778587746e-51	0.397951023234555	0.958	0.904	1.64540146998898e-46
Eno1	1.0515661660902e-50	0.626232779008101	0.826	0.723	2.23605029557421e-46
Plin2	1.08129888059144e-50	0.662724065330615	0.794	0.659	2.29927393968965e-46
Rps27	1.15071796655354e-50	0.271456100544369	0.999	0.994	2.44688668407944e-46
Ly6e	4.73354877305671e-50	0.418066336443851	0.992	0.896	1.00654181110278e-45
Eif5a	5.17786086656552e-50	0.436607746784488	0.974	0.91	1.10102033466649e-45
Mrpl52	6.22028983358795e-50	0.450208467803606	0.953	0.868	1.32268243021414e-45
Smox	8.85630977701318e-50	0.539786617382866	0.376	0.187	1.88320571098408e-45
Ifi27l2a	9.4966695994832e-50	0.747107934619353	0.879	0.815	2.01937182363411e-45
Cxcl10	1.77920405307207e-49	2.24201627615779	0.328	0.149	3.78329949845244e-45
H2afz	1.9097810911904e-49	0.491820687245774	0.952	0.899	4.06095851230726e-45
Casp6	3.341866973345e-49	0.609970076889295	0.517	0.33	7.1061459321208e-45
Tpm3	3.51693432707683e-49	0.463333794030521	0.978	0.938	7.47840915309617e-45
Litaf	3.75877987550718e-49	0.519122733113619	0.831	0.729	7.99266952727847e-45
Crip1	4.3464035393118e-49	0.274241699333595	0.987	0.902	9.24219248599262e-45
Hk3	4.68888787037804e-49	0.574629651379125	0.415	0.217	9.97045116757186e-45
Arpc4	4.88767793612676e-49	0.446639964982937	0.914	0.825	1.039315836338e-44
Trafd1	9.77959129778115e-49	0.610391642183936	0.621	0.46	2.07953229356018e-44
Abracl	1.42573936507799e-48	0.472742666910637	0.88	0.77	3.03169218590183e-44
Atp6v1b2	3.82109082273563e-48	0.566211748585391	0.646	0.476	8.12516752546504e-44
Tkt	3.20416894677967e-47	0.533310266781203	0.805	0.696	6.81334484843228e-43
Cdkn2d	3.46320058920947e-47	0.628272244378617	0.492	0.309	7.36414973289501e-43
Rac1	3.82756053542714e-47	0.432640306679873	0.936	0.893	8.13892472253226e-43
Cd244a	4.52167004047052e-47	0.391218620249216	0.298	0.125	9.61487917405651e-43
Trps1	8.62725887670044e-47	0.583831084059117	0.673	0.484	1.83450032754158e-42
Lamp2	1.31939893862548e-46	0.451098736697128	0.958	0.858	2.80556990309322e-42
B2m	1.79815043474211e-46	0.407981116494002	1	0.982	3.82358708443563e-42
Trim30d	1.94349593109784e-46	0.580068136925467	0.349	0.17	4.13264974788644e-42
Nmi	2.14162259230452e-46	0.652786453558753	0.592	0.443	4.55394628027632e-42
Chmp2a	2.44795828966394e-46	0.448829954795786	0.891	0.836	5.2053385071414e-42
Cox17	9.79070817771833e-46	0.519122400363988	0.858	0.762	2.08189618691003e-41
Aif1	1.25486104491493e-45	0.599102024443654	0.841	0.574	2.66833652590711e-41
Fyb	1.50551609567377e-45	0.438905979244355	0.841	0.583	3.2013294258407e-41
Oasl2	1.60482413141399e-45	0.747391643575584	0.582	0.402	3.41249803303871e-41
Cndp2	1.80608109857257e-45	0.581791226362796	0.702	0.525	3.84045084800471e-41
Kdm6b	3.26969613015499e-45	0.530920104942909	0.755	0.574	6.95268185116158e-41
St3gal4	3.57115855873772e-45	0.476838082651889	0.469	0.277	7.59371155929988e-41
Gbp3	4.16995225912919e-45	0.689686591849337	0.598	0.425	8.86698648381231e-41
Rap1a	4.2293756053978e-45	0.47215056289064	0.859	0.799	8.99334428731788e-41
Gbp4	5.64242924677781e-45	0.985517604393185	0.509	0.338	1.19980615503483e-40
Arhgap26.1	3.3051418772681e-44	0.420534106428075	0.227	0.084	7.02805368782289e-40
Gm36161	3.4463744714746e-44	0.305546722383368	0.211	0.075	7.32837067614359e-40
Rab5if	3.77684667087558e-44	0.470916674215288	0.788	0.672	8.03108676094984e-40
Rps10	3.86030214735301e-44	0.314543047737284	1	0.99	8.20854648613145e-40
Xdh	4.05861875952548e-44	0.564252767538612	0.652	0.483	8.63024693025499e-40
Clta	7.33450671646945e-44	0.383416345342023	0.971	0.936	1.55960950819006e-39
Tmem173	8.89396131111692e-44	0.552175033154365	0.66	0.502	1.8912119331959e-39
Socs3	9.50016073121906e-44	0.545846851734541	0.839	0.71	2.02011417788642e-39
Sh3bgrl3	1.0136892599224e-43	0.383542905400715	0.98	0.905	2.15550884229898e-39
Psme1	1.19180144845294e-43	0.464147366868283	0.961	0.902	2.53424659999034e-39
Stx7	1.24221972307634e-43	0.482931134852752	0.805	0.697	2.64145601914954e-39
Rnpep	1.32787617831028e-43	0.498702994510007	0.625	0.447	2.82359590555899e-39
Stat2	2.08925555991055e-43	0.551078919155473	0.509	0.334	4.44259302259379e-39
Oas1a	3.42494071044053e-43	0.393172497542556	0.302	0.14	7.28279392668074e-39
Rpl19	5.47143021316905e-43	0.284397271873931	1	0.995	1.16344492052827e-38
Serp1	6.55517322537185e-43	0.445974110264849	0.855	0.752	1.39389203464307e-38
Trim30b	1.44914358972428e-42	0.286241811865628	0.173	0.054	3.08145892918971e-38
Calm1	2.26976391953966e-42	0.352173367799515	1	0.988	4.82642599850913e-38
Psma3	3.57306908823898e-42	0.462761730228622	0.885	0.825	7.59777410923137e-38
Rpl24	4.48851871463962e-42	0.358150772062936	0.992	0.974	9.54438619480969e-38
Metrnl	6.01189742637203e-42	0.528646583817881	0.694	0.541	1.27836986874375e-37
Irf1	2.07082407419206e-41	0.650781134459727	0.751	0.63	4.403400311362e-37
H2-DMa	2.16885389115774e-41	0.497321485868141	0.839	0.586	4.61185091415782e-37
Adssl1	3.08269576867895e-41	0.415419379870412	0.332	0.162	6.55504428251891e-37
Tes	5.95957273689082e-41	0.673367379896578	0.57	0.39	1.26724354677246e-36
Neat1	6.16059500275484e-41	0.433868953744246	0.887	0.705	1.30998892138579e-36
Hk2	7.03940630630272e-41	0.561798174188073	0.73	0.519	1.49685935697221e-36
Rps28	8.81537370151395e-41	0.295143606548653	1	0.991	1.87450106388993e-36
Sbno2	1.33742161872925e-40	0.357858903278713	0.728	0.541	2.84389333006588e-36
Malt1	1.74915103954562e-40	0.705376183867978	0.59	0.395	3.7193947704898e-36
Rpl27	2.64638448970558e-40	0.28732116929705	0.997	0.97	5.62727197890995e-36
B430306N03Rik	4.38830047577589e-40	0.369392131357414	0.326	0.157	9.33128213168986e-36
Dtx3l	4.72717107213893e-40	0.621688931525663	0.589	0.447	1.00518565677962e-35
Txn1	5.37142477617793e-40	0.455558994524034	0.94	0.864	1.14217976440648e-35
Rab8b	5.44100208569069e-40	0.56772238624953	0.82	0.691	1.15697468350127e-35
Grb2	5.79042487291749e-40	0.410386812310463	0.844	0.737	1.23127594497718e-35
Eif3k	6.54933701506205e-40	0.412729143373401	0.906	0.861	1.39265102288279e-35
Hopx	8.64180538175043e-40	0.52082031146315	0.396	0.214	1.83759349637541e-35
March5	1.09912796324365e-39	0.607967471315395	0.56	0.431	2.33718570104129e-35
Rps16	1.19336365429902e-39	0.258179300307725	1	0.995	2.53756847450144e-35
Trib1	1.24316846380698e-39	0.478986144710043	0.626	0.438	2.64347342143916e-35
Rbm3	1.5084912678974e-39	0.376818612516673	0.975	0.93	3.20765583205704e-35
Rhoa	1.71314387165248e-39	0.321200803192444	0.99	0.972	3.64282912868184e-35
Igsf6	1.91725950363373e-39	0.533223291432877	0.492	0.299	4.07686060852677e-35
Gm4070	1.98335604639477e-39	0.355674541705226	0.301	0.138	4.21740829705384e-35
N4bp1	2.34730946338421e-39	0.563446004401709	0.643	0.507	4.99131884294019e-35
Dck	3.60007251825997e-39	0.487389486435677	0.402	0.225	7.65519420282799e-35
Pgs1	4.63270921209474e-39	0.48321696171437	0.49	0.328	9.85099286859826e-35
Gm5431	4.93881930864795e-39	0.278759891030073	0.185	0.064	1.0501905377909e-34
Adam8	8.5825645353329e-39	0.516490618392863	0.418	0.228	1.82499652279319e-34
Etv6	1.62290695352414e-38	0.470247278851246	0.527	0.365	3.45094934597374e-34
Gnb2	2.32694604408381e-38	0.369925466265748	0.947	0.916	4.94801806813981e-34
Ist1	4.23309713424112e-38	0.546523893750767	0.634	0.51	9.00125774625033e-34
Btf3	4.45948985274778e-38	0.33600366103243	0.979	0.96	9.48265922288288e-34
Shisa5	5.73470352219723e-38	0.391989238316418	0.85	0.753	1.21942735696002e-33
Ciao2a	6.97214692978828e-38	0.464824789875132	0.698	0.568	1.48255732315018e-33
Pld4	1.22710302670583e-37	0.359745328216931	0.757	0.497	2.60931187598727e-33
Cdk2ap2	1.24845500339028e-37	0.527472964733733	0.777	0.69	2.65471471920908e-33
Jpt1	1.38376816766161e-37	0.421946625901552	0.883	0.799	2.94244463171566e-33
Cfp	2.14303199699105e-37	0.438284002769259	0.753	0.501	4.55694323840176e-33
Rps14	2.26801877494225e-37	0.277686043548563	1	0.994	4.8227151230372e-33
Vrk1	3.32570837660395e-37	0.388989694874	0.581	0.381	7.07178629201065e-33
Clint1	3.46781244882831e-37	0.496104902855218	0.75	0.647	7.37395639118852e-33
Pgk1	4.46370881232612e-37	0.463768949974618	0.829	0.702	9.49163041853027e-33
Tgfb1	4.81984555535391e-37	0.458689154385394	0.796	0.642	1.02489195889046e-32
Cxcl9	5.93283823281735e-37	1.78606623746826	0.232	0.096	1.26155872182628e-32
Laptm5	6.68016390823823e-37	0.376167095117353	0.988	0.684	1.42047005344778e-32
Plekho2	6.73599337227702e-37	0.434404005593816	0.693	0.535	1.43234163068099e-32
Sdcbp	1.22669063533996e-36	0.393466380883158	0.928	0.866	2.60843496698689e-32
Eif4a1	1.38150481833827e-36	0.365689321362921	0.964	0.914	2.9376318457145e-32
Tax1bp1	1.41104332176378e-36	0.592159023665775	0.885	0.829	3.00044251939851e-32
Vim	1.698681218306e-36	0.614383617333367	0.957	0.886	3.61207574260589e-32
Stx11	1.75243424329804e-36	0.350433538919726	0.275	0.128	3.72637617494894e-32
Flna	1.98645773627487e-36	0.491014424105236	0.82	0.738	4.22400373041489e-32
Ifit1	2.34742014400857e-36	0.965158774716007	0.305	0.155	4.99155419421982e-32
Gbp9	3.57717593625774e-36	0.538869135615108	0.443	0.283	7.60650691085847e-32
Tmem14c	6.04136515264807e-36	0.414454519532568	0.841	0.75	1.28463588605909e-31
Prtn3	7.42229693478822e-36	0.326722770840884	0.232	0.095	1.57827722021337e-31
Il2rg	1.38343417785053e-35	0.428112409219883	0.585	0.383	2.94173443578137e-31
1600014C10Rik	2.11104093186201e-35	0.387309490903131	0.379	0.216	4.48891743751137e-31
Ly6i	2.28228173217216e-35	0.274309326147411	0.151	0.048	4.85304387529088e-31
March1	2.6690217967882e-35	0.421239543329324	0.535	0.349	5.67540794869043e-31
Arf1	3.49627202782599e-35	0.353135321280954	0.93	0.892	7.43447283996919e-31
Evi2a	4.25276298420847e-35	0.370745407279924	0.615	0.415	9.0430752096209e-31
Adgre5	5.19107954784109e-35	0.546861576551473	0.583	0.424	1.10383115505293e-30
Snx2	5.26524299120504e-35	0.511296105264593	0.751	0.657	1.11960126964984e-30
Arf5	6.6038035142034e-35	0.357127736927552	0.944	0.881	1.40423277926021e-30
Lilra6	1.25747661630917e-34	0.285902308126423	0.174	0.062	2.67389827691983e-30
Fes	1.26859028476083e-34	0.410196471498062	0.51	0.338	2.69753038151542e-30
Samd9l	1.30196440358747e-34	0.623811030152468	0.551	0.412	2.7684971077884e-30
Cap1	1.49012354007702e-34	0.410186676750532	0.742	0.639	3.16859869561977e-30
Ube2l3	1.55344484898232e-34	0.39245318264688	0.827	0.768	3.303245126876e-30
Tmem106a	1.69532885145301e-34	0.396111305142018	0.595	0.421	3.60494726972968e-30
Atp5f1	1.8310781930449e-34	0.331310709020248	0.927	0.889	3.89360466969067e-30
Nfam1	3.5604232306021e-34	0.430192058932072	0.505	0.326	7.57088395755231e-30
Casp8	4.73793728840393e-34	0.470953847321546	0.63	0.488	1.00747498500621e-29
Cstb	5.83436127549753e-34	0.505886176728363	0.859	0.765	1.24061858162179e-29
Rassf4	6.06461480330582e-34	0.450690684789564	0.621	0.444	1.28957969177495e-29
Phf11a	6.80793902511625e-34	0.300154104526002	0.207	0.083	1.44764015430072e-29
Nlrc5	9.26643469049081e-34	0.329129237674014	0.284	0.139	1.97041467258597e-29
Fam111a	1.05676184340714e-33	0.529646000395519	0.6	0.442	2.24709838382093e-29
Smap2	1.22373119872674e-33	0.512532000474179	0.674	0.566	2.60214202097255e-29
Pstpip2	1.7692267056145e-33	0.297611237988786	0.24	0.106	3.76208366681866e-29
Hbegf	1.88073606030594e-33	0.946858877409728	0.411	0.246	3.99919715863456e-29
Fem1c	1.95280773925952e-33	0.445459472463336	0.543	0.388	4.15245037676144e-29
Nipa2	1.99592858179667e-33	0.473392775300606	0.694	0.589	4.24414253633243e-29
Syk	2.06452634616496e-33	0.380146055540692	0.628	0.438	4.39000882248518e-29
Rab5c	2.68148466912136e-33	0.431830490173889	0.827	0.762	5.70190900041965e-29
Plekho1	3.75865090231513e-33	0.450349749362506	0.729	0.573	7.9923952786829e-29
Flot1	3.89470407506553e-33	0.462545046125567	0.625	0.507	8.28169874521934e-29
Gm19951	8.97822225060112e-33	0.383261540140913	0.195	0.076	1.90912917936782e-28
Cd47	1.33622827641556e-32	0.362910214461452	0.948	0.91	2.84135580697004e-28
Psma2	1.57301566616159e-32	0.364899703447027	0.868	0.811	3.34486051252601e-28
Hspa8	2.42911299754425e-32	0.547959155609708	0.977	0.977	5.16526587797809e-28
Sppl2a	3.26685502667767e-32	0.439477580706037	0.79	0.718	6.9466405287274e-28
Pira2	1.04251263983202e-31	0.411776113654606	0.22	0.095	2.2167988773388e-27
Arid5a	1.05600596810492e-31	0.465340791006013	0.549	0.387	2.24549109057831e-27
Ifih1	1.38488986324979e-31	0.544697792547953	0.426	0.286	2.94482980521435e-27
Srp9	1.43683899708167e-31	0.387775591888148	0.857	0.799	3.05529444339447e-27
Uqcrfs1	1.59661191161772e-31	0.382423886893793	0.743	0.667	3.39503556886392e-27
Atp5l	3.21065853706157e-31	0.42514715007816	0.893	0.832	6.82714431320773e-27
Cox6b1	3.25568759801929e-31	0.279359402856865	0.978	0.954	6.92289410842823e-27
Atp6v1g1	3.32895172232861e-31	0.342741373927163	0.898	0.862	7.07868294235956e-27
Sgk3	4.26101121079439e-31	0.38658357266687	0.51	0.363	9.06061423863319e-27
Mrpl30	4.73386307399064e-31	0.381869627190377	0.76	0.678	1.00660864405337e-26
Snx10	5.24825021566795e-31	0.49579699180706	0.557	0.437	1.11598792585963e-26
Gngt2	7.07518425503234e-31	0.663557716588167	0.526	0.357	1.50446717999008e-26
Cox7b	9.58792485317278e-31	0.319839378652007	0.945	0.875	2.03877634077866e-26
Riok3	1.10138532214001e-30	0.474505205722823	0.704	0.621	2.34198574899852e-26
Ak2	1.22667873578134e-30	0.451681222784813	0.701	0.582	2.60840966376545e-26
Irf8	2.12829266861237e-30	0.354911908961763	0.747	0.561	4.52560153053733e-26
Hpse	2.71757558445802e-30	0.305148036566699	0.262	0.129	5.77865272279153e-26
Jak2	2.94957387867603e-30	0.504147886800112	0.576	0.444	6.2719738956167e-26
Ripk2	3.17912732254588e-30	0.413907309404622	0.298	0.164	6.76009633866157e-26
Tnfrsf1a	3.23116880261548e-30	0.41638291828771	0.764	0.661	6.87075734188156e-26
Txnrd1	4.57149494628749e-30	0.58058362156642	0.6	0.484	9.72082685378571e-26
Gapdh	7.43770860409671e-30	0.374776179769579	0.993	0.973	1.58155435757512e-25
Gm14005	9.02556568468346e-30	0.357953581770678	0.211	0.094	1.91919628719109e-25
Gm44292	9.55642792200871e-30	0.468371434338045	0.262	0.128	2.03207883333593e-25
Arl4c	1.33829558838719e-29	0.443076168518634	0.66	0.503	2.84575173914653e-25
Tmed5	1.44342921813892e-29	0.427064088398888	0.757	0.685	3.06930788945061e-25
Gabarap	1.48878929136875e-29	0.26820946180242	0.988	0.966	3.16576154916651e-25
Oas2	1.85107789165055e-29	0.265079808347797	0.233	0.108	3.93613202880573e-25
Psma4	2.34542667287353e-29	0.374581363210682	0.835	0.766	4.98731527719827e-25
Pik3cd	2.57765477911924e-29	0.369483590030786	0.553	0.391	5.48112512231916e-25
Baz1a	3.41965888704787e-29	0.3586261019257	0.632	0.471	7.27156265741858e-25
C130050O18Rik	3.51946898965372e-29	0.294024592968318	0.23	0.108	7.48379885959968e-25
Sf3b6	4.09459558373043e-29	0.36126643868304	0.807	0.751	8.70674804924438e-25
Plcg2	1.06526776438229e-28	0.38569990999278	0.393	0.249	2.2651853741825e-24
Arf6	1.2297670231204e-28	0.423759173425047	0.633	0.526	2.61497659796323e-24
Rpl27a	1.65410702617541e-28	0.284547543981034	0.996	0.978	3.51729318045939e-24
Eif2ak2	1.70946331061476e-28	0.533850340824512	0.49	0.369	3.63500278369122e-24
Mbd2	2.11467308194452e-28	0.464974681118907	0.759	0.701	4.49664084144683e-24
Gm15987	2.50596587456809e-28	0.294358854045206	0.223	0.104	5.32868583568159e-24
Rbx1	2.57316619140336e-28	0.326447139695669	0.911	0.864	5.4715805894001e-24
Efhd2	2.82178200025524e-28	0.385685343432989	0.858	0.737	6.00023724534274e-24
Arhgap30	4.90289815634459e-28	0.360166255001222	0.702	0.524	1.04255226396511e-23
BC028528	4.95830136567414e-28	0.390248493816453	0.408	0.258	1.05433320239695e-23
Cish	5.76503465562671e-28	0.478002636521053	0.454	0.301	1.22587696917246e-23
Vamp8	6.58535265058638e-28	0.33987035236998	0.935	0.834	1.40030938762069e-23
Gyg	6.74680665478924e-28	0.479709937299537	0.439	0.314	1.43464096707438e-23
Itgal	6.88655607473029e-28	0.459435144304788	0.371	0.214	1.46435728373065e-23
Cemip2	7.21372739334853e-28	0.476826115705747	0.482	0.332	1.53392699292163e-23
Manf	8.11298793971334e-28	0.437103188502464	0.814	0.751	1.72514575550064e-23
Cd300a	1.08875072985932e-27	0.44804811877861	0.439	0.282	2.31511955197286e-23
Tmem131	1.20940300093409e-27	0.446073547684821	0.538	0.426	2.57167454118625e-23
Ptpn18	1.44629716727693e-27	0.301573826373906	0.906	0.665	3.07540629649766e-23
Phf11d	1.62582497045099e-27	0.655277238515822	0.37	0.245	3.45715421716698e-23
Esd	1.66432963485974e-27	0.422231659849424	0.78	0.724	3.53903053556576e-23
Tle3	1.80510502343685e-27	0.500798309393858	0.492	0.364	3.83837532183611e-23
Pdcd10	1.83189062823466e-27	0.408946879923996	0.74	0.69	3.89533223187818e-23
Atp8b4	1.84052363713655e-27	0.329173638838104	0.292	0.158	3.91368946200717e-23
Sirpa	2.32608719113596e-27	0.281758775136096	0.766	0.587	4.94619180323151e-23
Pdcd1lg2	2.41897645929166e-27	0.493967409807252	0.387	0.231	5.14371154303779e-23
Zeb2os	2.55109981916718e-27	0.343614703952982	0.432	0.277	5.42465865547708e-23
Prelid1	2.72524498450964e-27	0.352451003964591	0.849	0.779	5.79496093506129e-23
Atf6	3.55876495019584e-27	0.453894840085249	0.51	0.39	7.56735779009643e-23
Cmpk2	3.57034282408443e-27	0.530952994461686	0.18	0.077	7.59197698113313e-23
Cox4i1	3.57456564490615e-27	0.265604411347568	0.997	0.98	7.60095638732844e-23
Lpxn	4.17684416298208e-27	0.382602952527496	0.434	0.289	8.8816414281651e-23
Cd164	4.79454365326279e-27	0.618436380835425	0.729	0.695	1.0195117624298e-22
Tppp3	8.06106204872254e-27	0.323569734576367	0.428	0.272	1.71410423404036e-22
Treml2	8.21509690356601e-27	0.335625569550603	0.331	0.189	1.74685820557428e-22
Adgre4	8.7329715953916e-27	0.3041925789924	0.137	0.049	1.85697908004407e-22
Oasl1	1.03656951034021e-26	0.477172661966482	0.214	0.102	2.20416140678743e-22
H2-D1	1.21843633350115e-26	0.260872026373533	1	0.98	2.59088301955685e-22
AI504432	1.37004920022021e-26	0.47871119418545	0.312	0.178	2.91327261934825e-22
Herc6	1.78623696738062e-26	0.46910375176985	0.353	0.223	3.79825428743816e-22
Eif1a	2.33058372032032e-26	0.397005396827851	0.721	0.646	4.95575322288912e-22
Il6ra	3.19364760558489e-26	0.399061082779582	0.578	0.45	6.79097226851571e-22
Gm46224	3.25811369466179e-26	0.301215654620372	0.241	0.121	6.92805296032884e-22
Cox5a	3.55843427706089e-26	0.305417189809508	0.939	0.876	7.56665464674228e-22
Lgals9	3.59189833717093e-26	0.50700439671187	0.638	0.561	7.63781262416026e-22
Slc2a1	4.2598377129783e-26	0.374912350352172	0.404	0.257	9.05811891287707e-22
Gng5	7.26172645723773e-26	0.263389835518989	0.984	0.965	1.54413351386703e-21
Bcl3	1.04455673297059e-25	0.424872233506892	0.434	0.306	2.22114543698866e-21
Iqgap1	2.02285935728262e-25	0.302155188943519	0.935	0.894	4.30140813732576e-21
Csf3r	2.48466257726616e-25	0.29138494081448	0.376	0.226	5.28338650429876e-21
Rasgrp4	2.61516270807675e-25	0.306266688830875	0.293	0.164	5.56088198245439e-21
Klf13	3.09715433766777e-25	0.493959339140864	0.686	0.638	6.58578898361674e-21
Cbl	3.23757708819035e-25	0.354000516106762	0.743	0.635	6.88438392032797e-21
G6pdx	3.26252184392943e-25	0.38034837061574	0.371	0.244	6.93742644893153e-21
Ogfr	3.40374960575399e-25	0.426743874406044	0.49	0.383	7.23773316167528e-21
Socs6	3.78277202216325e-25	0.495188636310605	0.389	0.266	8.04368642792795e-21
Btk	3.87374555910013e-25	0.354903624257612	0.448	0.302	8.23713255687053e-21
Tmem167	5.12808559023028e-25	0.390926128080604	0.743	0.694	1.09043611990657e-20
Gna13	5.48734109284464e-25	0.415814119543219	0.65	0.569	1.16682820998248e-20
Dock2	6.53081491799078e-25	0.323646482380041	0.612	0.446	1.38871248416156e-20
Acer3	6.93570205610008e-25	0.375572932927952	0.493	0.369	1.47480768520912e-20
Capza1	7.32364563973255e-25	0.395821615277317	0.63	0.531	1.55730000883273e-20
Cmtm7	8.45653589576575e-25	0.346014034666776	0.738	0.644	1.79819779287563e-20
Zfp703	1.36198593910705e-24	0.420473352717637	0.667	0.533	2.89612690091723e-20
Eif2s2	1.4932387999241e-24	0.322458446583722	0.936	0.891	3.17522298415861e-20
Dennd1a	1.94213674493156e-24	0.471813673510424	0.444	0.321	4.12975957442246e-20
Cd84	2.19555891870864e-24	0.363692810644065	0.603	0.426	4.66863648474206e-20
Filip1l	2.60089336256387e-24	0.478705024627917	0.632	0.54	5.53053964615582e-20
Zup1	2.77467915319059e-24	0.438003085085923	0.474	0.355	5.90007775134448e-20
Ccl2	2.83969044519897e-24	0.597397478118346	0.625	0.456	6.03831776267109e-20
Slc16a3	3.41017483016965e-24	0.346184129855592	0.434	0.275	7.25139575887274e-20
Ifit3	3.69312529191536e-24	0.57109610332237	0.227	0.114	7.85306162072881e-20
Csf2rb2	3.95779823627809e-24	0.335730069330797	0.346	0.211	8.41586216962173e-20
Dna2	4.65988286513967e-24	0.272592898567398	0.204	0.098	9.90877492443299e-20
Snx18	5.69810920338234e-24	0.405118403878545	0.632	0.528	1.21164594100722e-19
Was	6.69533450320455e-24	0.318594681755645	0.539	0.389	1.42369592876142e-19
Ptpn2	6.97799432034586e-24	0.387226696473084	0.505	0.385	1.48380071227834e-19
Mkrn1	7.07470073280077e-24	0.358962616902846	0.686	0.599	1.50436436382275e-19
Ap2s1	1.0410643601011e-23	0.349913246127285	0.79	0.734	2.21371925531897e-19
Psmb2	1.20119407782332e-23	0.310515410799404	0.822	0.764	2.5542190870835e-19
Taf10	1.94153703240175e-23	0.310313654629069	0.841	0.765	4.12848434569908e-19
Tnfaip8l2	2.01442634775823e-23	0.289641269010519	0.548	0.387	4.2834761858731e-19
Ccdc86	2.2008544308491e-23	0.407289754591168	0.435	0.319	4.67989686175754e-19
Ier3ip1	2.47992666033257e-23	0.313819054842587	0.806	0.753	5.27331605053119e-19
Necap2	2.68205872508247e-23	0.352450246080296	0.638	0.541	5.70312967301537e-19
Fermt3	2.88109743200135e-23	0.288458597449321	0.712	0.524	6.12636557940767e-19
Hnrnph2	3.07580215728886e-23	0.406563703630027	0.647	0.581	6.54038570725902e-19
Parp12	3.09661900568451e-23	0.430897054488448	0.376	0.26	6.58465065368754e-19
Slamf8	3.28233544810772e-23	0.400296287542351	0.367	0.24	6.97955809685625e-19
Soat1	5.99101057066335e-23	0.377408235300282	0.622	0.52	1.27392848774585e-18
Tgm1	6.0427508679167e-23	0.302472522777719	0.203	0.1	1.28493054455381e-18
Pfkp	6.23661012221514e-23	0.439333094845535	0.582	0.478	1.32615277638783e-18
Sarnp	7.21693696071721e-23	0.364360330737363	0.759	0.711	1.53460947532691e-18
Tnfsf14	8.24831146427623e-23	0.25105107146678	0.18	0.082	1.7539209497637e-18
Vav3	9.56742504461858e-23	0.397610425246659	0.418	0.292	2.0344172614877e-18
Card19	1.01434774249202e-22	0.459708318856321	0.602	0.526	2.15690903963503e-18
Cox5b	1.13416789503389e-22	0.263409633423195	0.958	0.918	2.41169461200006e-18
Rps6	1.197402587519e-22	0.296556915764177	0.961	0.933	2.54615686210041e-18
Helz2	1.285486565875e-22	0.324587679076686	0.246	0.133	2.73345863367661e-18
Cript	1.90614571992405e-22	0.343886570400534	0.698	0.638	4.05322825884651e-18
Eif3f	2.62378877730706e-22	0.372873855509987	0.904	0.876	5.57922445606574e-18
Myo1f	2.73119479899523e-22	0.340021663895936	0.424	0.291	5.80761262058346e-18
Susd6	2.86759817093993e-22	0.417158012528951	0.664	0.587	6.09766075068667e-18
Rps13-ps1	3.36273858166648e-22	0.355057264033468	0.607	0.43	7.15052732005561e-18
Sh2b2	3.50430212480221e-22	0.277889978004963	0.24	0.128	7.45154803817942e-18
Brk1	3.7369408704499e-22	0.296369949229804	0.849	0.801	7.94623106692467e-18
Slc11a1	4.61939888375917e-22	0.309376955139531	0.49	0.335	9.8226897864255e-18
Tlr4	4.89526462143922e-22	0.376565635427751	0.422	0.297	1.04092906910284e-17
Rab1a	6.62918162826666e-22	0.348430670961089	0.783	0.725	1.40962918143462e-17
Pcbp1	6.71811038696572e-22	0.305785647227009	0.892	0.862	1.42853899268439e-17
Arhgap26	7.10834161402315e-22	0.303830379614337	0.145	0.06	1.51151776080588e-17
Sat1	7.36626921172566e-22	0.286078250149489	0.923	0.851	1.56636348518135e-17
Tor3a	7.95037630301884e-22	0.418532331714816	0.361	0.249	1.69056801707393e-17
Srsf3	8.9456866198253e-22	0.304464880467567	0.918	0.9	1.90221080283965e-17
Pde4b	9.0156642957209e-22	0.486850693203084	0.572	0.464	1.91709085584209e-17
Sh3glb1	9.12383545103265e-22	0.250537470665801	0.949	0.915	1.94009237030758e-17
Eps8	9.45588654830859e-22	0.482010173486238	0.646	0.563	2.01069971563234e-17
Vapa	9.70681594308584e-22	0.318844925745335	0.822	0.785	2.06405734213777e-17
Csrnp1	1.40565402452393e-21	0.342954070759611	0.522	0.382	2.98898271774769e-17
Ikbkb	1.43162864833202e-21	0.407594244211639	0.556	0.462	3.04421515781322e-17
Thbs1	1.47673174797235e-21	0.793572037228816	0.513	0.389	3.1401223888884e-17
Ranbp2	1.70235284833211e-21	0.440734786895316	0.682	0.615	3.61988309669339e-17
Larp1	1.85628825466447e-21	0.355408922365142	0.652	0.566	3.94721134471853e-17
Tmem51	1.97559244602329e-21	0.330856213324553	0.34	0.221	4.20089977722391e-17
Ffar2	3.95292415517147e-21	0.502262103798516	0.26	0.143	8.40549792355662e-17
Uqcrh	4.73477385378194e-21	0.258069106768876	0.973	0.947	1.00680231226819e-16
Atp5c1	5.30764627066228e-21	0.266478517635405	0.896	0.871	1.12861790299363e-16
Flvcr1	5.7514454749178e-21	0.317473748332288	0.258	0.148	1.22298736578652e-16
Ube2a	6.6156284425244e-21	0.353952263028288	0.581	0.503	1.40674723201839e-16
Ptafr	7.74791120992134e-21	0.277559127891028	0.543	0.379	1.64751583967767e-16
Tmem258	8.32301403984032e-21	0.301299227939111	0.865	0.806	1.76980570543164e-16
Atp5h	8.59754127713947e-21	0.261395888936121	0.965	0.951	1.82818117717094e-16
Etf1	9.06075459829555e-21	0.352398458505722	0.678	0.608	1.92667885778156e-16
Sh3bgrl	1.05814440506784e-20	0.348068433918316	0.836	0.795	2.25003826293626e-16
Cyth4	1.49168258347841e-20	0.279396729697298	0.785	0.592	3.1719138455085e-16
Nadk	1.94050741169153e-20	0.477731328709923	0.568	0.491	4.12629496022088e-16
Mrps18c	1.97523376292604e-20	0.336806830696688	0.628	0.56	4.20013707348593e-16
Rpl10	2.13361406289195e-20	0.260522793565369	1	0.982	4.53691694333343e-16
Polr2k	2.47659329541048e-20	0.345338360051983	0.664	0.62	5.26622798336084e-16
Nubp1	2.88699836858042e-20	0.339174731532826	0.508	0.405	6.13891333094941e-16
Kpna4	2.96705836535527e-20	0.374004172429826	0.682	0.623	6.30915290809146e-16
Snf8	2.97351129052221e-20	0.323196859041241	0.643	0.592	6.32287440816644e-16
Aprt	3.49258896279709e-20	0.329341076636258	0.833	0.73	7.42664117049173e-16
Slfn4	4.39623181639712e-20	0.288702815232726	0.156	0.069	9.34814733438683e-16
A930007I19Rik	5.10190994268473e-20	0.287681518695862	0.249	0.139	1.08487013021248e-15
Hs3st3b1	5.44615962057962e-20	0.316837179591309	0.24	0.132	1.15807138172005e-15
AA467197	5.50952968929391e-20	0.489531802367334	0.41	0.271	1.17154639313146e-15
Ppp1ca	6.74813749045877e-20	0.261279142815695	0.892	0.866	1.43492395597115e-15
Erp29	7.30360838229306e-20	0.286331340338161	0.863	0.829	1.5530392864108e-15
Rbm8a	7.42884797337464e-20	0.31066733752401	0.728	0.671	1.57967023305838e-15
Mapkapk2	7.48475307244817e-20	0.369389402498108	0.654	0.595	1.59155789332538e-15
Sap30	8.06989823432562e-20	0.356174952844473	0.391	0.284	1.715983160547e-15
Morc3	8.27990637561709e-20	0.367790978874351	0.549	0.465	1.76063929171122e-15
Apobec3	8.32560439634613e-20	0.41384661076866	0.536	0.441	1.77035651883904e-15
Ccdc115	9.0827140672924e-20	0.340466533652413	0.462	0.363	1.93134831926905e-15
Il17ra	1.48711898696215e-19	0.492345119993736	0.319	0.214	3.16220981387632e-15
D8Ertd738e	1.5239717904799e-19	0.27094781628065	0.883	0.852	3.24057361527646e-15
Llph	1.7065996859683e-19	0.299196547165952	0.733	0.67	3.628913572243e-15
Arid4a	1.92692026844527e-19	0.497434676427725	0.598	0.526	4.09740325882201e-15
Rnf115	2.01981178391883e-19	0.328910360380844	0.474	0.376	4.294927777325e-15
Parp9	2.09589273867675e-19	0.340453134393546	0.449	0.349	4.45670631952223e-15
Prdm1	2.89638785391683e-19	0.302015127731583	0.322	0.202	6.15887913256875e-15
Hspa5	2.95836626793369e-19	0.33335736125938	0.949	0.945	6.2906700321342e-15
Sec61g	3.5591731846321e-19	0.598220416029168	0.719	0.66	7.56822585980169e-15
Atp11b	8.43618457036687e-19	0.385388734659205	0.509	0.42	1.79387028704281e-14
Gdap10	8.48530738076155e-19	0.259805138536161	0.219	0.119	1.80431576144514e-14
Nfkb1	1.03751335694372e-18	0.325763483244784	0.668	0.592	2.20616840220512e-14
Tspan13	1.82555918537059e-18	0.304136375148736	0.538	0.421	3.88186905177202e-14
Rgl1	1.85222145082978e-18	0.428483477089447	0.591	0.497	3.93856369304444e-14
Ceacam1	1.85762268177159e-18	0.301232790205577	0.193	0.098	3.95004887051911e-14
Jaml	2.11653821313887e-18	0.280966288829913	0.4	0.264	4.5006068564185e-14
Rhoh	2.43076664547894e-18	0.281250863927887	0.454	0.325	5.16878219494642e-14
Glud1	2.58471268351912e-18	0.298426783711108	0.781	0.748	5.49613305023505e-14
Rbpj	2.82757965684482e-18	0.29726407915704	0.84	0.775	6.01256538231482e-14
Hnrnpd	3.13983685123412e-18	0.292289136156838	0.809	0.777	6.67654908046423e-14
Srsf9	3.38410670598073e-18	0.340208520775794	0.716	0.685	7.19596449959743e-14
Serpina3g	3.39616346637481e-18	0.938207018635712	0.322	0.219	7.22160199489939e-14
Mtpn	3.86786889506829e-18	0.334965549436418	0.719	0.682	8.2246364184732e-14
Isg20	4.02112011532297e-18	0.45727252654557	0.333	0.232	8.55050981322276e-14
Grk2	4.71295667794827e-18	0.279301275401217	0.706	0.59	1.00216310799892e-13
Cnn3	4.84607166614072e-18	0.542028104469012	0.44	0.335	1.03046867908816e-13
Glipr1	4.98507504776611e-18	0.354851600873188	0.324	0.214	1.06002635815699e-13
Pet100	9.61616040377229e-18	0.329242021995509	0.721	0.687	2.04478034825814e-13
Tiparp	9.70312264553031e-18	0.391161999024881	0.592	0.505	2.06327199934556e-13
Gm1966	1.02384651595539e-17	0.322605406681231	0.181	0.091	2.17710723152753e-13
Cib1	1.19191478514309e-17	0.339240298448144	0.509	0.43	2.53448759912826e-13
Ywhab	1.34856009655877e-17	0.257584139115115	0.909	0.878	2.86757818932257e-13
9930111J21Rik2	1.73954397542777e-17	0.370201480304752	0.549	0.456	3.69896630934961e-13
Xrn2	2.41234603613751e-17	0.333028869077788	0.686	0.649	5.1296126112428e-13
Ehd1	3.7771631988033e-17	0.392688977123208	0.699	0.638	8.03175982593534e-13
Mob1a	3.97045126385689e-17	0.275312402999299	0.727	0.683	8.44276756746529e-13
Ssu72	5.58321915893877e-17	0.289387572632851	0.716	0.659	1.18721572195674e-12
Tlr13	6.80728391263493e-17	0.286131987374417	0.316	0.208	1.44750085118269e-12
Zfp800	7.05899780833823e-17	0.353772761402181	0.428	0.341	1.50102529396504e-12
Dbnl	7.27837391574808e-17	0.3191702356155	0.625	0.568	1.54767342944467e-12
Mrpl20	7.32028614232965e-17	0.296739677175667	0.714	0.668	1.55658564530498e-12
Bst1	1.50449691055886e-16	0.337787173942308	0.366	0.259	3.19916223061236e-12
Ddx58	1.60320467319684e-16	0.435865789932718	0.397	0.31	3.40905441708576e-12
Psmd8	1.68264704742866e-16	0.283355596718518	0.76	0.719	3.57798068165231e-12
B4galt5	1.71653966113528e-16	0.383070021857675	0.422	0.331	3.65004993543805e-12
Olfm1	1.73791804630734e-16	0.307441343438515	0.53	0.407	3.69550893366794e-12
Myo1g	1.76854146827948e-16	0.284781786577756	0.357	0.245	3.76062657814949e-12
Vav1	2.02421477176023e-16	0.267745626356945	0.447	0.333	4.30429029067095e-12
Ufm1	2.42770261127542e-16	0.318554576416185	0.616	0.557	5.16226683261605e-12
Mmp19	3.95730798573834e-16	0.363136345293594	0.301	0.201	8.414819700874e-12
Sdad1	4.11088182942524e-16	0.293839761906531	0.395	0.292	8.74137912208982e-12
Camk2d	4.2237388410177e-16	0.345504815631708	0.598	0.538	8.98135827154004e-12
Psma5	8.39825222358523e-16	0.303536344092628	0.695	0.667	1.78580435282316e-11
Pgd	9.07749180199557e-16	0.319209258494751	0.555	0.473	1.93023785677634e-11
Gpr132	1.16118956255957e-15	0.285695563225541	0.315	0.209	2.46915348582667e-11
Slirp	1.45202933680227e-15	0.31412933470536	0.645	0.595	3.08759518177635e-11
Apbb1ip	1.49772111200729e-15	0.32688857306962	0.633	0.558	3.1847541725723e-11
Crybg1	1.49824064206203e-15	0.264497793958085	0.262	0.169	3.1858589012807e-11
Sema4a	1.54323627118894e-15	0.279667815353615	0.453	0.344	3.28153760705615e-11
Rp2	2.0290754475004e-15	0.327401925490863	0.492	0.408	4.31462603156485e-11
Fam174a	2.34943714972644e-15	0.307685258752498	0.592	0.529	4.99584315517831e-11
Fndc3a	2.56747307395102e-15	0.439382931852245	0.579	0.534	5.45947474444945e-11
Bax	2.61621825719099e-15	0.274142956476698	0.746	0.687	5.56312650209091e-11
Nt5c	3.37013038092097e-15	0.278506802002626	0.628	0.578	7.16624524199035e-11
Pygl	3.99866928662103e-15	0.337072572077807	0.353	0.259	8.50277037107095e-11
Nedd8	4.08478851103863e-15	0.251528673393608	0.905	0.88	8.68589428987253e-11
Mrpl54	4.61889824055531e-15	0.283585993623281	0.685	0.644	9.82162521871680e-11
Otulinl	5.14624317255144e-15	0.281382760123573	0.484	0.373	1.09429714821134e-10
Naa25	5.34412141227855e-15	0.295968844167973	0.32	0.232	1.13637397710691e-10
Pfkfb4	5.72644783448703e-15	0.27379965573795	0.293	0.195	1.21767186752532e-10
Vps26a	5.95198268109713e-15	0.314517600665225	0.508	0.441	1.26562959730849e-10
Ap1s2	7.64534207361831e-15	0.309930608878274	0.51	0.413	1.6257055385342e-10
Il13ra1	1.00679979572225e-14	0.338282112380996	0.449	0.372	2.14085908562379e-10
Fam49a	1.11576736325503e-14	0.31700775407112	0.359	0.27	2.37256772122549e-10
Lamtor5	1.13601227207438e-14	0.270895972981824	0.669	0.629	2.41561649533897e-10
Rel	1.14643494732081e-14	0.285703374059119	0.539	0.431	2.43777927198297e-10
Cope	1.38624407477937e-14	0.28903435341628	0.734	0.694	2.94770940061084e-10
Cd48	2.11543406369704e-14	0.268223560598249	0.475	0.367	4.49825899304538e-10
Znhit1	3.25574725953694e-14	0.297060042337536	0.635	0.587	6.92302097267934e-10
Nuak2	3.50225785303038e-14	0.271271229928972	0.28	0.188	7.4472010986838e-10
Slk	3.93083626502766e-14	0.344530302959338	0.613	0.58	8.35853023395482e-10
Apobr	4.15470080457555e-14	0.269758943066013	0.293	0.199	8.83455579084944e-10
Lsm12	4.22577315541088e-14	0.273908037077558	0.651	0.601	8.98568403766569e-10
Zcchc2	4.69399292724386e-14	0.295232662130493	0.31	0.218	9.98130656049134e-10
Ddhd1	4.7288482922618e-14	0.343740743494665	0.332	0.242	1.00554230086655e-09
Prr13	5.11718299211891e-14	0.36896722740845	0.701	0.664	1.08811779144417e-09
Evl	5.11962210277446e-14	0.302581044091039	0.467	0.377	1.08863644393396e-09
D1Ertd622e	6.01892286226191e-14	0.288315131814288	0.293	0.203	1.27986375743137e-09
Havcr2	6.26539576093149e-14	0.278890624234181	0.206	0.122	1.33227375460447e-09
Slc31a1	1.32774406387645e-13	0.299222390418945	0.397	0.32	2.82331497742688e-09
Eif4ebp1	1.48450202574963e-13	0.311423098735962	0.594	0.545	3.15664510755401e-09
Hnrnpm	1.76288177613528e-13	0.277031937565504	0.807	0.778	3.74859180877407e-09
Atg3	1.93745047223299e-13	0.282994649805499	0.625	0.593	4.11979468415624e-09
Ccdc71l	1.98961293568084e-13	0.324455210010548	0.35	0.266	4.23071294643174e-09
Wdr1	1.99992205752179e-13	0.261477024722858	0.737	0.693	4.25263426311433e-09
Apaf1	2.20671312164039e-13	0.277842421960839	0.359	0.272	4.69235478185612e-09
Cggbp1	2.24078247977676e-13	0.266934888267179	0.736	0.708	4.76479986499731e-09
Gpr146	2.52105281032403e-13	0.315910385038199	0.448	0.374	5.36076669587301e-09
Cmip	2.53346875250497e-13	0.306740081491785	0.503	0.433	5.38716795532656e-09
Adap2os	2.55478800100709e-13	0.261748070356286	0.329	0.229	5.43250120534148e-09
Ppp2ca	3.32132162631313e-13	0.281388086196684	0.727	0.722	7.06245830619225e-09
Ubl3	3.39017705037884e-13	0.26639238798847	0.723	0.671	7.20887247992556e-09
Mvp	3.40256815470533e-13	0.295172502618793	0.569	0.52	7.23522092416541e-09
Cdc42se1	3.64670016494744e-13	0.289058535016301	0.604	0.552	7.75434323074423e-09
Irf9	4.72329918144883e-13	0.306452070241783	0.444	0.37	1.00436233794328e-08
Spcs2	4.97204353123197e-13	0.258645131969807	0.841	0.833	1.05725533648117e-08
Ifngr2	6.32010078140771e-13	0.286001329532494	0.591	0.543	1.34390623015854e-08
Cnih4	7.14145833015166e-13	0.2704967484527	0.688	0.661	1.51855969932345e-08
Rtf2	9.86078315401535e-13	0.250221924636476	0.609	0.572	2.09679692986982e-08
Stat3	1.1643510931881e-12	0.281784268006948	0.745	0.708	2.47587616455517e-08
Ciita	1.51753850236456e-12	0.33582138529068	0.427	0.327	3.226893871428e-08
Mycbp2	1.77063748160761e-12	0.306041380776847	0.753	0.727	3.76508354089042e-08
Ppp1r15b	1.84761319457555e-12	0.283093998452873	0.423	0.355	3.92876469694545e-08
Ggct	2.1306418306069e-12	0.353160832211867	0.294	0.217	4.5305967886025e-08
Cysltr1	2.15636175787089e-12	0.281401463419904	0.539	0.438	4.58528764193667e-08
Higd1a	3.98349469027048e-12	0.259937681894084	0.686	0.632	8.47050310939115e-08
Sdc4	5.15788324725794e-12	0.68683655332652	0.734	0.778	1.09677229369693e-07
Mpp1	5.83685146957094e-12	0.270617743669394	0.496	0.432	1.24114809648957e-07
Gng10	6.92510051131159e-12	0.276658926695487	0.307	0.215	1.4725533727253e-07
Tmpo	7.40407240123295e-12	0.322737599787737	0.527	0.471	1.57440195539818e-07
Znrd1	7.92720227443767e-12	0.280425235860852	0.5	0.459	1.68564029163643e-07
Sod2	7.96763650567298e-12	0.352559787011353	0.72	0.672	1.6942382265663e-07
Reep3	8.53126746630209e-12	0.26177232280708	0.721	0.699	1.81408871403448e-07
Tnfrsf1b	8.996780366734e-12	0.370570423655219	0.464	0.405	1.91307537718232e-07
Rbbp6	9.04384178334512e-12	0.302844099657144	0.635	0.613	1.92308251681051e-07
Nme2	1.00982225715367e-11	0.548145236033768	0.504	0.432	2.14728604761156e-07
Lrrfip1	1.13652901645102e-11	0.294841092259658	0.576	0.527	2.41671530058145e-07
Lamtor4	1.45827416929453e-11	0.287611066162234	0.784	0.754	3.10087419358789e-07
Sh3kbp1	1.70760687375809e-11	0.278302488868683	0.46	0.379	3.6310552563592e-07
C1galt1c1	1.85680688469071e-11	0.276931575569666	0.255	0.178	3.94831415960633e-07
Rab3il1	2.07561835701271e-11	0.262519170091159	0.559	0.463	4.41359487435183e-07
Ppa1	2.10272457684364e-11	0.324053491238249	0.447	0.387	4.47123354020032e-07
Polr2l	2.50771731384344e-11	0.305491139784079	0.574	0.536	5.33241009615668e-07
Tle4	3.21854302505e-11	0.264940318180986	0.568	0.502	6.84390988846632e-07
Tmem128	3.91141746549071e-11	0.267689877600395	0.482	0.434	8.31723809861945e-07
Ube2f	4.34324411617404e-11	0.264050143320779	0.474	0.418	9.23547428863247e-07
Bak1	4.5968899424736e-11	0.258227640107134	0.492	0.434	9.77482677367586e-07
Fam129b	4.94463809711484e-11	0.294486455944978	0.289	0.217	1.0514278449705e-06
Eif2b2	5.59595877903022e-11	0.309542219893302	0.389	0.33	1.18992467477299e-06
Usp12	7.32185331221208e-11	0.269765665309723	0.423	0.361	1.55691888830878e-06
C1rl	7.71146526761133e-11	0.297109711346221	0.234	0.164	1.63976597450487e-06
Batf	8.8516980798145e-11	0.261498042307966	0.316	0.237	1.88222507969176e-06
Atp6v0a1	9.30232526836342e-11	0.318068781255924	0.51	0.466	1.9780464450648e-06
Rnf114	9.52855386377018e-11	0.254565965680684	0.402	0.337	2.02615169359209e-06
H13	9.71689884184991e-11	0.266822541337506	0.638	0.613	2.06620136973096e-06
Lrrc59	9.8603289471891e-11	0.265242328263583	0.525	0.482	2.09670034733029e-06
Ahcyl2	1.10072810506053e-10	0.260341766576422	0.401	0.336	2.34058824260071e-06
Csk	1.20126942987645e-10	0.256936701596837	0.592	0.557	2.55437931568929e-06
Dusp22	1.24172995792135e-10	0.28705926884994	0.375	0.309	2.64041458252396e-06
Srgap2	1.2774885717339e-10	0.299095522303416	0.482	0.438	2.71645169893496e-06
Magohb	1.33484745712803e-10	0.293281892546908	0.359	0.292	2.83841963283704e-06
Mitd1	1.46450963890763e-10	0.359258165884637	0.41	0.362	3.11413329617319e-06
Tec	1.72864086922415e-10	0.327427326799868	0.397	0.334	3.67578194431822e-06
Aldh3b1	1.76288076275661e-10	0.257533097623985	0.344	0.277	3.74858965392566e-06
Usp25	1.91777199610763e-10	0.286984602676693	0.589	0.556	4.07795037252325e-06
Clic4	2.18692002509003e-10	0.40158452940786	0.677	0.656	4.65026674135144e-06
Upp1	2.46539070533947e-10	0.297890615527665	0.184	0.113	5.24240679583386e-06
Dnajb11	2.65220963004231e-10	0.26859474347332	0.596	0.563	5.63965855732197e-06
Tcf7l2	2.97565660781737e-10	0.436950777512254	0.477	0.438	6.32743621086285e-06
Camkk2	3.3687796880994e-10	0.285811173656332	0.301	0.233	7.16337312877456e-06
AI413582	3.45484598949915e-10	0.250179784531765	0.414	0.355	7.34638451207099e-06
Hpcal1	4.04092207268453e-10	0.279152418540823	0.474	0.429	8.59261669535639e-06
Fcho2	5.38563924065176e-10	0.307264086036767	0.637	0.609	1.14520232813219e-05
Ttc7	1.10370091574896e-09	0.259211691920621	0.391	0.329	2.34690962724859e-05
Eapp	1.20635681278682e-09	0.257621666335301	0.556	0.546	2.56519712670989e-05
Kras	1.4417019438975e-09	0.273853223133526	0.585	0.567	3.06563501350364e-05
Uvrag	1.74011561624362e-09	0.273845172141391	0.469	0.429	3.70018184638044e-05
AY036118	1.87888956729284e-09	0.424513839677223	0.268	0.191	3.9952707758915e-05
Rasgrp2	1.89578193121919e-09	0.2792370279838	0.253	0.184	4.0311906985445e-05
Snx5	2.34523083966772e-09	0.265784235377572	0.77	0.746	4.98689885746944e-05
Nsd3	2.36598695999807e-09	0.271396267145007	0.632	0.613	5.03103467173989e-05
Lmo4	2.44181746860507e-09	0.308100616391841	0.629	0.59	5.19228066524183e-05
Zfp622	2.99641582063404e-09	0.333829004269777	0.466	0.417	6.37157860099623e-05
Eif3j1	3.09477212462956e-09	0.286986285497325	0.523	0.485	6.5807234458123e-05
Sowahc	3.22877403632885e-09	0.278379457179724	0.346	0.277	6.86566511084966e-05
Gbp2b	4.03627440611034e-09	0.507759746627903	0.233	0.166	8.58273389715303e-05
Ccdc25	5.01704464043575e-09	0.299428635235378	0.388	0.341	0.000106682437234226
Itsn2	6.23362866098798e-09	0.289191286299951	0.557	0.527	0.000132551879847248
Pak1ip1	6.3477804876321e-09	0.250186389001242	0.483	0.454	0.000134979204289009
Trim25	6.77451992658372e-09	0.288369830005694	0.408	0.354	0.000144053391718876
D17Wsu92e	8.6147236344915e-09	0.305121049014046	0.385	0.334	0.000183183483363827
Ikzf1	8.72445050975596e-09	0.252765314945207	0.445	0.371	0.000185516715639451
Stom	9.26114196731876e-09	0.293167703097256	0.296	0.238	0.000196928922793066
Slfn9	1.91488655769185e-08	0.291495504818511	0.259	0.195	0.000407181477627596
Stx3	2.06134972647225e-08	0.259320047764041	0.221	0.163	0.000438325405837058
Txndc9	2.94071277893249e-08	0.252913791037358	0.542	0.538	0.000625313165312206
Selenos	3.10265086946963e-08	0.254056412262778	0.754	0.758	0.000659747680884022
Psme4	3.52329152729714e-08	0.252011359830873	0.466	0.439	0.000749192710364465
Edem1	4.25112218603272e-08	0.251621078314878	0.484	0.441	0.000903958621637998
Rps15a-ps8	8.179904247259e-08	0.25841638594599	0.366	0.293	0.00173937483913715
Ninj1	1.16061230397995e-07	0.279789526892883	0.581	0.548	0.00246792600318296
Dr1	1.2252613705603e-07	0.251657157582011	0.385	0.339	0.00260539577835943
Bbip1	1.86821606147282e-07	0.261038692693309	0.56	0.551	0.0039725746331158
Iigp1	2.04932172024758e-07	0.775329325141724	0.363	0.324	0.00435767770593446
Plgrkt	3.18986608053521e-07	0.276353199012276	0.56	0.558	0.00678293123365007
Ell2	4.81530994979545e-07	0.257885029747399	0.276	0.222	0.010239275077245
Hmgcr	5.7069289573486e-07	0.259728784836933	0.345	0.297	0.0121352137349061
Ascc3	1.09215005465423e-06	0.263060693564169	0.461	0.444	0.0232234787621676
Hhex	1.21362476944476e-06	0.291776992599179	0.275	0.22	0.0258065170974733
Gm10177	1.5697575886812e-06	0.269486898329377	0.417	0.384	0.0333793253657171
Gm9843	1.9194346054054e-06	0.262040631750307	0.449	0.425	0.0408148574493404
