id	p_val	avg_log2FC	pct.1	pct.2	p_val_adj
Cd209a	0	3.06792927845141	0.744	0.087	0
Cd209d	0	1.92635559968082	0.475	0.038	0
Ccl17	0	3.46911396448161	0.473	0.037	0
H2-DMb2	8.85732684272598e-296	1.38102268431676	0.562	0.084	1.88342197983725e-291
Cd209e	2.80651000945207e-287	1.78776705301992	0.41	0.041	5.96776288409889e-283
Napsa	3.73076898071505e-253	1.81120675859938	0.807	0.231	7.93310716059247e-249
Kmo	2.04007969617612e-245	1.01129987958788	0.56	0.1	4.33802546594891e-241
Tnip3	6.00734751517379e-227	1.65495468940006	0.807	0.236	1.27740237562655e-222
Rnase6	1.22698195271496e-219	1.41383080927495	0.694	0.177	2.60905442425308e-215
Ifi30	3.46110509578581e-212	1.81848576197714	0.991	0.747	7.35969387567894e-208
Olfm1	8.67318922851369e-211	1.47088824284215	0.885	0.392	1.84426695755115e-206
Ramp3	7.91062964431278e-201	0.912862178678973	0.427	0.066	1.68211628756667e-196
Syngr2	1.21190040744283e-200	1.75458303641845	0.924	0.613	2.57698502638643e-196
Aqp3	1.25003469964582e-197	0.608685824146662	0.204	0.013	2.65807378532687e-193
Bcl11a	3.09769396553393e-192	1.08951408562084	0.425	0.069	6.58693644831135e-188
Il4i1	9.99940630323169e-192	1.75706663342751	0.364	0.05	2.12627375631919e-187
Ciita	1.83449114918684e-191	1.26637601735102	0.853	0.308	3.9008619796309e-187
Cbfa2t3	5.41449957046359e-182	1.20339531217287	0.781	0.284	1.15133918866338e-177
Atox1	5.32082350276925e-175	1.49384647308352	0.996	0.909	1.13141990962885e-170
S100a4	1.45179045006171e-173	1.76670362231905	0.942	0.498	3.08708721301121e-169
Kynu	2.95192455978016e-164	0.451200864597091	0.284	0.034	6.27697238391653e-160
Lsp1	2.70555785028274e-163	1.54808333975649	0.933	0.535	5.75309821284121e-159
H2-DMb1	5.60322032586201e-160	1.42461298829698	0.939	0.487	1.1914687700913e-155
Map4k1	6.37829617303132e-159	0.863341752838143	0.584	0.159	1.35628089823338e-154
H2-Oa	9.19119531163172e-159	0.637116570059451	0.323	0.046	1.95441577106537e-154
Ccl22	3.05031299580099e-158	1.28530039107434	0.165	0.01	6.48618555427122e-154
H2-DMa	1.60238823695268e-153	1.18585562979925	0.968	0.584	3.40731834705618e-149
Plbd1	5.69253123316005e-153	1.22481298337989	0.929	0.496	1.21045984141915e-148
AA467197	1.03418761915733e-152	1.55893401764309	0.742	0.257	2.19909655337614e-148
Actg1	1.01327092336805e-148	1.01201220236509	1	0.992	2.15461929144982e-144
Sept3	9.18495292425843e-148	0.450224214570186	0.239	0.026	1.95308838981431e-143
H2-Ab1	3.9884834468481e-142	1.37898445791447	0.987	0.654	8.4811112013778e-138
Psmb8	2.57059544779942e-141	1.10303409260812	0.991	0.853	5.46611416020068e-137
Htr7	1.30359310045206e-139	0.499520981236357	0.382	0.074	2.77196036880127e-135
Cytip	4.14074069665707e-139	1.09072444762821	0.848	0.364	8.8048710173716e-135
Malt1	2.99753212022619e-137	1.37300740711009	0.831	0.387	6.37395230044897e-133
Sh3bgrl3	1.79974781260334e-136	1.00599611363123	1	0.906	3.82698374871973e-132
Cd74	4.71115540959627e-136	1.31585374168057	1	0.815	1.00178008629655e-131
Actb	3.70520367388231e-132	0.894036010858434	1	0.998	7.87874509214335e-128
Pkib	3.59371700338162e-131	1.12363936549455	0.627	0.218	7.64167983599068e-127
Rps11	1.44414153064803e-130	0.732397779226836	0.998	0.993	3.07082255076998e-126
Jak2	2.42235378793282e-129	1.17017129361684	0.816	0.435	5.15089309466035e-125
Vrk1	1.80510537965062e-128	1.15086129502149	0.768	0.375	3.83837607928907e-124
Batf3	1.45928822811131e-127	1.13268358914693	0.74	0.309	3.10303048825589e-123
H2-Aa	6.85481090019604e-127	1.2594001802567	0.987	0.675	1.45760698981769e-122
Lgals3	3.39454458805884e-122	1.24238110116947	0.97	0.699	7.21815961204832e-118
Mdh2	1.15778445387564e-121	1.52266538721339	0.915	0.728	2.46191286272116e-117
Gm2a	9.63340254798219e-120	1.42686646043866	0.924	0.746	2.04844671780293e-115
Clec10a	2.8107861177779e-119	1.46922754093543	0.707	0.294	5.97685560084294e-115
Jaml	3.91884037081229e-117	0.904037724564131	0.67	0.253	8.33302216449526e-113
Zfp366	1.40834930399079e-116	0.363381849311602	0.245	0.035	2.99471396000601e-112
H2afz	6.0922001873739e-116	1.08371027683277	0.981	0.899	1.29544544784319e-111
H2afy	7.40271344695015e-114	0.955342126095297	0.955	0.823	1.57411298735948e-109
Orai1	2.33614926328181e-112	1.00291675703782	0.887	0.576	4.96758779344243e-108
Pmaip1	3.06989264636512e-112	0.95733782921015	0.635	0.237	6.5278197232308e-108
Wdfy4	3.71684221694494e-112	0.691307052239453	0.523	0.163	7.90349329011172e-108
Mgl2	8.4516754307301e-112	1.69296293471364	0.818	0.421	1.79716426359045e-107
H2-Eb1	9.45039672731749e-112	1.14261259249232	0.981	0.661	2.00953236009679e-107
Snx20	1.90254776939009e-111	0.897390127131423	0.822	0.422	4.04557757683109e-107
Prkcd	2.19380774657296e-110	1.05558450624611	0.904	0.55	4.66491279231275e-106
Cldnd1	4.99349233623559e-110	1.65896901423973	0.763	0.459	1.06181621037714e-105
Traf1	6.20278194831278e-110	1.02727102235211	0.61	0.226	1.31895955348923e-105
Tspo	2.92867879224006e-109	0.910515560153562	0.987	0.923	6.22754258381926e-105
Gpx1	3.34982844252678e-109	0.759633158738319	0.998	0.908	7.12307520018893e-105
Ms4a4c	6.31376462897761e-109	1.59451267317255	0.651	0.266	1.3425589107058e-104
Crip1	1.34158869686753e-104	0.919256515300273	0.998	0.904	2.85275420501911e-100
Rps27a	4.20229474218401e-104	0.625137944222166	1	0.994	8.93575953978007e-100
Gfra2	1.83418690286352e-103	0.428046877344975	0.373	0.085	3.90021503024899e-99
Cdh1	1.46859867404452e-100	0.695441329821445	0.442	0.124	3.12282822048826e-96
Rps26	1.73728268041511e-100	0.631865130807287	1	0.99	3.69415789163469e-96
Pfn1	1.79883419532532e-99	0.722092432451637	0.998	0.977	3.82504103293976e-95
Vdr	3.38083843564407e-99	0.803286245805265	0.475	0.152	7.18901484955356e-95
Cfp	2.00011253363475e-98	0.960494424788459	0.865	0.5	4.25303929152093e-94
Bcl2a1d	2.52533948911598e-98	1.03167301878659	0.588	0.226	5.36988188965623e-94
Hfe	3.02420320189378e-98	1.08131509769876	0.753	0.409	6.43066568850693e-94
Pfkp	5.32572565878498e-98	0.971869105187202	0.798	0.47	1.13246230408404e-93
Smdt1	8.02848120731049e-98	0.81689489943634	0.976	0.895	1.7071762439225e-93
Cfl1	3.96803075612251e-97	0.586823490715826	1	0.985	8.43762059981891e-93
Siglecg	3.53941203813904e-95	0.259304926398819	0.184	0.024	7.52620575789885e-91
Dapp1	5.2603278425354e-95	0.971565421760017	0.72	0.376	1.11855611243673e-90
Rpl8	5.95971634961513e-94	0.6033270162316	1	0.992	1.26727408458216e-89
Itgax	6.97092757659742e-94	0.605819410835526	0.421	0.121	1.48229803988768e-89
Sub1	7.89246657515129e-94	0.741670887919557	0.981	0.905	1.67825409254017e-89
Spi1	2.86606534754126e-93	0.837705985535956	0.965	0.584	6.09440135501174e-89
Coro1a	1.81574825841785e-92	0.859402762617709	0.957	0.646	3.86100709669971e-88
Cox17	2.80138803592424e-92	0.887513892640434	0.952	0.76	5.9568715195893e-88
Glipr2	1.84173187212037e-91	0.922760370587421	0.698	0.311	3.91625865287674e-87
Sec61b	1.83875798511909e-90	0.739432593054108	0.985	0.92	3.90993497955723e-86
Trerf1	2.87073591227741e-90	0.66528973168135	0.57	0.228	6.10433284386668e-86
Rpl18	1.33134674500989e-89	0.596151357358827	1	0.991	2.83097571858902e-85
Taldo1	9.52126699084114e-89	0.7636338705391	0.946	0.813	2.02460221293246e-84
Fyn	1.28920591265424e-88	0.799145455349644	0.759	0.399	2.74136745266797e-84
Flt3	2.24242211305835e-88	0.297532398904644	0.2	0.031	4.76828638120728e-84
Rin3	8.66321667342164e-87	0.700966061977357	0.673	0.328	1.84214639343638e-82
Cd24a	2.24258676636877e-86	0.749159971101022	0.519	0.191	4.76863650000654e-82
Klrk1	3.65421887898333e-86	0.539667008021632	0.455	0.14	7.77033102427016e-82
Fgr	5.54700366501901e-86	0.63815118028239	0.677	0.29	1.17951485932964e-81
Ndufa6	6.47076401847331e-86	0.800419815587848	0.933	0.84	1.37594326088816e-81
Irf5	5.36088328861802e-84	0.744580159830769	0.807	0.463	1.13993822249174e-79
Rel	6.52710024454666e-84	0.956535752266603	0.763	0.422	1.3879225960004e-79
Rpl13	7.60789582823615e-83	0.536118776509458	1	0.995	1.61774296891614e-78
S100a11	6.18154041815095e-82	0.942240512809291	0.961	0.809	1.31444275451562e-77
Irf4	1.94380421992852e-81	0.577493823250093	0.375	0.108	4.133305293256e-77
Casp6	5.10286298598494e-81	0.825722390580905	0.659	0.326	1.08507278533984e-76
Calm1	7.11892236813481e-81	0.61505194955208	0.998	0.988	1.51376765236019e-76
Tep1	7.37890000275569e-81	0.765075581377808	0.673	0.357	1.56904929658597e-76
Rps23	2.42063036859026e-79	0.468311638864755	0.998	0.993	5.14722841577033e-75
Slamf7	9.36659175926029e-79	0.509572512808607	0.369	0.106	1.99171207168911e-74
Eif5a	7.17304641769163e-78	0.707379307954719	0.974	0.911	1.52527659025795e-73
Bhlhe40	2.16936159385406e-77	0.865945085526075	0.811	0.499	4.61293049317128e-73
Rpl14	4.78968566865891e-77	0.605038355872036	0.996	0.975	1.01847876058363e-72
Rps25	4.83284065374169e-77	0.561147548429476	1	0.981	1.02765523661163e-72
Coro2a	7.66604686491611e-77	0.633730296837256	0.573	0.237	1.63010820535576e-72
Fem1c	1.55576360988013e-76	0.713330761552775	0.709	0.383	3.30817574004911e-72
Rps8	3.67508217136392e-76	0.47172542182337	1	0.997	7.81469472918825e-72
Cd52	5.62108599991557e-76	0.790576625149943	0.981	0.688	1.19526772702205e-71
Rnh1	2.21553419812911e-75	0.937427967298045	0.889	0.703	4.71111191890174e-71
Arpc2	2.38362881271331e-75	0.519701782439431	1	0.971	5.06854830735358e-71
Actr3	3.23961166523186e-75	0.636070141212727	0.981	0.865	6.88871024494903e-71
Psma7	3.75273388929659e-75	0.616141454563231	0.972	0.885	7.97981334220026e-71
Tes	4.28813880564922e-75	0.697119768038574	0.74	0.386	9.11829835633249e-71
Klrb1b	5.84092401029314e-75	0.38153462263316	0.282	0.067	1.24201408154873e-70
H2-Ob	1.77483455068405e-74	0.331379613776568	0.252	0.055	3.77400818857457e-70
Itgb7	5.71003133092178e-74	0.570275431209811	0.536	0.208	1.21418106220721e-69
Adgrg5	6.93098120806729e-74	0.287327200034634	0.249	0.054	1.47380384408343e-69
Fau	2.67485294348189e-73	0.504397631171634	1	0.997	5.68780729901989e-69
Chd7	3.88084800744304e-73	0.83706090003172	0.686	0.369	8.25223520302688e-69
Naaa	3.8963009442093e-73	0.805072506539966	0.774	0.458	8.28509432776666e-69
Rpl27	1.16735937921258e-72	0.593537820957151	0.996	0.971	2.48227298395764e-68
Rps18	1.98668700913175e-72	0.551621811088747	1	0.982	4.22449125621775e-68
Fh1	7.38833234913868e-72	0.843039244838283	0.67	0.387	1.57105499072085e-67
Rps6	1.25766767357427e-71	0.677104089282302	0.989	0.932	2.67430454108833e-67
Pim1	6.09436151445672e-71	0.731034750051049	0.983	0.784	1.29590503243408e-66
Rpl11	1.07158849991497e-70	0.473341292089787	1	0.993	2.2786257862192e-66
Rps16	3.02359825498051e-70	0.440904239287307	1	0.995	6.42937932939056e-66
Uck2	3.13130724741426e-70	0.592341410729242	0.553	0.252	6.65841173090169e-66
Arpc5	3.64252241879994e-70	0.576373703186546	0.989	0.878	7.7454596713362e-66
Cycs	1.50277617527483e-69	0.886344226295115	0.907	0.755	3.19550325910441e-65
Ndufb1-ps	1.47584541772805e-68	0.58748386432419	0.981	0.915	3.13823769625692e-64
Pkp3	1.9273168353643e-68	0.463483978231979	0.406	0.14	4.09824651871864e-64
Rpl19	2.25672419017965e-66	0.428140565936222	1	0.995	4.798698317998e-62
Mrpl52	3.11154518663965e-66	0.673008467459307	0.97	0.869	6.61638968487055e-62
Grb2	5.51651027033271e-66	0.619596640539106	0.913	0.736	1.17303074388355e-61
Ccr7	1.02723645695691e-65	1.22146657436626	0.128	0.017	2.18431560207318e-61
Rpl36al	1.27643394537901e-65	0.593593665273579	0.98	0.927	2.71420914145392e-61
BC035044	2.6803234844459e-65	0.433508530569766	0.445	0.161	5.69943985732576e-61
S100a6	4.2379669147496e-65	0.782436514789321	0.978	0.785	9.01161284752354e-61
Rpl29	4.43616897171907e-65	0.693284827796307	0.957	0.785	9.43306970146344e-61
Cdc42	9.65925833550217e-65	0.444783293819868	0.996	0.98	2.05394469246118e-60
Psme1	9.77613342258797e-65	0.623542184401481	0.983	0.902	2.07879701097911e-60
Rps9	2.31899359358173e-64	0.426758695884263	1	0.996	4.93110797739219e-60
Rpl28	3.02128201941975e-64	0.471256875670107	0.998	0.992	6.42445408609415e-60
Rbm3	4.5575177917407e-64	0.606922326523429	0.98	0.931	9.69110583235742e-60
Plekho1	7.24020328238688e-64	0.623233900333029	0.872	0.569	1.53955682596675e-59
Gpr171	1.75230615488873e-63	0.601654001374599	0.473	0.188	3.7261038077554e-59
P2ry10	1.64565874986807e-62	0.33846492536376	0.356	0.111	3.49932876571946e-58
Klrd1	4.96263670393378e-62	0.610788090170602	0.373	0.121	1.05525506872448e-57
Rpl34	1.40449637835868e-61	0.425502006425851	0.998	0.992	2.98652109894189e-57
Samhd1	3.84332481011687e-61	0.699692809543998	0.948	0.712	8.17244587623252e-57
Gpr35	5.24941248733821e-61	0.48282671113327	0.584	0.257	1.1162350713076e-56
Rps4x	6.59117714536689e-61	0.452711866000914	1	0.993	1.40154790819082e-56
Eif3k	1.84822829449334e-60	0.571132176798435	0.967	0.859	3.93007264541065e-56
Rpl32	2.86807464033889e-59	0.452948461988333	1	0.992	6.09867391521661e-55
Bloc1s2	5.90328245806615e-59	0.520049638771129	0.588	0.304	1.25527398188319e-54
Serf2	8.98571499541995e-59	0.474919406092995	0.998	0.977	1.9107224366261e-54
Rpl6	2.48815698853692e-58	0.417760555554924	1	0.994	5.29081702042491e-54
Rpl17	3.6621914018259e-58	0.451975509446048	1	0.989	7.78728379684259e-54
Rplp2	4.60823721105303e-58	0.38198006296239	1	0.994	9.79895560558316e-54
Rps14	1.53990181074285e-57	0.404091479268765	0.998	0.994	3.2744472103636e-53
Cox7b	1.97448531587795e-57	0.552271564565383	0.963	0.876	4.19854557568287e-53
Cd300a	4.82839500339707e-57	0.784218662084727	0.564	0.279	1.02670991352235e-52
Rps24	9.70498485211228e-57	0.361448971471828	1	0.997	2.06366797895316e-52
Rps13	1.0841120379801e-56	0.418901497641049	0.998	0.988	2.30525583756089e-52
Adam8	1.29307717034027e-56	0.478224846562912	0.531	0.226	2.74959929501154e-52
Tmsb10	1.90278991094426e-56	0.789896316070545	0.998	0.921	4.04609246663187e-52
Scimp	2.51913700615523e-56	0.57333471537062	0.609	0.296	5.35669292988849e-52
Rpl21	3.13097875923967e-56	0.455245643348531	0.998	0.986	6.65771323364723e-52
Nr4a3	4.22766254403516e-56	0.747306458808794	0.327	0.111	8.98970163363637e-52
Ms4a6d	5.88178421872701e-56	0.880044844029209	0.79	0.5	1.25070259627011e-51
Rps10	1.35592532747874e-55	0.467328063942531	0.996	0.991	2.88323961635079e-51
Myo1g	1.3758949252614e-55	0.605849515331104	0.516	0.239	2.92570296907585e-51
Ywhah	2.00064279506737e-55	0.604664411444302	0.887	0.728	4.25416683943125e-51
Psme2	2.93249101419175e-55	0.646495101695497	0.946	0.818	6.23564889257734e-51
Hemk1	4.55582859645516e-55	0.411114433242701	0.243	0.067	9.68751392750225e-51
Mkrn1	5.73616905695984e-55	0.65329620744194	0.796	0.595	1.21973898827194e-50
Csf2rb	1.21640302289319e-54	0.587199185925817	0.764	0.434	2.58655938788008e-50
Rpl35a	2.00058469253067e-54	0.378480819894943	1	0.996	4.25404329019722e-50
Rplp0	2.55169487334114e-54	0.467638223782408	1	0.987	5.42592397867261e-50
Pdcd1lg2	3.00455979741535e-54	0.495651018424746	0.529	0.228	6.38889595322399e-50
Cdkn1a	3.20151479706925e-54	0.731373276814745	0.904	0.6	6.80770106448804e-50
Ppm1m	3.605592088761e-54	0.513998166603383	0.506	0.25	7.6669310175414e-50
Tkt	3.95751285505835e-54	0.601931865845063	0.865	0.695	8.41525533499608e-50
Rps19	6.27908048057579e-54	0.440945387739478	1	0.988	1.33518367338964e-49
Psmb9	7.58068726418944e-54	0.649143645720645	0.865	0.678	1.61195733985724e-49
Map3k14	8.56051407531631e-54	0.606514664540613	0.488	0.23	1.82030771297526e-49
Grk3	2.61219866332392e-53	0.444714147988013	0.427	0.172	5.55457923769198e-49
Tspan13	2.66403846193635e-53	0.514994397439153	0.712	0.415	5.66481138546145e-49
Rps7	3.74189493637505e-53	0.393202845918459	1	0.99	7.95676539270791e-49
St3gal4	4.5230557888905e-53	0.496992365418076	0.555	0.277	9.61782582949675e-49
Dock10	4.80030639711611e-53	0.59282386281209	0.709	0.403	1.02073715228277e-48
Arpc1b	6.36201544704482e-53	0.432030475193482	1	0.963	1.35281896465961e-48
Pomp	7.87362749964757e-53	0.505308997112331	0.961	0.889	1.67424815152506e-48
Tpm3	7.99918501295277e-53	0.526469266427974	0.987	0.939	1.70094670115428e-48
Tagln2	1.41556781569191e-52	0.740870289310287	0.981	0.882	3.01006340328728e-48
Ptpn1	1.60228471876136e-52	0.547986294739551	0.928	0.727	3.40709822597415e-48
Cish	1.61070352077359e-52	0.634853709415782	0.583	0.298	3.42499996657296e-48
Cnn2	1.69533839505311e-52	0.639243525311854	0.776	0.513	3.60496756324094e-48
Rpl27a	2.92878968807451e-52	0.607739069736432	0.998	0.978	6.22777839272164e-48
Taf10	3.16684877761796e-52	0.564325740505643	0.911	0.764	6.73398724072683e-48
Gpr132	5.4412400725574e-52	0.435165626938982	0.473	0.204	1.15702528902861e-47
Dok2	5.98618970734626e-52	0.67471373067931	0.699	0.395	1.27290337937011e-47
Wfdc17	1.00919343908192e-51	0.533907201548963	0.824	0.481	2.1459489288638e-47
Srgn	1.35887530968269e-51	0.335313790751469	0.993	0.725	2.88951245850928e-47
Pitpna	2.04766071110038e-51	0.542504235000627	0.937	0.799	4.35414573608386e-47
Arl8b	3.74562442570836e-51	0.632368349183758	0.698	0.465	7.96469577882626e-47
Rpsa	4.3098349926213e-51	0.433210091327304	0.998	0.991	9.16443312830993e-47
Bak1	4.69573446200131e-51	0.541051724893194	0.685	0.426	9.98500975999958e-47
Matk	4.87939896936092e-51	0.45021806243155	0.442	0.187	1.03755539684491e-46
Tmsb4x	8.47272900230049e-51	0.716606638014517	1	0.998	1.80164109504918e-46
Bcl2a1a	1.54932790786405e-50	0.82635938765605	0.497	0.242	3.29449086328212e-46
Rpl38	1.90027331023632e-50	0.360353460994803	1	0.995	4.04074116688652e-46
Fabp5	2.36075027369614e-50	0.975025554563731	0.835	0.555	5.01989938198747e-46
Atp5h	5.22668920581241e-50	0.442181251998907	0.981	0.951	1.11140319272395e-45
Phf11b	6.06289291591284e-50	0.547129114491143	0.622	0.321	1.28921354963971e-45
Arpc3	7.19750889896832e-50	0.404097350014428	0.989	0.948	1.53047829227662e-45
Ctsz	7.58056938526693e-50	0.492391977788409	0.985	0.901	1.61193227408316e-45
Sinhcaf	1.21118042930247e-49	0.545785532558095	0.403	0.171	2.57545406486876e-45
Hsp90ab1	1.90635630980299e-49	0.507945870424101	0.996	0.991	4.05367605716508e-45
Ass1	7.20989017266887e-49	0.525842850266006	0.443	0.197	1.53311104631631e-44
Etv3	9.25978154824896e-49	0.791859301707868	0.683	0.418	1.96899994841966e-44
Rps15a	1.91127364292964e-48	0.351482203903115	1	0.992	4.0641322743256e-44
Cst7	2.11313526472792e-48	0.384845431706838	0.308	0.104	4.49337082691745e-44
Dna2	4.07103874308574e-48	0.285628952398723	0.291	0.096	8.65665678329751e-44
Rack1	7.9648723671179e-48	0.421019017521188	0.996	0.975	1.69365046014395e-43
Rpl36	1.61492867097478e-47	0.342876274519718	1	0.993	3.43398432596077e-43
St8sia4	1.62209137917771e-47	0.650092481175485	0.686	0.398	3.44921510868348e-43
Lilr4b	1.83854751146921e-47	0.560221066185069	0.857	0.548	3.90948742838814e-43
Ltb4r1	2.30084356598079e-47	0.480253296748753	0.571	0.281	4.89251375870154e-43
Timm10b	2.62424225591659e-47	0.525191598638463	0.9	0.779	5.58018873298104e-43
Rps27l	3.19613196829745e-47	0.577662221643491	0.965	0.887	6.79625501738771e-43
Myl6	3.45934908189904e-47	0.387146184097933	0.998	0.988	7.35595988775012e-43
Fam49b	6.95767410093631e-47	0.51476939921643	0.933	0.68	1.4794798208231e-42
Btf3	7.88785296224822e-47	0.411172867060328	0.981	0.961	1.67727305389246e-42
Gm15987	1.12586535048638e-46	0.30249683555626	0.299	0.102	2.39404008127424e-42
Gng10	1.14350532231416e-46	0.764902571996052	0.447	0.21	2.43154971736884e-42
Twf2	1.27233643814801e-46	0.521293041704365	0.688	0.442	2.70549620207792e-42
Cst3	1.98610699280747e-46	0.735736758573947	0.998	0.972	4.2232579095058e-42
Rbx1	8.99260680111051e-46	0.496581289557389	0.941	0.863	1.91218791018814e-41
Bin2	9.76976363695547e-46	0.546389790240745	0.681	0.395	2.07744253976221e-41
Cd40	1.10202016225522e-45	0.541448520120549	0.365	0.148	2.34333567301949e-41
Slc30a4	1.99200812558977e-45	0.478769335647492	0.423	0.192	4.23580607825409e-41
Cox8a	3.23561729982186e-45	0.458654160453304	0.994	0.985	6.8802166263412e-41
Plekha1	4.28874784449772e-45	0.505920173567193	0.531	0.282	9.11959341653995e-41
H3f3a	6.98994291128698e-45	0.404473547181887	0.996	0.988	1.48634146065606e-40
Gapdh	7.55212508081351e-45	0.497185356387465	0.998	0.973	1.60588387718418e-40
Rpl26	1.24174962639764e-44	0.4987739236931	0.998	0.979	2.64045640557194e-40
Fxyd5	2.5370222778549e-44	0.596765609514317	0.963	0.733	5.39472417163066e-40
Rpl24	3.30333642659222e-44	0.466062250189533	0.998	0.974	7.0242145775057e-40
Cox5a	7.22421869611514e-44	0.456866086013907	0.97	0.876	1.53615786354192e-39
Msn	1.24665277833293e-43	0.490345285286709	0.957	0.857	2.65088246784713e-39
Atp5f1	1.75548891754076e-43	0.435969374250563	0.955	0.889	3.73287163425868e-39
Rpl15	5.23677449439115e-43	0.546022501121075	0.981	0.953	1.11354772848733e-38
Rpl7a	6.29603138922155e-43	0.370652422366201	0.998	0.977	1.33878811460407e-38
Atp5g1	6.77638117605039e-43	0.494142978689543	0.948	0.868	1.44092969327536e-38
Arpc4	8.12944886580327e-43	0.442807484466189	0.935	0.826	1.72864600682441e-38
Necap2	2.24217305151909e-42	0.458631123321079	0.757	0.537	4.76775677675018e-38
AI662270	3.37458255701159e-42	0.425941196053571	0.772	0.455	7.17571234922945e-38
Lcp1	5.30446833124614e-42	0.517518656529464	0.987	0.679	1.12794214595618e-37
Hhex	7.00642568581364e-42	0.532081255000928	0.445	0.213	1.48984635783141e-37
Nubp1	1.0813003183188e-41	0.476225777864771	0.64	0.401	2.29927699687309e-37
Slc7a5	1.19301699514849e-41	0.395129824916628	0.315	0.122	2.53683133848374e-37
Cd200r1	1.60522816993415e-41	0.480175801601699	0.421	0.197	3.41335718054798e-37
Rps2	1.85959768852372e-41	0.419106817614466	1	0.992	3.95424852487685e-37
Selplg	2.8621994139814e-41	0.491814043159461	0.74	0.439	6.08618083389005e-37
Krt80	3.72811185391294e-41	0.398775625277856	0.332	0.132	7.92745704616047e-37
Sem1	5.62519675665308e-41	0.355139527779025	0.993	0.963	1.19614183833471e-36
Cd83	7.44291720971492e-41	0.458790196591034	0.668	0.381	1.58266191547378e-36
Psma4	8.51783459269251e-41	0.497903751381254	0.889	0.765	1.81123234779014e-36
Arhgdib	1.00482140517554e-40	0.442430081264815	0.961	0.807	2.13665223596527e-36
Il7r	1.14319279319599e-40	0.367426213613323	0.273	0.093	2.43088515545195e-36
Ostf1	2.13994046203454e-40	0.417736929469039	0.937	0.801	4.55036939847026e-36
Stx7	2.69620417403439e-40	0.540346523387419	0.848	0.697	5.73320855566673e-36
Efhd2	3.4121712313867e-40	0.474713629269272	0.928	0.736	7.25564090642067e-36
Sri	4.41725185981554e-40	0.460865221139145	0.889	0.746	9.39284435471176e-36
Rpl39	4.75508097284742e-40	0.333374255364482	0.998	0.995	1.01112041806628e-35
Rpl30	9.90546016316954e-40	0.323520060484491	1	0.992	2.10629704909637e-35
Hspa8	1.09830178054794e-39	0.614766688503253	0.994	0.976	2.33542890615715e-35
Pycard	1.45155108671813e-39	0.538598432634974	0.831	0.632	3.08657823079744e-35
Ikbkb	1.46484503240296e-39	0.433709862527292	0.696	0.457	3.11484647690164e-35
Zyx	2.102275102198e-39	0.497059833290486	0.829	0.651	4.47027777731383e-35
Fbl	2.57241646245404e-39	0.551056972586806	0.711	0.528	5.46998636576227e-35
Syk	3.09861344335975e-39	0.449462755269178	0.714	0.437	6.58889162596017e-35
Rps3a1	3.47824884536247e-39	0.340688482714071	0.998	0.994	7.39614834477876e-35
Rpl31	4.05060910810138e-39	0.373454857248147	0.987	0.955	8.61321520746678e-35
Rps5	4.08690510496812e-39	0.344656124636744	1	0.993	8.69039501520421e-35
Hcls1	4.98266742646551e-39	0.460688481031087	0.839	0.567	1.05951440156363e-34
Cd48	6.74156228488136e-39	0.493382777755389	0.614	0.362	1.43352580425717e-34
Rps27	1.10131031196321e-38	0.294256120726724	1	0.994	2.34182624735857e-34
Srsf3	3.85105796697026e-38	0.421168743900175	0.957	0.899	8.18888966096556e-34
Cd53	4.60102737940951e-38	0.4263859397361	0.931	0.646	9.78362461957639e-34
Atp6v0e	6.52393858106435e-38	0.436534551986815	0.939	0.869	1.38725029987752e-33
Runx3	9.17324270025698e-38	0.404215431622553	0.631	0.35	1.95059832778264e-33
Cyba	9.81724595871171e-38	0.38637699988309	0.993	0.958	2.08753918066046e-33
Mmp25	1.29571450785093e-37	0.288339695031926	0.163	0.043	2.75520732949421e-33
Cyth4	1.30594645495804e-37	0.469662206757036	0.866	0.592	2.77696454182278e-33
Nfkbie	1.34937059208966e-37	0.387069098501913	0.506	0.268	2.86930162701944e-33
H2-Ea-ps	1.66833273865384e-37	0.783701299706626	0.564	0.34	3.54754273547353e-33
Il1b	1.68405654803545e-37	0.645398871765219	0.801	0.518	3.58097784374258e-33
Atp5j2	2.02779321891195e-37	0.38377228989051	0.991	0.936	4.31189950069437e-33
Bcl3	2.13608243560938e-37	0.458198593364194	0.534	0.304	4.54216569107979e-33
Rps17	3.03340336183927e-37	0.367861691403466	0.989	0.974	6.45022890861502e-33
Scand1	5.03261600260978e-37	0.472900311152985	0.939	0.872	1.07013546679494e-32
Ptcd2	1.15821852241345e-36	0.397907705331282	0.458	0.244	2.46283586605996e-32
Rpl22	1.38337885682444e-36	0.324577580284094	1	0.985	2.9416168011515e-32
Dusp5	1.52864468694021e-36	0.498668139957183	0.655	0.413	3.25051006230966e-32
Lactb	1.63702996153965e-36	0.406157851936758	0.51	0.285	3.48098051021792e-32
Kcnn4	1.96527692263448e-36	0.298156642919499	0.301	0.12	4.17896484828997e-32
Basp1	2.04077323980437e-36	0.734653308387949	0.835	0.656	4.33950021712001e-32
Chmp2a	4.51752828121466e-36	0.428957868837767	0.931	0.835	9.60607213717484e-32
Rpl23	7.20996702388545e-36	0.294298219296467	1	0.996	1.533127387959e-31
Adora2b	7.46480680800257e-36	0.291845476264046	0.291	0.115	1.58731651965367e-31
Lta4h	1.04732688888603e-35	0.495595550646359	0.542	0.339	2.22703589652725e-31
Cysltr1	1.11264870158542e-35	0.575783488054227	0.664	0.434	2.36593619905125e-31
Eif4a1	1.20988611805282e-35	0.406351636981054	0.976	0.914	2.57270184142752e-31
Ak2	1.70700473195355e-35	0.467359199384156	0.779	0.58	3.62977486202602e-31
Mthfd2	2.08028113982102e-35	0.402044184001092	0.38	0.18	4.42350981571542e-31
Rpl5	2.20832350035735e-35	0.376410048860657	0.981	0.954	4.69577909115987e-31
Nfkb1	2.81968746173592e-35	0.586182918306041	0.768	0.589	5.99578341863527e-31
Ccnd3	4.70007426376573e-35	0.686066344775416	0.668	0.501	9.99423791447145e-31
Abracl	5.32712494147306e-35	0.425207887295672	0.896	0.771	1.13275984755483e-30
Rps3	5.36638475260647e-35	0.312159054295341	1	0.988	1.14110805379424e-30
Rps28	7.17733772315146e-35	0.360752526843092	0.998	0.991	1.52618909345093e-30
Set	1.28427618921749e-34	0.443630345654073	0.939	0.859	2.73088488875208e-30
Stat5a	1.61146891006558e-34	0.386795782846743	0.34	0.154	3.42662749036346e-30
Lgals1	1.89751224873387e-34	0.535692137363338	0.95	0.878	4.03487004570771e-30
Alox5ap	1.96048352634115e-34	0.495784608111989	0.839	0.565	4.16877217041182e-30
Cox5b	5.00683406775795e-34	0.405191094756656	0.97	0.918	1.06465319616805e-29
Ifi205	6.86359718644175e-34	0.714404016784094	0.477	0.27	1.45947530572497e-29
Mmp12	1.13932085516398e-33	0.819248479955514	0.152	0.041	2.42265186642069e-29
Llph	1.1586782293101e-33	0.43150264491654	0.818	0.667	2.463813386805e-29
Snrpg	1.26009780176563e-33	0.338842230527354	0.974	0.9	2.67947196567443e-29
Cdk2ap2	1.41580417836616e-33	0.927870627648994	0.816	0.69	3.01056600487781e-29
Ear2	1.97925846249575e-33	0.417410748612608	0.137	0.035	4.20869519465096e-29
Il21r	2.00827012263263e-33	0.443323395939278	0.562	0.319	4.27038558876602e-29
Nme2	2.04034008232899e-33	1.02430196948212	0.629	0.427	4.33857915106436e-29
Baz1a	2.7137493799406e-33	0.444984135534201	0.69	0.471	5.7705166815057e-29
Rap2a	3.06342728323835e-33	0.513306840102108	0.651	0.451	6.51407177507803e-29
Ms4a6c	4.03097612117238e-33	0.592375735026911	0.826	0.572	8.57146762406094e-29
Crlf2	4.80330780144906e-33	0.45365466935774	0.733	0.552	1.02137537090013e-28
Sin3b	4.93862276106258e-33	0.468801656731646	0.801	0.65	1.05014874391235e-28
Ldha	5.12118338842864e-33	0.406513451338708	0.942	0.844	1.08896843571547e-28
Rpl23a	5.35148180126242e-33	0.366063183734304	0.989	0.955	1.13793909022044e-28
Timd4	5.92308219825157e-33	0.501666271357245	0.15	0.041	1.25948419863621e-28
Ccdc88a	6.81178920151422e-33	0.595694598264318	0.638	0.446	1.44845885580998e-28
Slfn2	1.15258615535547e-32	0.388767018396225	0.892	0.622	2.45085920074787e-28
Eef1g	1.24033443907769e-32	0.40391218993277	0.933	0.842	2.63744715125481e-28
Skap2	1.3038064659151e-32	0.417529484357781	0.861	0.695	2.77241406912187e-28
Psmd8	2.24054827856247e-32	0.395683596646303	0.866	0.715	4.76430185953525e-28
Anp32e	2.71137865710273e-32	0.47997335823115	0.716	0.539	5.76547557646325e-28
Psmb2	2.77902847276064e-32	0.413952573375669	0.876	0.762	5.90932614447822e-28
Ccl24	3.2673983840856e-32	0.400405116822983	0.699	0.438	6.94779592391963e-28
Pip4k2a	7.1035961621387e-32	0.412189355142224	0.692	0.459	1.51050868791717e-27
Atp5e	9.6775271546466e-32	0.33668225013473	0.996	0.972	2.05782937416405e-27
Cdkn2d	1.2943553347151e-31	0.470254971194272	0.521	0.312	2.7523171837382e-27
Pak1	1.34210370024147e-31	0.390339198746324	0.458	0.245	2.85384930819346e-27
Prelid1	1.52018746001567e-31	0.406789779802166	0.9	0.778	3.23252661497733e-27
Tmem173	1.79421122293997e-31	0.405447209195311	0.716	0.503	3.81521074445955e-27
Hs3st3b1	2.4748110932103e-31	0.275068848820733	0.31	0.131	5.26243830860239e-27
Calm3	3.26222284696596e-31	0.424827834445079	0.861	0.768	6.93679066178841e-27
Mtmr4	4.3818734744138e-31	0.272557573732397	0.271	0.112	9.3176157559935e-27
Tma7	5.93863116514025e-31	0.344747556147699	0.952	0.893	1.26279053095542e-26
Ndufb8	1.41238614331339e-30	0.384917133215614	0.909	0.823	3.00329789514159e-26
Prex1	1.49473473062173e-30	0.302444733011113	0.536	0.296	3.17840393119405e-26
Naca	1.67069926661397e-30	0.324870838849458	0.993	0.973	3.55257492052795e-26
Capza2	1.67260466884938e-30	0.355098835596004	0.978	0.923	3.55662656784133e-26
Rps15	1.82260765838985e-30	0.31866536216015	0.991	0.977	3.87559292480017e-26
Ranbp1	2.02447444915875e-30	0.438660995368767	0.839	0.71	4.30484246869116e-26
Ahr	5.20838329127667e-30	0.458862248465594	0.657	0.44	1.10751062305707e-25
Ube2f	6.52987375327953e-30	0.404510951150485	0.614	0.413	1.38851235489736e-25
Eno1	6.67863413073481e-30	0.490576575363531	0.842	0.724	1.42014476155945e-25
Bri3bp	6.84673360633197e-30	0.316918182656209	0.427	0.231	1.45588943405043e-25
Arhgdia	1.08870884114211e-29	0.37428463901393	0.946	0.889	2.31503047980459e-25
Ubl3	1.58491197705975e-29	0.483066165896812	0.794	0.668	3.37015682801985e-25
Bcl2a1b	1.60197601324532e-29	0.760246359335211	0.725	0.501	3.40644179456486e-25
Hist1h1c	1.65401164577291e-29	0.673650831184751	0.607	0.431	3.51709036357152e-25
Il2rg	2.74481415929303e-29	0.288127830884747	0.655	0.384	5.8365728283207e-25
Capg	2.88403184467838e-29	0.422475694536179	0.727	0.491	6.13260531452411e-25
Cd164	3.09436633931776e-29	0.699069344087445	0.798	0.692	6.57986058392528e-25
Etv6	3.14295480167011e-29	0.365732072519814	0.581	0.366	6.68317909027132e-25
Cd274	4.84257700664443e-29	0.407616410996342	0.527	0.301	1.02972557469287e-24
Utp18	1.11894762868388e-28	0.321406023929268	0.477	0.278	2.3793302376334e-24
Osgep	1.12620720974405e-28	0.383474615509493	0.614	0.43	2.39476701079975e-24
Tle3	1.14342837919766e-28	0.486468123261427	0.562	0.364	2.4313861055259e-24
Rpl12	1.28076842301741e-28	0.292985379390344	0.998	0.972	2.72342597470422e-24
Asb2	1.3578974022539e-28	0.294067829607752	0.237	0.092	2.88743303615269e-24
Ppia	1.35956665153248e-28	0.295332889340677	0.998	0.993	2.89098252781866e-24
Clec7a	1.57176012196855e-28	0.886493831100376	0.529	0.331	3.34219072335392e-24
Bax	2.07184287575643e-28	0.39238255228271	0.829	0.684	4.40556669100847e-24
Ywhae	2.34774649373211e-28	0.350390289407263	0.963	0.923	4.99224814427197e-24
Trappc5	2.58878922791859e-28	0.463979631211545	0.514	0.332	5.5048014142461e-24
Pmvk	2.83185656908235e-28	0.37254959601859	0.453	0.254	6.0216598084967e-24
Hspe1	3.79665197572775e-28	0.427825254107423	0.905	0.834	8.07320076118749e-24
Zmiz2	3.86748184734652e-28	0.335712991000301	0.508	0.309	8.22381340019764e-24
Arhgap30	4.26658405633393e-28	0.380333616008413	0.779	0.524	9.07246433738846e-24
Ppp1ca	4.34255581554452e-28	0.346362501750994	0.944	0.864	9.23401068617386e-24
Naga	4.906462688041e-28	0.431827709617848	0.451	0.27	1.04331022598504e-23
Snrpd3	5.65349905078977e-28	0.405958942415618	0.842	0.725	1.20216003815994e-23
Csf2ra	7.76239418688891e-28	0.395349951635428	0.718	0.5	1.65059549990006e-23
Gdi2	9.7423352099549e-28	0.424269965072516	0.929	0.876	2.07161015904481e-23
Itgb2	1.01199009813271e-27	0.2940390834351	0.788	0.52	2.1518957446694e-23
Emc6	1.16068371240113e-27	0.398411082889697	0.675	0.516	2.46807784604975e-23
Fmnl1	1.1726306374775e-27	0.330531419804638	0.609	0.373	2.49348178753216e-23
Lilrb4a	2.03183533603748e-27	0.46528520829003	0.718	0.478	4.3204946585501e-23
Ciao2b	2.9150670328126e-27	0.395423008669969	0.673	0.497	6.19859853857272e-23
Atp5l	4.06154303865912e-27	0.509693525321592	0.915	0.832	8.63646511740476e-23
Rpl37	4.09499307660113e-27	0.269246272214725	1	0.995	8.70759327808465e-23
Tpm4	5.49395599744522e-27	0.409643873712154	0.87	0.722	1.16823480329675e-22
Ctsh	5.86766927166712e-27	0.37414120013011	0.935	0.716	1.2477011939273e-22
Snrpf	7.47168828547601e-27	0.35097887262353	0.866	0.746	1.58877979702362e-22
Eif3i	9.21483085043617e-27	0.380440854589599	0.853	0.714	1.95944163203675e-22
Tiam1	9.59757005018879e-27	0.318497475035136	0.432	0.24	2.04082729547214e-22
Runx1	9.75288265387327e-27	0.35818140587777	0.764	0.548	2.07385296751961e-22
Rpl9	9.79289375104253e-27	0.278056850454727	0.998	0.99	2.08236092722168e-22
Treml2	1.04348597026921e-26	0.334397024857751	0.371	0.19	2.21886856718046e-22
Ccr2	1.18555156165007e-26	0.466527728545028	0.72	0.45	2.52095684069272e-22
Jarid2	1.23940421911154e-26	0.398179807698684	0.646	0.437	2.63546913151877e-22
Lsm12	1.48462491422916e-26	0.372253809629805	0.748	0.597	3.15690641761689e-22
Pim3	1.81533592094629e-26	0.432461887373909	0.605	0.408	3.86013030230019e-22
Tyrobp	1.88696003026197e-26	0.395449029704895	0.993	0.679	4.01243180834904e-22
Cox6b1	1.98030902550561e-26	0.311724551440857	0.983	0.954	4.21092911183513e-22
Rcl1	2.06475122897854e-26	0.30688527778672	0.28	0.131	4.39048701329997e-22
Pet100	2.0978174294008e-26	0.371967064193033	0.822	0.683	4.46079898187786e-22
Hnrnpd	2.47050769082427e-26	0.389712726105347	0.876	0.775	5.25328755376873e-22
Mob3a	2.74306634955255e-26	0.310510714687313	0.421	0.235	5.83285628568853e-22
Lyn	2.90136077464597e-26	0.345846309841017	0.894	0.635	6.1694535512072e-22
Rpl3	3.10269464342005e-26	0.278317368642631	1	0.985	6.5975698897684e-22
Rpl10a	3.84981236416721e-26	0.299324879863953	0.994	0.979	8.18624101116515e-22
Rpl18a	5.60356706880051e-26	0.269373553834456	1	0.994	1.19154250150974e-21
Capzb	6.41159847121508e-26	0.304821512195465	0.959	0.905	1.36336229891917e-21
Nfil3	6.52756396393879e-26	0.327770816035534	0.625	0.39	1.38802120129194e-21
Psma3	7.72315099704395e-26	0.381088227027936	0.876	0.827	1.64225082801142e-21
Anxa2	9.01767015504775e-26	0.400542258322434	0.931	0.713	1.91751738176935e-21
Prkx	9.97887576853898e-26	0.375207014878877	0.516	0.319	2.12190814342213e-21
Rac2	1.07064920541667e-25	0.318799324406547	0.865	0.596	2.276628470398e-21
Actr2	1.46395136906672e-25	0.339626472954961	0.933	0.861	3.11294619118348e-21
Rala	2.43099295567739e-25	0.409386281547007	0.746	0.577	5.16926342095241e-21
Jpt1	3.16530588762127e-25	0.32974536184203	0.905	0.8	6.73070643943788e-21
Ctss	3.51037062840541e-25	0.301654576975392	0.993	0.659	7.46445210424126e-21
Sowahc	3.73874309687248e-25	0.403477105384968	0.464	0.272	7.95006332118965e-21
Ucp2	5.4421010091758e-25	0.307420412265195	0.974	0.871	1.15720835859114e-20
Sec61g	6.46944684142715e-25	0.664020253806566	0.794	0.658	1.37566317636107e-20
Taok3	7.75366370945235e-25	0.388960065448893	0.718	0.536	1.64873905117795e-20
Rps12	9.27220003615002e-25	0.265204029639485	1	0.993	1.97164061568694e-20
Hipk2	9.90772358143839e-25	0.433625014779166	0.557	0.384	2.10677834235706e-20
Erp29	1.06931518796144e-24	0.379213606618505	0.902	0.828	2.2737918156812e-20
Snrpd1	1.1131368870929e-24	0.350870759530657	0.805	0.666	2.36697427671434e-20
Ifitm6	1.14133744297141e-24	0.335522427795283	0.356	0.182	2.42693993873441e-20
Psmb3	1.62542402512479e-24	0.382407992221313	0.887	0.776	3.45630164702535e-20
Rara	2.45519107061462e-24	0.394458114777535	0.579	0.394	5.22071829255493e-20
Ckb	2.78131330196991e-24	0.498165655973626	0.705	0.533	5.91418460530882e-20
Atp5b	3.05671692935436e-24	0.28729336739586	0.972	0.927	6.49980287857911e-20
Ffar2	3.66219444582057e-24	0.324349633900083	0.304	0.144	7.78729026959287e-20
Hnrnpf	4.71693987783396e-24	0.281925094108669	0.954	0.89	1.00301009562261e-19
Plcg2	5.16154056909677e-24	0.255183424189066	0.445	0.25	1.09754998661274e-19
Pirb	5.81150160243152e-24	0.261963032739196	0.759	0.483	1.23575770074104e-19
Rpl4	6.98925233700907e-24	0.304223598243039	0.981	0.946	1.48619461694161e-19
Eps8	9.62629878600954e-24	0.434624865184808	0.731	0.56	2.04693617385707e-19
Fdps	1.38589642877669e-23	0.562484323887486	0.404	0.241	2.94697016615076e-19
Srsf9	1.55457749242305e-23	0.348725551191659	0.809	0.681	3.30565357988837e-19
Tbcb	1.84911547948079e-23	0.349155807099908	0.761	0.633	3.93195915556795e-19
Snhg15	2.00200402353758e-23	0.354455484088955	0.365	0.201	4.2570613556503e-19
Ccdc12	2.02455359523529e-23	0.372351907003457	0.712	0.578	4.30501076490831e-19
Dbnl	2.10681305038657e-23	0.385098826570651	0.698	0.565	4.479927270342e-19
Ifitm1	2.3277738990773e-23	1.37942435294232	0.492	0.326	4.94977841899797e-19
Qpct	2.46267390788415e-23	0.312822162674493	0.26	0.118	5.23662979772486e-19
Edem1	2.95100243563476e-23	0.346894223295697	0.612	0.436	6.27501157913376e-19
Pin4	3.2780142162044e-23	0.34060558932593	0.69	0.519	6.97036942933703e-19
Eif2s2	3.8612161988757e-23	0.359180574037122	0.957	0.891	8.2104901252893e-19
Riok3	3.9737477906342e-23	0.348712978615144	0.761	0.62	8.44977730200455e-19
Flot1	5.65877665561876e-23	0.406465264786838	0.653	0.508	1.20328226805077e-18
Mif	6.35841226104755e-23	0.447133735602906	0.891	0.779	1.35205278318915e-18
Usp12	6.56854315736018e-23	0.359080300975196	0.534	0.357	1.39673501698107e-18
Tmem258	6.70938129057108e-23	0.332098992688824	0.894	0.805	1.42668283762703e-18
Slamf8	6.94152621838652e-23	0.28972415817095	0.421	0.24	1.47604613507771e-18
Ifi35	7.64582120480856e-23	0.393293218706656	0.618	0.447	1.62580742099049e-18
Fam98c	8.09281253791886e-23	0.26483349400384	0.38	0.212	1.72085565806307e-18
Bzw2	8.19565246761188e-23	0.361261350871454	0.508	0.339	1.74272354071299e-18
Dnajc7	1.03370888942968e-22	0.380667418886295	0.683	0.522	2.19807858248328e-18
Ptprc	1.22061945832862e-22	0.25138281380438	0.944	0.655	2.59552521618998e-18
Psmb5	1.30209491109272e-22	0.33033600856278	0.844	0.736	2.76877461894755e-18
Rab43	1.30479509141301e-22	0.340747688286528	0.362	0.197	2.77451628238061e-18
Anp32b	1.44729219361355e-22	0.309216550904947	0.904	0.783	3.07752212049985e-18
Picalm	1.48752613689856e-22	0.377637887807341	0.915	0.831	3.16307557750109e-18
Idi1	1.50788807974658e-22	0.473136225831392	0.343	0.188	3.20637321277313e-18
Gsto1	1.63412646279007e-22	0.311738126464243	0.49	0.318	3.47480651047681e-18
Lmnb1	1.672596574686e-22	0.330401128488492	0.486	0.304	3.55660935641232e-18
Ube2l3	1.73203602423871e-22	0.304965042947446	0.866	0.767	3.6830014019412e-18
Gpr183	1.84417011382421e-22	0.555145655561581	0.501	0.305	3.92144333003581e-18
Csrnp1	2.27918154552089e-22	0.341465623964122	0.583	0.382	4.84645163839563e-18
Tbca	2.28449334275125e-22	0.298672392542364	0.9	0.81	4.85774664402626e-18
Mrps15	2.86351372503671e-22	0.350614757134264	0.657	0.515	6.08897558491806e-18
Srsf7	3.46724140787447e-22	0.370505655387177	0.84	0.732	7.37274212970427e-18
Arpp19	3.72062536910802e-22	0.375184094026706	0.863	0.779	7.9115377848713e-18
Usp18	7.27293786248482e-22	0.28067950487619	0.271	0.128	1.54651750707877e-17
Lrrk1	1.03095603557004e-21	0.408681717213669	0.462	0.302	2.19222491403613e-17
Hnrnpa3	1.30578371724891e-21	0.340423341014374	0.955	0.911	2.77661849635808e-17
Cct5	1.76296194193753e-21	0.339611585074177	0.839	0.732	3.74876227333596e-17
Ddx39	2.03262028563435e-21	0.318709538305779	0.551	0.377	4.32216377537288e-17
Nrros	2.06132131931575e-21	0.305717843609744	0.716	0.482	4.38319365339301e-17
Xbp1	2.93798638892789e-21	0.352429760033764	0.853	0.78	6.24733425741626e-17
Cox7c	3.00798549576936e-21	0.278373749214791	0.993	0.976	6.39618035820397e-17
C1qbp	3.77740594386619e-21	0.374166885915023	0.664	0.525	8.03227599903707e-17
Evi2a	4.130772017968e-21	0.288829843987782	0.638	0.418	8.78367361900716e-17
Cct6a	4.2476555200133e-21	0.38146399490033	0.779	0.68	9.03221469775627e-17
Zfp593	4.69989606388559e-21	0.29916343587585	0.453	0.288	9.99385899024632e-17
Atp5d	4.9405407954549e-21	0.30009293011886	0.937	0.872	1.05055659474553e-16
Csnk2b	5.48209896565978e-21	0.351089982524048	0.783	0.666	1.1657135240579e-16
Pnp	5.53369180143022e-21	0.431448070490152	0.833	0.715	1.17668422465612e-16
Ece1	6.02168760220698e-21	0.291278400867896	0.542	0.363	1.28045165173329e-16
Atp5c1	6.17831957100061e-21	0.290924449808517	0.937	0.869	1.31375787357757e-16
Hk2	8.23313181832096e-21	0.277901928095639	0.75	0.523	1.75069314984777e-16
Rwdd1	9.73162268023486e-21	0.373591985383002	0.764	0.676	2.06933224672514e-16
Mvp	1.11642542217118e-20	0.346550481996698	0.69	0.515	2.37396701770479e-16
Psmb1	1.15074210498588e-20	0.294101212224464	0.894	0.809	2.44693801204198e-16
H2afj	2.16522274485565e-20	0.348944475168806	0.902	0.806	4.60412964466105e-16
Got1	2.23263091175963e-20	0.40374514949442	0.538	0.373	4.74746637076567e-16
Cyp7b1	2.48133251673556e-20	0.320987637946804	0.189	0.081	5.2763054635865e-16
Reep5	2.7426399305773e-20	0.369289451579326	0.907	0.852	5.83194954837957e-16
Hif1a	2.78533872121056e-20	0.364340232512926	0.885	0.737	5.92274425678213e-16
Tuba1b	2.84955454216457e-20	0.264773536120092	0.954	0.864	6.05929277845875e-16
Myadm	3.01551835622477e-20	0.309630126432303	0.653	0.484	6.41219823267636e-16
Sgk3	3.75397264654796e-20	0.321648860501796	0.542	0.364	7.98244743561958e-16
Vasp	3.78428458131321e-20	0.318099832533976	0.714	0.564	8.04690273370441e-16
Mcub	3.94517776399928e-20	0.388950711076702	0.577	0.427	8.38902599736806e-16
Ccnd2	4.53315912218536e-20	0.645353496657964	0.738	0.608	9.63930955741495e-16
Psma2	4.82882460301722e-20	0.315187199118058	0.885	0.811	1.02680126358558e-15
Dnajc2	4.8985667045596e-20	0.376186532016237	0.616	0.474	1.04163122405755e-15
Ldlr	4.94997049714315e-20	0.345065033848887	0.417	0.251	1.05256172651252e-15
Pak2	5.9372394646903e-20	0.347116403046732	0.905	0.833	1.26249459977175e-15
Apex1	7.02192899766315e-20	0.328307752106259	0.473	0.316	1.49314298206309e-15
Atp5md	7.32648811013734e-20	0.466988228568403	0.377	0.216	1.5579044317396e-15
Prcp	8.05521115498976e-20	0.296858691471262	0.605	0.437	1.71286009999702e-15
Snrpe	9.0191138293364e-20	0.262493127091264	0.926	0.833	1.91782436467009e-15
Tmem167	1.06425208942327e-19	0.289951626425584	0.831	0.69	2.26302564294964e-15
Cpox	1.3006139825821e-19	0.370237573042063	0.341	0.203	2.76562557256257e-15
Rpl35	2.44858364701975e-19	0.271370052335012	0.996	0.981	5.2066682670228e-15
Wipf1	2.51790611729427e-19	0.324303990946209	0.698	0.533	5.35407556781454e-15
Ssr4	3.04230639211576e-19	0.319200928473753	0.926	0.844	6.46916031219495e-15
Cd2ap	3.46334949516189e-19	0.320886225399087	0.835	0.706	7.36446636651225e-15
S100a10	3.49094686709344e-19	0.402590759588951	0.928	0.788	7.42314941818749e-15
Hnrnpll	3.93003853008909e-19	0.328506352931766	0.531	0.365	8.35683393038145e-15
Sdf2l1	4.40884091015066e-19	0.347352384408181	0.642	0.503	9.37495931134437e-15
Tle5	4.63178172016175e-19	0.41658426294251	0.345	0.194	9.84902064975194e-15
Nt5c	5.79356685825185e-19	0.31138969143775	0.712	0.575	1.23194405673867e-14
Atp5k	5.99716700416036e-19	0.305428557010923	0.942	0.873	1.27523759176466e-14
Dynll1	6.3059115826883e-19	0.337511694812684	0.939	0.881	1.34088903894284e-14
Hpcal1	7.69095429945752e-19	0.324903072182469	0.584	0.424	1.63540452223665e-14
Ptpn6	7.71223411931813e-19	0.292692743098346	0.733	0.519	1.63992946313181e-14
Uqcrq	8.00354146239003e-19	0.267607584768704	0.957	0.895	1.70187305656262e-14
Rpl13a	8.34463587028837e-19	0.610508669895629	0.904	0.822	1.77440337145812e-14
Ubl5	9.97041384235757e-19	0.259566478628674	0.935	0.916	2.12010879943891e-14
Avpi1	1.12567792072883e-18	0.284169304514971	0.386	0.231	2.39364153063778e-14
Fcgr2b	1.17135734753739e-18	0.307424680912004	0.846	0.605	2.49077426380351e-14
Mbtd1	1.50362048716019e-18	0.312983075712591	0.427	0.274	3.19729860389742e-14
Atp6v1g1	1.91970793945402e-18	0.254321827015363	0.918	0.862	4.08206696245503e-14
Atp5mpl	3.54068042363313e-18	0.254407375898119	0.95	0.909	7.52890285281349e-14
Med13l	3.63361302633412e-18	0.401211746807445	0.62	0.465	7.72651473919688e-14
Nhp2	4.03140319539635e-18	0.301100258186161	0.699	0.537	8.57237575469079e-14
Elob	5.06523632981301e-18	0.258159381828029	0.98	0.943	1.07707185317144e-13
G3bp1	7.04935149797822e-18	0.314505109069898	0.763	0.626	1.49897410253009e-13
Mrpl20	7.32114830233992e-18	0.293492952799823	0.768	0.666	1.55676897500956e-13
Ahcyl2	7.72124384755846e-18	0.308342681422498	0.484	0.333	1.64184529174483e-13
Lsm4	1.18919287876448e-17	0.27470925831598	0.788	0.654	2.52869973740479e-13
Psmb6	1.72114079652467e-17	0.298832594613115	0.872	0.776	3.65983378973005e-13
Rap1a	2.22028303884995e-17	0.410192209868036	0.876	0.799	4.72120985381052e-13
Mthfsl	2.25606643618139e-17	0.294876314602276	0.464	0.311	4.79729966989611e-13
Mrps18c	2.82592978281321e-17	0.301498946740343	0.686	0.558	6.00905709017401e-13
Grpel1	3.30526840279838e-17	0.268596446312899	0.694	0.551	7.02832273171047e-13
Nfkb2	3.33280119532746e-17	0.339706651982108	0.501	0.364	7.08686846174431e-13
Sumo2	3.3533301158893e-17	0.279740532724988	0.941	0.891	7.130521158427e-13
Ppa1	3.44965445090238e-17	0.286314201850883	0.527	0.384	7.33534522439881e-13
Cct8	3.84837168715902e-17	0.342148349997315	0.8	0.7	8.18317755557493e-13
Sept9	4.49075814224743e-17	0.332890844510241	0.607	0.454	9.54914811367494e-13
Ttc7	4.5044993973552e-17	0.285442317096781	0.484	0.326	9.57836751853609e-13
Nedd8	4.85168230552149e-17	0.285531426660375	0.915	0.88	1.03166172544609e-12
Eif3f	5.00647722192396e-17	0.259155986713464	0.948	0.874	1.06457731646991e-12
Tmem160	5.13095674018434e-17	0.293292754998601	0.79	0.703	1.0910466412328e-12
Nfu1	5.25895335210295e-17	0.312544096650686	0.594	0.459	1.11826384079117e-12
Ppp1r11	6.37930579898343e-17	0.334393055095718	0.709	0.596	1.35649558509584e-12
Irf2	6.96694807571878e-17	0.276572645256824	0.879	0.771	1.48145183882084e-12
Mpc1	7.07919026297922e-17	0.362363540368408	0.776	0.656	1.5053190175199e-12
Gtpbp4	8.28851817250551e-17	0.37672443287975	0.579	0.436	1.76247050420157e-12
Gnb2	8.66599497667864e-17	0.273561030471457	0.948	0.917	1.84273717184095e-12
Atp5o	9.20943825183217e-17	0.349189410581804	0.343	0.199	1.95829494986959e-12
Psmb4	1.10640265801143e-16	0.261355994817699	0.876	0.786	2.3526546119955e-12
Sell	1.12277015243389e-16	0.352639163503131	0.356	0.207	2.38745845213541e-12
Pgk1	1.1943524016974e-16	0.353003636903327	0.827	0.705	2.53967094696936e-12
Plac8	1.60169415745944e-16	0.281524163104407	0.755	0.591	3.40584245642175e-12
Mtpn	1.61320876243211e-16	0.279210953204508	0.788	0.679	3.43032711243565e-12
Btg1	1.79761254889693e-16	0.398493687259188	0.933	0.875	3.82244332397443e-12
Pno1	3.69218921184986e-16	0.255621579252993	0.434	0.289	7.85107114007754e-12
Cdc42se1	4.01232060291125e-16	0.273748588044005	0.699	0.548	8.53179853003048e-12
Eif6	4.26495221790283e-16	0.282751952560611	0.729	0.61	9.06899439614857e-12
Micos13	4.31255533917139e-16	0.320682641983523	0.289	0.16	9.17021767321404e-12
Trib1	5.08545061875269e-16	0.278307241964827	0.607	0.443	1.08137021957157e-11
Pgls	6.08979343747947e-16	0.285020086115415	0.82	0.71	1.29493367654564e-11
Diaph1	6.31648184477173e-16	0.292839807828271	0.772	0.666	1.34313669947226e-11
Uqcrfs1	7.41369870797597e-16	0.285653579391816	0.764	0.667	1.57644889326401e-11
Ndufb7	8.39849139778264e-16	0.283152564759235	0.917	0.85	1.7858552108245e-11
Nol7	8.43891600816489e-16	0.271550066140965	0.842	0.76	1.79445109997618e-11
Srp9	8.47995327392501e-16	0.260837831706612	0.879	0.799	1.80317726416742e-11
Asgr2	9.42343184039833e-16	0.284190537544536	0.121	0.045	2.0037985465423e-11
Supt4a	9.91720457079145e-16	0.317127725891743	0.742	0.625	2.1087943799331e-11
Hnrnpa1	1.00591807727155e-15	0.276910519784966	0.868	0.771	2.13898419951023e-11
Sdad1	1.10417808868825e-15	0.270794373099777	0.434	0.292	2.3479242877867e-11
Sh3bgrl	1.30670481676906e-15	0.31380087858971	0.879	0.794	2.77857712237774e-11
Sec11c	1.43975385889436e-15	0.259570021829838	0.761	0.666	3.06149260555296e-11
Tnfsf9	1.62448263867617e-15	0.526343346375531	0.237	0.125	3.45429988288101e-11
Mrpl54	1.98622483458887e-15	0.266744100897342	0.772	0.641	4.22350848826977e-11
Ywhaz	2.31472119516658e-15	0.259968854755543	0.946	0.898	4.92202314940222e-11
Prpf31	2.83751316797872e-15	0.258509951290314	0.46	0.319	6.03368800038995e-11
Higd1a	3.49256403776462e-15	0.264984364584684	0.766	0.629	7.42658816990269e-11
Tap1	5.65798411738866e-15	0.289668521468551	0.614	0.468	1.20311374272152e-10
Pde4b	6.76807366710611e-15	0.310836703840117	0.616	0.464	1.43916318457344e-10
Eif3c	7.22092311420656e-15	0.27716453031406	0.913	0.853	1.53545709100488e-10
Ndufb6	7.45869355273525e-15	0.27196148037139	0.751	0.648	1.58601659705362e-10
Clic1	7.62549305385637e-15	0.262707826466991	0.967	0.945	1.62148484297202e-10
Atp5g2	7.90972898183538e-15	0.445707741184267	0.469	0.329	1.68192477069748e-10
Psma1	8.07722473143312e-15	0.284316918558519	0.774	0.681	1.71754106689194e-10
Rbis	1.08080820242278e-14	0.295508323105935	0.258	0.142	2.2982305616318e-10
Rab8a	1.15416213899848e-14	0.27280260946606	0.681	0.568	2.45421037236636e-10
Socs2	1.29841895444107e-14	0.463444995151921	0.486	0.354	2.76095806472349e-10
Ndufab1	1.32189127978836e-14	0.261322984029587	0.776	0.677	2.81086961734196e-10
Wdr1	1.65062177349075e-14	0.291450046039825	0.787	0.691	3.50988213915073e-10
Gpsm3	2.24553781885199e-14	0.286120429334415	0.711	0.586	4.77491161800686e-10
Snrpd2	2.91302403056168e-14	0.257245444405442	0.848	0.745	6.19425429858635e-10
Fosl2	5.25957020007557e-14	0.270250276679175	0.746	0.623	1.11839500734407e-09
Myl12b	5.29342143445206e-14	0.253151757935039	0.859	0.804	1.12559313382189e-09
Cd47	7.98919329156988e-14	0.262918932991633	0.946	0.91	1.69882206151942e-09
Lsm7	1.15830102893905e-13	0.311563026028244	0.618	0.519	2.46301130793601e-09
Sf3b6	1.68367471704809e-13	0.250066393771471	0.822	0.751	3.58016591833107e-09
Prelid2	2.02236882204179e-13	0.258341731953738	0.302	0.187	4.30036506318967e-09
Dctn3	2.08233092072825e-13	0.254619752423795	0.746	0.645	4.42786846983655e-09
Clec4b1	2.87174647814411e-13	0.315843760436702	0.21	0.111	6.10648171112563e-09
Manf	3.80708452238296e-13	0.273248145398549	0.807	0.753	8.09538452839513e-09
U2af1	3.83251597910751e-13	0.261994778506376	0.729	0.618	8.14946197797422e-09
Magoh	4.41330672359326e-13	0.261506043038865	0.633	0.514	9.38445541704871e-09
Laptm5	5.4621417656596e-13	0.263780659128218	0.978	0.691	1.16146982504986e-08
Hmgcr	5.88315152624031e-13	0.256751299440153	0.43	0.293	1.25099334053974e-08
Gm8995	7.39225637053096e-13	0.343011588474275	0.523	0.372	1.5718893946297e-08
Micos10	7.8304823309007e-13	0.314531696609372	0.321	0.197	1.66507376284272e-08
Egr2	8.50248736219325e-13	0.284556126945039	0.425	0.287	1.80796891269677e-08
Tmem256	8.6140824659997e-13	0.257699383014945	0.909	0.828	1.83169849557018e-08
Rab8b	1.11696147291693e-12	0.288844827742981	0.814	0.694	2.37510687601057e-08
Psmb10	1.18089523569996e-12	0.261266215403986	0.863	0.757	2.5110556291924e-08
Mrpl57	1.62235264935752e-12	0.256411114217161	0.67	0.56	3.44977067359384e-08
Plet1	1.74925577756537e-12	0.846815392881484	0.189	0.104	3.71961748541499e-08
Mbd2	2.01376376734541e-12	0.277814316173721	0.807	0.7	4.28206727488329e-08
Larp1	2.99360461853708e-12	0.285493359024156	0.686	0.566	6.36560086085726e-08
Mrps14	5.34608863706183e-12	0.257732964940633	0.733	0.659	1.13679228778483e-07
Sla	6.01166213360915e-12	0.288526113603655	0.464	0.329	1.27831983609065e-07
Nme1	1.06397839955572e-11	0.250900781473644	0.826	0.758	2.26244366881528e-07
Fnbp1	1.48719370435637e-11	0.295246787112198	0.677	0.562	3.16236869294339e-07
Hipk1	2.79398438414634e-11	0.250971610905576	0.597	0.486	5.94112839444877e-07
Rps13-ps1	4.91067958356072e-11	0.369294364267209	0.545	0.436	1.04420690664835e-06
Samsn1	6.49822353343791e-11	0.609004693345805	0.494	0.364	1.38178225215024e-06
Rps15a-ps8	1.21744457160147e-10	0.286894578064079	0.408	0.293	2.58877413705337e-06
Hnrnpc	4.46626790555696e-10	0.263062690403542	0.766	0.707	9.49707207437632e-06
Dnaja1	6.21680709049361e-10	0.352814547965042	0.904	0.839	1.32194185972256e-05
Serpina3g	7.96998087476772e-10	0.340215309619682	0.327	0.221	1.69473673321061e-05
Nr4a2	1.73205184119063e-09	0.276992748687736	0.325	0.22	3.68303503510776e-05
Polr2l	1.90939880613771e-09	0.293502699353295	0.625	0.534	4.06014562137123e-05
Cxcl9	1.9097551719897e-09	0.292626013030415	0.182	0.101	4.0609033977189e-05
Relb	3.87715966445057e-09	0.504539658863293	0.403	0.319	8.24439231048768e-05
Rnf19b	6.14440350398934e-09	0.251914064142891	0.571	0.456	0.000130654596108829
Knop1	6.26453277804057e-09	0.268793002933071	0.499	0.412	0.000133209024992255
Slk	6.49320314337117e-09	0.269767723374423	0.675	0.578	0.000138071471640645
1810037I17Rik	1.67095768099866e-08	0.250184386754862	0.892	0.836	0.000355312441287555
Ddt	2.66602633578673e-08	0.513043124878925	0.534	0.465	0.00056690384004169
mt-Co3	4.95077937025938e-08	0.55098364075269	0.514	0.421	0.00105273372529196
Clec4n	1.41803560445665e-07	0.26341312016337	0.429	0.319	0.00301531090931663
Clic4	6.82786749339729e-07	0.30488004517644	0.748	0.653	0.01451877743796
Isg15	1.59906884607118e-06	0.271367285810498	0.54	0.45	0.0340025999428576
