id	p_val	avg_log2FC	pct.1	pct.2	p_val_adj
Slamf9	0	1.2633363003046	0.688	0.175	0
Cd72	0	1.27166326939506	0.651	0.177	0
C1qb	0	1.89063929073879	0.973	0.516	0
C1qc	0	1.80470500606955	0.975	0.481	0
C1qa	0	1.9598298914173	0.967	0.475	0
Lilra5	0	1.04304441454782	0.534	0.109	0
Apoe	0	1.92177122842491	0.981	0.758	0
Ctsc	0	1.28797482333026	0.999	0.708	0
Cx3cr1	0	1.79347981494683	0.847	0.251	0
Cd300c2	0	1.443631540975	0.836	0.289	0
Ly86	0	1.2407320293204	0.984	0.547	0
H2-DMb1	0	1.25982564541843	0.944	0.46	0
H2-Ab1	0	2.04587984421028	0.994	0.633	0
H2-Aa	0	2.09018602348055	0.996	0.655	0
H2-Eb1	0	2.36667943092112	0.991	0.64	0
Cd74	0	2.01507827182738	0.999	0.803	0
Ms4a7	2.99399396288561e-307	1.50542637842586	0.775	0.273	6.36642876267996e-303
Lair1	2.48630824112018e-298	1.11382337262359	0.878	0.401	5.28688584391795e-294
Unc93b1	3.18878734412743e-291	1.11459862901738	0.97	0.638	6.78063740855258e-287
Csf1r	1.04843430971441e-286	1.12205043181168	0.993	0.613	2.22939071617671e-282
Cxcl16	3.02961682842851e-286	1.28161038579237	0.924	0.556	6.44217722397038e-282
Cybb	3.8083303778108e-283	1.09735910042216	0.961	0.498	8.09803371537689e-279
Fyb	5.60402105586047e-281	1.18828788880325	0.951	0.561	1.19163903731817e-276
Ctsh	1.60677295656767e-275	1.06605890890992	0.98	0.698	3.4166420148455e-271
C3ar1	2.57300455649535e-270	1.12555096133947	0.9	0.421	5.47123688893172e-266
Aif1	2.3331447544675e-263	1.14289216127547	0.98	0.548	4.96119900589969e-259
H2-DMa	4.3093766541102e-260	1.02564463909479	0.965	0.562	9.16345851729993e-256
Clec4a2	3.10923743277086e-258	0.99611896933365	0.826	0.36	6.61148247704397e-254
Gpr65	1.74534201313919e-256	1.29053589429488	0.85	0.421	3.71129525673917e-252
Adgre1	7.45299519875429e-255	1.11105763226699	0.813	0.358	1.58480489906311e-250
Pld4	1.78939011289596e-244	0.957960828358378	0.91	0.47	3.80495913606197e-240
Mpeg1	1.8728597163916e-236	1.040191815095	0.931	0.508	3.9824489009351e-232
Pou2f2	1.38577817537624e-231	1.11727573638443	0.745	0.314	2.94671871212004e-227
Cd83	5.5901193210732e-230	1.78918756503812	0.755	0.354	1.18868297243301e-225
Lst1	3.2101483042488e-228	1.04332819183237	0.942	0.526	6.82605935415464e-224
Rgs10	1.84484807587525e-226	0.735579983561346	0.904	0.585	3.92288494854113e-222
Mgl2	9.34345160750202e-223	1.21899919239596	0.847	0.394	1.98679154981923e-218
Bcl2a1b	4.2629901148155e-219	1.18554068521032	0.891	0.469	9.06482218014368e-215
Cd14	1.45038813752679e-218	1.54051780941865	0.913	0.573	3.08410533563696e-214
Lyz2	8.95617999537468e-215	1.00560734426542	0.99	0.654	1.90444211421647e-210
Itm2b	1.63545288526533e-213	0.898255183713484	0.999	0.984	3.4776270152282e-209
Selenop	6.14977235731445e-211	1.14432366634113	0.964	0.778	1.30768759405935e-206
Cst3	2.30133386628057e-207	0.758737403323662	1	0.97	4.893556333259e-203
Fcrls	2.50798149356894e-202	0.907321582685016	0.625	0.208	5.332971847925e-198
Marcks	2.38305198708642e-200	0.936002245610107	0.993	0.762	5.06732174534055e-196
Lpcat2	2.34252693772251e-199	0.809945244318076	0.61	0.237	4.98114928037314e-195
Fcer1g	1.29909068333451e-197	0.929674405276139	1	0.667	2.7623864290425e-193
Ctss	2.04675402400862e-196	1.03038319527793	0.998	0.638	4.35221775665192e-192
C5ar1	3.52557264329664e-196	1.00721161547188	0.826	0.397	7.49677766870598e-192
Hpgds	1.23051000579266e-194	0.781411777313761	0.543	0.172	2.61655647631752e-190
Ftl1	5.04465675145979e-194	0.776702702727316	1	0.996	1.07269581163041e-189
Tmsb4x	2.26810224281037e-193	0.604393057038624	1	0.998	4.82289260911197e-189
Hexb	7.27505229113364e-191	1.0495050450008	0.813	0.516	1.54696711918666e-186
Clec4b1	9.81373317076954e-190	0.750433026100278	0.368	0.087	2.08679222143243e-185
Slco2b1	1.11120523889029e-182	0.785985860370711	0.514	0.164	2.36286681997631e-178
Mef2c	4.88390353190132e-182	1.17604529978354	0.819	0.519	1.0385132470235e-177
Pf4	6.76999272036946e-182	0.868259091097662	0.796	0.36	1.43957125205936e-177
Ccrl2	1.11488651547241e-178	1.28634326291881	0.726	0.375	2.37069468650053e-174
Clec12a	2.58019561821176e-178	0.898719213153352	0.572	0.219	5.48652796256549e-174
Rps29	3.75898467106743e-177	0.547942731127987	1	0.999	7.99310500455779e-173
P2ry6	5.87805349406284e-177	0.780338180543272	0.782	0.391	1.24990929497752e-172
Slc15a3	3.58743537543107e-176	0.946890413517628	0.894	0.52	7.62832258231662e-172
Ccl12	4.86541697663052e-174	1.52934969318989	0.708	0.328	1.03458226591071e-169
Stab1	2.67394197910886e-173	0.721570547403555	0.72	0.297	5.68587022437707e-169
Tm6sf1	3.84945887011205e-171	0.822178723283087	0.788	0.434	8.18548934140627e-167
Ighm	1.30123802962563e-169	0.558536989737078	0.687	0.319	2.76695254619594e-165
Evi2a	9.3116938413941e-168	0.805061781223562	0.753	0.392	1.98003857843404e-163
Lrrc25	5.63479994899295e-167	0.756616781326749	0.784	0.412	1.19818386115386e-162
Gpr34	9.74603125039002e-167	0.724720387471318	0.486	0.156	2.07239608508293e-162
Clec4a3	5.05585949790329e-164	0.751087307889857	0.852	0.446	1.07507796363416e-159
Plbd1	3.10405059698657e-163	0.692862789220822	0.888	0.475	6.60045318943223e-159
Tyrobp	3.89379421127637e-163	0.757053756764006	0.999	0.659	8.27976401085807e-159
Lpar6	1.70548573712713e-161	0.905656016570813	0.665	0.326	3.62654487142712e-157
Apobec1	6.25497141468e-161	0.734016044470445	0.652	0.311	1.33005712161756e-156
Arrb2	6.8722448769864e-161	0.745337154167892	0.784	0.454	1.46131415064239e-156
Stap1	5.32045487710555e-160	0.95653582282881	0.493	0.179	1.13134152506772e-155
Lacc1	6.97955781501947e-159	0.809172331254734	0.674	0.343	1.48413317378574e-154
Neurl3	2.18254472889291e-158	0.878682146015707	0.736	0.385	4.64096311151789e-154
Lgmn	1.52819530619618e-155	0.677495329552067	0.974	0.708	3.24955449909555e-151
Cyth4	1.98482038687441e-151	0.723461295186732	0.913	0.57	4.22052207064973e-147
Cd86	8.43870617830958e-151	0.780782510628577	0.674	0.322	1.79440648175575e-146
Itgb5	4.18324326746681e-150	0.732069869753842	0.692	0.354	8.89524848394142e-146
Trf	1.15474377233715e-149	0.851661954082446	0.925	0.631	2.45544715749772e-145
Gatm	2.11083511009774e-149	0.706552749307625	0.942	0.588	4.48847977811184e-145
Clec4a1	1.29765219135066e-148	0.795447816455808	0.768	0.402	2.75932761968804e-144
Ntpcr	5.11418764725609e-147	0.736775671679653	0.616	0.312	1.08748086131253e-142
Ier5	1.0020449832009e-145	1.15572213829949	0.859	0.653	2.1307484522784e-141
Ccl3	1.41304685659564e-145	1.72173175916599	0.505	0.199	3.00470283586497e-141
Atf3	1.71519254440385e-145	1.5321939290698	0.838	0.587	3.64718542642035e-141
Klra2	5.6852381577719e-144	0.553251780086117	0.397	0.125	1.20890904186862e-139
Hck	1.25832739162239e-143	0.657384521748564	0.677	0.335	2.67570736554585e-139
Siglece	2.26617386654231e-142	0.607338173825584	0.47	0.17	4.81879210981556e-138
Btg2	1.27525187554115e-140	1.03666379067175	0.959	0.868	2.7116955881507e-136
Marcksl1	1.24083787251453e-139	1.25020882743698	0.739	0.452	2.63851765211489e-135
Blnk	3.23888454936482e-139	0.559779430643282	0.424	0.142	6.88716410576936e-135
Pid1	1.56698942347062e-138	0.666732657278457	0.755	0.408	3.33204631006793e-134
Fcgr1	5.13921435960938e-138	0.662348548925622	0.776	0.413	1.09280254142734e-133
Kctd12	2.30610134250706e-137	0.948359421927028	0.919	0.685	4.90369389470702e-133
Ms4a6c	1.84029036363978e-136	0.64299619101165	0.948	0.543	3.91319342924363e-132
Ifi207	7.92388511018421e-135	0.802678295687215	0.801	0.459	1.68493492982957e-130
Rassf4	2.1677818828964e-134	0.723137493966637	0.743	0.424	4.6095713957909e-130
Spi1	2.32419456285667e-130	0.643132932371944	0.941	0.564	4.94216731845843e-126
Zfp36	1.49034864335252e-129	1.025681153667	0.943	0.79	3.1690773552248e-125
Mcl1	2.21255479855676e-129	0.769175865383008	0.986	0.904	4.70477652365109e-125
Aoah	2.29310970329981e-129	0.613247997388828	0.475	0.187	4.87606847309672e-125
Cd68	1.54117520182517e-127	0.650258793860203	0.898	0.559	3.27715494916104e-123
Nfkbiz	4.72496021044871e-126	1.2575934420933	0.766	0.538	1.00471553914981e-121
Ptpn18	1.01957567322161e-125	0.637572381533107	0.961	0.65	2.16802571153843e-121
Laptm5	1.54325299491303e-124	0.643605223359809	0.995	0.672	3.28157316838306e-120
H2-Ea-ps	4.89865350003125e-124	2.64435691596052	0.564	0.326	1.04164968024664e-119
Hexa	2.6654114883532e-123	0.65949227883708	0.843	0.646	5.66773098883424e-119
Adap2	5.90667973641373e-123	0.598859297273734	0.627	0.311	1.25599637915102e-118
Pla2g7	1.04314830972502e-121	0.633553253330871	0.765	0.433	2.21815056579928e-117
Fgd2	1.47394036426081e-121	0.570900317423492	0.539	0.245	3.13418679056419e-117
Cd93	3.72395144853687e-121	0.666638683570512	0.579	0.26	7.9186103601688e-117
Ctsb	4.11690303054854e-119	0.555400970907385	0.999	0.947	8.75418260415841e-115
Runx1	6.52886676082683e-119	0.791392200889333	0.803	0.531	1.38829822802222e-114
Ctsa	7.02294622708399e-118	0.603224647736936	0.915	0.728	1.49335928572714e-113
Cd33	4.23573348874778e-117	0.628722839533601	0.535	0.237	9.00686369047328e-113
Dleu2	5.64548924018243e-117	0.661839227567147	0.793	0.527	1.20045683203239e-112
Mmp13	9.34949950183422e-116	0.769779902817374	0.231	0.052	1.98807757407003e-111
Axl	1.25415442966105e-115	0.613335474813277	0.639	0.344	2.66683397923126e-111
Pilra	3.00264167280507e-115	0.548779648281947	0.515	0.225	6.38481725305269e-111
Ms4a6b	4.69822066171424e-115	0.592792114371536	0.796	0.45	9.99029641506916e-111
Ccl4	5.27294740204859e-115	1.66040485239251	0.662	0.377	1.12123953557161e-110
Pik3ap1	1.56463093129344e-114	0.624193219629698	0.607	0.308	3.32703121230236e-110
Ciita	5.95514691005687e-114	0.597912240657041	0.615	0.302	1.26630243895449e-109
Ppfia4	3.15532937159525e-112	0.489334524106215	0.4	0.15	6.70949237576015e-108
Fos	4.71390560869662e-111	0.81445988321868	0.954	0.825	1.00236488863325e-106
Dnase1l3	1.51386369745045e-110	0.51086883975787	0.319	0.098	3.21907976625864e-106
Tgfbr1	7.00543202893131e-109	0.790310239590596	0.538	0.287	1.48963506663195e-104
Sirpa	2.6352528521996e-105	0.569941394784026	0.831	0.573	5.60360166491723e-101
Ckb	1.938664203016e-104	0.493360115877908	0.794	0.513	4.12237556129323e-100
Gpr183	2.62619813661968e-104	0.648376810851833	0.585	0.283	5.58434771770808e-100
Skil	3.26501986820067e-103	0.843814468029038	0.773	0.562	6.9427382477419e-99
Rgs1	4.35368441630443e-103	1.20781011326488	0.576	0.292	9.25767454282974e-99
Lmo2	1.7322042950819e-102	0.557110299299691	0.63	0.348	3.68335921306215e-98
Vsir	3.06378639288547e-102	0.57484096485376	0.781	0.539	6.51483538583166e-98
Mafb	7.4112517855305e-102	0.594425754724731	0.903	0.543	1.57592857967521e-97
E230029C05Rik	7.58442449076251e-102	0.713456805427166	0.523	0.255	1.61275202371574e-97
Cd79b	5.64138480937544e-101	0.325403979300459	0.265	0.074	1.19958406586559e-96
Asah1	8.80844218512618e-101	0.578098125224193	0.843	0.659	1.87302714624523e-96
Man2b1	4.35135584910764e-100	0.589099144675766	0.824	0.649	9.25272307754249e-96
Irf8	5.98061003184134e-100	0.413494240296712	0.849	0.543	1.27171691717074e-95
Abhd12	5.92144752206239e-97	0.586562850875745	0.66	0.409	1.25913660109135e-92
Klf6	8.05365617397311e-97	0.984959022251355	0.909	0.794	1.71252944883364e-92
Ccnd1	3.15990269816035e-96	0.731495270648111	0.517	0.256	6.71921709736816e-92
Lyn	3.24728069534663e-96	0.577327116741466	0.901	0.618	6.90501767058508e-92
Lcp1	3.40584282903725e-96	0.587175413475862	0.973	0.662	7.24218419166481e-92
Gngt2	3.80512302938866e-96	0.554396645746763	0.616	0.34	8.09121360969205e-92
Ptger4	2.38652391999863e-95	0.731728522654328	0.485	0.242	5.07470446348509e-91
Fcgr4	3.86230764288131e-95	0.539421690518957	0.663	0.36	8.21281097182282e-91
Tlr7	1.41401402794959e-94	0.439656219164027	0.361	0.134	3.00675942903201e-90
Erp29	2.01840602151688e-94	0.4996667666116	0.933	0.82	4.2919385641535e-90
Lyl1	7.48319180381893e-94	0.489500161638066	0.407	0.169	1.59122590516406e-89
Tmem176b	1.69763203658763e-93	0.453470415183241	0.927	0.703	3.60984476259994e-89
Pltp	4.80762378384698e-93	0.554666505619257	0.738	0.469	1.02229312139722e-88
Cd300ld	7.85252573266618e-93	0.587133626525709	0.479	0.223	1.66976107179414e-88
H3f3b	3.09126042624313e-92	0.701464086140843	1	0.995	6.5732561703634e-88
Rtn4	6.8522639359601e-92	0.626126324627398	0.918	0.817	1.45706540334255e-87
Il10ra	1.52764865688372e-91	0.566210905426629	0.628	0.358	3.24839210399754e-87
Igsf6	1.54509060132585e-91	0.495398128833116	0.557	0.285	3.28548065465929e-87
Rcbtb2	4.04139331964178e-90	0.633619476914177	0.551	0.32	8.59361875488627e-86
Cd36	5.37967548402353e-90	0.434622587153995	0.518	0.241	1.14393419492276e-85
Il1b	5.54031992521146e-90	1.02524415339349	0.761	0.505	1.17809362889696e-85
Abca9	5.91005087785909e-90	0.544777329168055	0.485	0.236	1.25671321866796e-85
Fcgr3	2.18216760172103e-89	0.489084926003216	0.959	0.589	4.64016118829961e-85
Grn	6.97741195593968e-89	0.47214858113542	0.944	0.812	1.48367687831101e-84
Rgs2	9.00538620226753e-87	0.632509458458398	0.707	0.427	1.91490532205017e-82
Gdpd3	9.07892612109204e-87	0.708890049492095	0.59	0.336	1.93054285038901e-82
Pip4k2a	9.75950273030748e-87	0.52744514708165	0.694	0.445	2.07526066057258e-82
Blvrb	2.68925930370869e-86	0.532954546499905	0.764	0.54	5.71844098340616e-82
Ebi3	3.24113042809991e-86	0.480108387533978	0.338	0.13	6.89193974231166e-82
Junb	5.80425358606669e-86	0.657947149581661	0.977	0.919	1.23421648254122e-81
Ncf1	1.15487734627073e-85	0.483871992199648	0.667	0.384	2.45573118911008e-81
Tmem176a	2.82338554912087e-85	0.473609932346859	0.905	0.652	6.00364703165063e-81
Cxcl2	5.85967321867907e-85	1.37311677506936	0.63	0.383	1.24600091321992e-80
Atp6v0b	1.29850034908484e-84	0.453210733099441	0.954	0.884	2.76113114229399e-80
Dok3	1.43260619952055e-84	0.403539475029126	0.401	0.175	3.04629382266049e-80
Otulinl	2.14767730792792e-83	0.482451966514151	0.611	0.354	4.56682102757793e-79
Tnfaip8l2	1.84593561397601e-82	0.516955264091634	0.625	0.372	3.92519748955859e-78
Zfhx3	2.29526098950141e-82	0.523188595038981	0.729	0.487	4.8806429680758e-78
Tbxas1	1.14721571756383e-81	0.466634880820741	0.667	0.389	2.43943950182773e-77
Psap	3.31161037683982e-81	0.44974976753636	0.999	0.955	7.04180830531219e-77
Nckap1l	3.79649255791633e-81	0.485458763660354	0.686	0.422	8.07286177515328e-77
Camk1d	8.10124405070409e-81	0.515240066212531	0.55	0.307	1.72264853494172e-76
Clec7a	1.74854911739105e-80	0.392035130119093	0.619	0.309	3.71811484322033e-76
Ncf2	6.64460904613209e-80	0.487262599608698	0.769	0.476	1.41290966756953e-75
Tifab	2.65381309367883e-79	0.452193027893825	0.493	0.257	5.64306816239867e-75
Tlr2	3.10290340271273e-79	0.516132836985875	0.507	0.267	6.59801379552834e-75
Gadd45b	5.33054594287569e-79	1.07840447413198	0.696	0.518	1.13348728929309e-74
Egr1	9.11365711661375e-79	1.0002289053938	0.764	0.619	1.93792804927675e-74
Ucp2	9.79521654631546e-79	0.45865933606157	0.97	0.865	2.08285484640852e-74
Pdgfb	2.2459644232278e-78	0.621206881965637	0.438	0.206	4.77581874955159e-74
Snx5	2.56105644100309e-78	0.455611091441631	0.889	0.731	5.44583041614898e-74
Clec2d	5.04653992088379e-78	0.639192633876125	0.833	0.672	1.07309624877673e-73
Zeb2os	2.22270374932075e-77	0.497958159782677	0.494	0.264	4.72635725255564e-73
Fau	2.31909066189576e-77	0.376684810694914	1	0.997	4.93131438345514e-73
Npc2	2.38569819437265e-77	0.442663836968062	0.988	0.924	5.07294864051401e-73
Ptpro	5.94840127818945e-77	0.411493675234341	0.377	0.164	1.2648680477942e-72
Slc11a1	6.3533555107135e-77	0.482311164995588	0.565	0.32	1.35097751579812e-72
Bank1	1.88566214679018e-76	0.525158791870861	0.367	0.162	4.00967198893465e-72
Ccdc152	2.30234793580262e-76	0.609770708770621	0.373	0.165	4.8957126506907e-72
Adap2os	3.05794581817318e-76	0.40538647044192	0.442	0.213	6.50241598776345e-72
Tmem86a	3.86900352504618e-76	0.480988910928361	0.454	0.229	8.2270490956582e-72
Alox5ap	1.84024485242647e-75	0.384864196787397	0.872	0.544	3.91309665419966e-71
Dusp1	5.61456371294977e-75	0.757161484826896	0.886	0.759	1.19388082792164e-70
Dock8	8.71324742646388e-75	0.498829837510573	0.589	0.355	1.85278493276328e-70
Limd2	1.32059385033116e-74	0.478860532454288	0.645	0.405	2.80811076334419e-70
Pirb	3.25285727930958e-74	0.448256279528293	0.755	0.467	6.91687571872389e-70
Lat2	9.21517538208061e-74	0.458178958007668	0.519	0.285	1.95951489324562e-69
Sat1	1.5211713587102e-73	0.592181024326756	0.938	0.846	3.23461877716136e-69
Cd52	1.6804430123983e-73	0.455698138225753	0.996	0.668	3.57329402156375e-69
Atp2b1	3.05880479596403e-73	0.457426844257809	0.918	0.815	6.50424251813791e-69
Gm34084	5.99594285436213e-73	0.385838586020068	0.275	0.102	1.27497728855156e-68
Sdc3	1.84702359631261e-72	0.46233557434766	0.72	0.462	3.92751097519914e-68
Tnf	2.60666775753459e-72	0.675257259435169	0.329	0.137	5.54281831962154e-68
Efhd2	3.63050310767494e-72	0.459194178373602	0.902	0.727	7.71990180815999e-68
Ptpn6	3.50483231515896e-71	0.46639658502788	0.756	0.503	7.45267543495402e-67
Arhgap30	6.1120663497556e-71	0.477259287065375	0.775	0.509	1.29966978861203e-66
Cd81	1.85665104239806e-70	0.617365852530303	0.839	0.61	3.94798277655524e-66
Ppp1r15a	2.30044136528407e-70	0.924751934088415	0.694	0.531	4.89165851914004e-66
Ctsz	1.20405313470392e-69	0.411985911736264	0.982	0.896	2.56029858563441e-65
Zeb2	3.50694345125853e-69	0.438189065197841	0.963	0.676	7.45716455475613e-65
Tpd52	6.09527708009058e-69	0.402414601556998	0.821	0.636	1.29609971831046e-64
Ophn1	1.45714900901899e-68	0.426192521709785	0.403	0.199	3.09848165277799e-64
Milr1	3.93834097008248e-68	0.44672824072412	0.489	0.266	8.37448823878338e-64
Ptafr	4.80286665571057e-68	0.496678610631683	0.614	0.364	1.0212815656703e-63
Trem2	1.23803149801343e-67	0.566867928780552	0.624	0.404	2.63255017737576e-63
Cd180	1.59050858744409e-67	0.385000897684875	0.324	0.139	3.38205746034112e-63
Bcl2a1a	1.8302498115431e-67	0.510296827753425	0.453	0.231	3.89184319926524e-63
Rnf130	1.84340812248945e-67	0.44756112618297	0.806	0.664	3.91982303166158e-63
Pea15a	7.73871678315962e-67	0.512805967113432	0.658	0.456	1.64556073677106e-62
Vmp1	7.99335386495744e-67	0.509452719742103	0.871	0.741	1.69970676584455e-62
Hpgd	2.91969471585946e-66	0.41705357480005	0.531	0.281	6.20843884380355e-62
Picalm	2.41202877923445e-65	0.433535130403083	0.937	0.824	5.12893799616414e-61
Cttnbp2nl	3.09294200489498e-65	0.470574406968713	0.536	0.328	6.5768318792087e-61
P2rx4	6.56280406370601e-65	0.496006045223872	0.677	0.477	1.39551465610645e-60
Zfand5	9.05393905635807e-65	0.789084672524238	0.847	0.775	1.92522960094398e-60
Gmfg	9.71858835048964e-65	0.406135856059193	0.84	0.571	2.06656062684812e-60
Ier2	2.24527832976542e-64	1.05186025691359	0.823	0.738	4.77435984041319e-60
Itga9	3.24142107158416e-64	0.426521047259675	0.369	0.175	6.89255776661656e-60
Tanc2	4.94385354459626e-64	0.465397042382119	0.382	0.186	1.05126101772295e-59
Ptpre	1.12025814508708e-63	0.423527623785016	0.757	0.521	2.38211691971316e-59
Gm45223	1.66796567641809e-62	0.538599024221198	0.47	0.257	3.54676221433544e-58
Ccnl1	1.70441025524562e-62	0.564559560469847	0.821	0.714	3.62425796675429e-58
Plekho1	1.73622758241861e-62	0.412800688042158	0.804	0.558	3.69191433125493e-58
Etv3	3.73343830539264e-62	0.732252463193763	0.604	0.411	7.9387832125869e-58
Serinc3	2.09571889497415e-61	0.603078992162344	0.858	0.765	4.45633665827304e-57
Ptprj	1.39381854746656e-60	0.45127865247609	0.638	0.444	2.96381575933288e-56
Gas7	2.36583030363695e-60	0.409056187532026	0.687	0.468	5.03070155765361e-56
Nxpe5	2.9605213957258e-60	0.367767766000418	0.438	0.226	6.29525269587134e-56
Ccl2	6.23680906644913e-60	0.827003289004555	0.665	0.445	1.32619507988974e-55
Creb5	1.31809309485698e-59	0.455477483347945	0.496	0.289	2.80279315690389e-55
Prkcb	1.57347096444606e-59	0.387928239160444	0.468	0.261	3.34582865879811e-55
Maf	1.58505970461875e-59	0.400653524681733	0.901	0.68	3.3704709559013e-55
Itgam	1.63922793997676e-59	0.391458329110675	0.686	0.423	3.48565429156657e-55
Actr3	2.14738972090175e-59	0.388128987616233	0.963	0.86	4.56620950252549e-55
Gng2	2.71244451005694e-59	0.421840848567309	0.646	0.43	5.76774200618507e-55
Epsti1	5.61298121159987e-59	0.350415940379496	0.681	0.447	1.1935443248346e-54
Ehd4	7.48578553026289e-59	0.368661477471173	0.825	0.646	1.5917774351551e-54
Slc29a3	2.41360418299123e-58	0.410095780769917	0.528	0.327	5.13228793471254e-54
Rasgef1b	2.852263786035e-58	0.492639387865349	0.286	0.123	6.06505371462483e-54
Ubc	3.11093980714629e-58	0.676236432871277	0.972	0.95	6.61510240591586e-54
Rab7b	5.01162216138851e-58	0.515681010764611	0.47	0.288	1.06567133639765e-53
Hcls1	7.70848413703592e-58	0.399279696411134	0.803	0.554	1.63913206689932e-53
Gm26522	8.17023921323959e-58	0.525054054277622	0.231	0.087	1.73731966630327e-53
Bcl2a1d	9.09183698908527e-58	0.46312699025373	0.425	0.223	1.93328821735909e-53
Il10rb	1.05950212920036e-57	0.440590285188665	0.697	0.537	2.25292532753164e-53
Bmyc	1.8878261470876e-57	0.455733394425925	0.484	0.294	4.01427351916708e-53
Dab2	2.43814109631054e-57	0.344456048996163	0.922	0.72	5.18446322719472e-53
Zmynd15	3.25691039753871e-57	0.308967611328593	0.221	0.083	6.92549426932631e-53
Pla2g15	3.77194182980532e-57	0.424329721710212	0.464	0.276	8.02065710689803e-53
Rpl10	2.13403526560746e-56	0.332701535823928	0.991	0.983	4.53781258878771e-52
Bmp2	3.13072147701882e-56	0.826728920010532	0.299	0.133	6.65716614873283e-52
Cd300a	4.30522942911891e-56	0.347400574556247	0.48	0.271	9.15463985807845e-52
Nrros	1.09562708674248e-55	0.426718405187536	0.706	0.469	2.32974143724921e-51
Ssh2	1.39569329537518e-55	0.475818609435635	0.612	0.426	2.96780222328578e-51
Gnai2	2.10831528513566e-55	0.287104441976067	0.996	0.98	4.48312162231246e-51
Smagp	2.15873193494205e-55	0.368134935921527	0.356	0.172	4.59032758646078e-51
Phf11b	2.55151846644133e-55	0.390688980386982	0.525	0.314	5.42554886704084e-51
Inpp5d	1.11014262146088e-54	0.403444889509127	0.643	0.432	2.36060727027441e-50
Wwp1	1.55240249654709e-54	0.503273095603339	0.632	0.451	3.30102866865772e-50
Lilrb4a	5.33700731315648e-54	0.261035151150384	0.727	0.462	1.13486123506959e-49
Nfkbia	8.4971633234688e-54	0.877138994015337	0.839	0.762	1.80683680910241e-49
BC028528	2.74942293868284e-53	0.328509186476715	0.444	0.248	5.84637293681518e-49
Tmem273	3.35193870620047e-53	0.319028813314483	0.322	0.154	7.12756246486467e-49
Scimp	5.29756357840255e-53	0.363053470661425	0.5	0.289	1.12647391931152e-48
Dusp2	7.04722281386631e-53	1.02712862720189	0.357	0.189	1.49852145914053e-48
Slc9a9	2.74972655938417e-52	0.368561592097596	0.365	0.186	5.84701855587449e-48
Dusp6	5.81721882953721e-52	0.434715108504037	0.552	0.358	1.23697341191279e-47
Nfe2l2	5.85741717775521e-52	0.463275576236672	0.817	0.705	1.24552118867787e-47
Socs3	1.04736084084181e-51	0.749549624479735	0.81	0.709	2.22710809196603e-47
Coro1a	2.49124660818012e-51	0.281676252679984	0.937	0.63	5.2973867876342e-47
Rhob	4.20276706126814e-51	0.763514935328485	0.758	0.631	8.93676387908058e-47
St3gal6	9.84676814487055e-51	0.612235762720925	0.484	0.328	2.09381677832527e-46
Rpl35a	1.02479638619843e-50	0.281838290392807	1	0.995	2.17912703561234e-46
Tlr1	1.51520582919774e-50	0.328179400771742	0.325	0.159	3.22193367520608e-46
Rel	1.7957827302195e-50	0.46616227463166	0.614	0.419	3.81855239753875e-46
H2-T23	2.28745881655926e-50	0.417704988505945	0.864	0.76	4.86405242753162e-46
Nlrp3	6.09676040275984e-50	0.466064625894882	0.424	0.24	1.29641513204285e-45
Sdcbp	6.94524663161139e-50	0.330947137308691	0.939	0.863	1.47683724374585e-45
Tmcc3	9.22590758858149e-50	0.433285422037008	0.369	0.203	1.96179698963597e-45
Metrnl	1.30884732104594e-49	0.632014342345032	0.684	0.536	2.78313294347208e-45
Herpud1	2.18170806472409e-49	0.821023205736612	0.622	0.497	4.6391840288293e-45
Tlr13	5.8026149099632e-49	0.307908956044106	0.373	0.197	1.23386803445457e-44
Arl11	6.5605352683091e-49	0.276789873134364	0.267	0.121	1.39503221945325e-44
Arl5c	8.14713178630838e-49	0.551416114379977	0.311	0.156	1.73240610304061e-44
Ptgs1	1.09804065995431e-48	0.395986141254191	0.674	0.464	2.33487365932684e-44
P2ry12	3.85990006090674e-48	0.305136301344926	0.319	0.156	8.2076914895121e-44
Ptp4a2	4.85262501645559e-48	0.4003352275834	0.921	0.872	1.03186218349912e-43
Cd48	5.99539044928122e-48	0.355299702321242	0.555	0.354	1.27485982513516e-43
Fes	6.10749710214186e-48	0.349970209482452	0.519	0.331	1.29869818379945e-43
Pilrb2	1.45633652196403e-47	0.319617105093989	0.306	0.149	3.09675398030432e-43
Irf2bp2	4.2493245383942e-47	0.389621186243158	0.854	0.742	9.03576369844143e-43
Slamf8	4.84521063823475e-47	0.372744708939487	0.4	0.231	1.03028559011424e-42
March1	4.87562223396399e-47	0.34713556506679	0.541	0.341	1.0367523118301e-42
Ier3	1.56390548566225e-46	0.669303337681815	0.857	0.722	3.32548862471221e-42
Lamp1	2.0730898866713e-46	0.294389929333083	0.981	0.934	4.40821833501786e-42
Cysltr1	3.01891652462346e-46	0.298418876656777	0.639	0.423	6.41942409795932e-42
Fnbp1	7.5695629268556e-46	0.428555513963401	0.69	0.553	1.60959186076658e-41
Fermt3	8.64006849874311e-46	0.356813264187481	0.725	0.515	1.83722416557274e-41
Oser1	1.4706469827979e-45	0.531259010635655	0.484	0.335	3.12718374422146e-41
Jun	2.61301904177192e-45	0.684346578640586	0.904	0.828	5.55632369042382e-41
Wnk1	6.82429552849862e-45	0.397844454385598	0.884	0.798	1.45111820117995e-40
Cyfip1	8.9048718116605e-45	0.348714987819055	0.832	0.723	1.89353194203149e-40
Tent5a	9.22521097819249e-45	0.52070052735631	0.707	0.566	1.96164886240285e-40
C5ar2	1.11939842643767e-44	0.29871680972255	0.285	0.136	2.38028881397707e-40
Adrb2	1.99912811528462e-44	0.455123548397878	0.31	0.158	4.25094602434122e-40
AC149090.1	4.78525819000032e-44	0.450473766756358	0.773	0.67	1.01753730152167e-39
Arhgap17	8.38023791080535e-44	0.440061697921449	0.573	0.429	1.78197378935365e-39
Frmd4b	1.03158485949244e-43	0.355719099399841	0.664	0.493	2.19356204522473e-39
Stk17b	1.79940854264955e-43	0.414829497712791	0.743	0.546	3.82626232509001e-39
Btg1	2.12338627260892e-43	0.351748760426358	0.969	0.867	4.5151685700756e-39
Swap70	4.79618211521035e-43	0.421908544473513	0.482	0.321	1.01986016497833e-38
Tgif1	5.62807192871576e-43	0.459801681090609	0.434	0.275	1.19675321492212e-38
Cotl1	8.39841206570119e-43	0.318763138247661	0.891	0.678	1.7858383416507e-38
Gm44860	9.34900872531129e-43	0.314018888722051	0.179	0.068	1.98797321535019e-38
Taok3	2.08588250297042e-42	0.373770453025522	0.678	0.53	4.4354205543163e-38
Cyba	2.26544308940632e-42	0.317025671103274	0.997	0.956	4.81723818531361e-38
Rnaset2b	2.5844141759577e-42	0.382984498242657	0.621	0.475	5.49549830375645e-38
Gm8995	3.04970334129994e-42	0.372664386351313	0.569	0.358	6.4848891849402e-38
B4galt6	4.25868251332296e-42	0.394419078661776	0.471	0.313	9.05566249632995e-38
Adam19	5.39829977303124e-42	0.350777872565695	0.335	0.182	1.14789446373736e-37
Ifngr2	6.81696297873904e-42	0.392091379777778	0.651	0.535	1.44955900779907e-37
Pdcd2l	9.12320726704911e-42	0.398719457073557	0.435	0.279	1.93995879326532e-37
Tifa	1.09544469686168e-41	0.395103013583217	0.484	0.329	2.32935360340667e-37
Gm6377	4.09021062183623e-41	0.408217262677187	0.342	0.189	8.69742386627256e-37
Nfxl1	4.47841813373342e-41	0.358607839500229	0.377	0.223	9.52290831957074e-37
Gusb	1.1134362106463e-40	0.384124057736759	0.641	0.501	2.3676107583183e-36
Cd302	2.75432258184789e-40	0.284521003393894	0.653	0.492	5.85679153804136e-36
Atp6v0c	2.81548021445534e-40	0.292671330160736	0.98	0.938	5.98683712801784e-36
Sh3bgrl3	6.73615897783643e-40	0.255257806324355	0.989	0.901	1.43237684504714e-35
Clec4n	9.77086418643957e-40	0.347348748517279	0.495	0.305	2.07767656060451e-35
Cited2	1.29495193864543e-39	0.543133741296769	0.601	0.454	2.75358580233565e-35
Mknk1	3.45014976696062e-39	0.342217393793994	0.391	0.244	7.33639846446507e-35
P2rx7	3.72755423494252e-39	0.327532833522119	0.432	0.262	7.92627132518177e-35
BC035044	4.78499375432963e-39	0.307478042379028	0.304	0.16	1.01748107192065e-34
Tagap	5.20354794451207e-39	0.5068145696093	0.309	0.169	1.10648243492105e-34
Fgl2	1.28946727450467e-38	0.309277372775293	0.755	0.611	2.74192321250673e-34
Camk1	9.75062882703739e-38	0.361649668557269	0.59	0.456	2.07337371378123e-33
Dhrs3	1.09129240308294e-37	0.308499360216987	0.702	0.541	2.32052416591557e-33
Capza2	1.65964092429131e-37	0.25815024145706	0.968	0.921	3.52906046141304e-33
Acsl1	1.75167275129518e-37	0.431519142962372	0.303	0.169	3.72475693835407e-33
Hmox1	1.82322728024657e-37	0.533631212974486	0.576	0.417	3.87691048871631e-33
Lifr	1.84118143562305e-37	0.35921679851702	0.471	0.311	3.91508820470886e-33
Tcirg1	2.48461768275814e-37	0.339531704629426	0.475	0.325	5.28329104061692e-33
Gns	7.74247520365525e-37	0.352041361247369	0.667	0.549	1.64635992730525e-32
Arhgap25	9.53104433462007e-37	0.280574989607215	0.323	0.179	2.02668126731361e-32
Abcc3	2.42069665965355e-36	0.269384398321327	0.288	0.154	5.14736937708731e-32
Dock10	3.06904371252376e-36	0.309233122791786	0.572	0.4	6.52601455031052e-32
Tnfrsf13b	3.22696014252654e-36	0.288512339412268	0.429	0.271	6.86180804706844e-32
Arhgap15	4.47328915505727e-36	0.300803912246508	0.455	0.291	9.51200205931378e-32
Tnfrsf11a	6.13556788254427e-36	0.279009096365197	0.339	0.193	1.30466715454421e-31
Cd38	8.34978444350991e-36	0.321021058734157	0.593	0.406	1.77549816406795e-31
Tgfb1	9.09376338786317e-36	0.288841255903572	0.803	0.635	1.93369784679522e-31
Rab3il1	1.25749352575902e-35	0.294936416308811	0.644	0.449	2.67393423317399e-31
Zfp36l2	1.26935250260963e-35	0.373834442850783	0.89	0.808	2.69915116154913e-31
Lilr4b	5.73869578265588e-35	0.275476845370212	0.77	0.539	1.22027627122395e-30
Prdx5	6.0148577178498e-35	0.355620774988214	0.921	0.869	1.27899934512358e-30
Siglech	7.42225975334137e-35	0.277021239634328	0.174	0.07	1.57826931395051e-30
Nfam1	1.55458141035681e-34	0.267684635041461	0.494	0.321	3.30566191098271e-30
Tmem37	1.71231618550523e-34	0.361318851859546	0.457	0.312	3.64106913685833e-30
Pmaip1	2.30121437273494e-34	0.362878680480186	0.391	0.241	4.89330224218358e-30
Ifnar1	2.41298744019318e-34	0.391485517692286	0.589	0.474	5.13097649282678e-30
Cebpb	2.61591371124365e-34	0.349964474395631	0.911	0.82	5.5624789155885e-30
Stard9	4.47977193390877e-34	0.266091097192295	0.323	0.182	9.52578704026362e-30
Pim1	1.06977969532118e-33	0.376391734970589	0.899	0.782	2.27477954413095e-29
Rnaset2a	1.2094962015659e-33	0.334681498273747	0.683	0.581	2.57187272300973e-29
Gm26740	2.45083540087565e-33	0.26958951877112	0.26	0.136	5.21145639642198e-29
Lipa	3.88602338537458e-33	0.346376378299764	0.586	0.463	8.2632401266605e-29
Map3k8	5.39579204228037e-33	0.5044302890718	0.505	0.378	1.1473612198705e-28
Irf1	7.46221270572177e-33	0.585260410935874	0.721	0.629	1.58676490974468e-28
Fam129a	8.32208580750989e-33	0.345978606113424	0.52	0.378	1.7696083261089e-28
Sesn1	8.51322306648216e-33	0.348261046797952	0.373	0.239	1.81025175285677e-28
Abi3	9.57095064833829e-33	0.253447590166435	0.266	0.141	2.03516694586265e-28
9930111J21Rik2	1.5110234317543e-32	0.390517968830513	0.576	0.449	3.21304022528235e-28
Prex1	1.79022061569855e-32	0.308953643605354	0.441	0.292	3.8067251172214e-28
Nhlrc3	1.95962340663148e-32	0.322166307248456	0.319	0.191	4.16694321186117e-28
Shtn1	4.21856792660855e-32	0.361660856070161	0.506	0.366	8.97036283914042e-28
Arhgap18	5.15094209963453e-32	0.371249488894019	0.571	0.437	1.09529632806629e-27
Slc4a7	5.41154955278994e-32	0.319429547591107	0.484	0.343	1.15071189690525e-27
Plekho2	5.99870261445718e-32	0.336178412332608	0.667	0.532	1.27556412393817e-27
Ifngr1	6.03033458405609e-32	0.250913248203805	0.845	0.756	1.28229034595369e-27
St8sia4	7.65941646154533e-32	0.328341262021715	0.56	0.395	1.628698316383e-27
Ccr2	8.81899674574138e-32	0.601596849100503	0.594	0.448	1.87527146801445e-27
Themis2	1.10909539343715e-31	0.269715491471494	0.431	0.278	2.35838044460475e-27
Arhgef6	1.72976671895546e-31	0.292367642169265	0.444	0.301	3.67817595118689e-27
Ralgps2	2.80771742743004e-31	0.390524089960951	0.374	0.247	5.97033033768723e-27
Tnfaip8	3.77129889010404e-31	0.303312941845456	0.787	0.7	8.01928995991722e-27
Csf2ra	6.9963549877193e-31	0.300826721351842	0.648	0.495	1.48770492458863e-26
Prcp	9.90482426713527e-31	0.285948297410177	0.567	0.431	2.10616183216364e-26
Pik3cg	1.90179229141334e-30	0.298551340906696	0.365	0.229	4.04397112846132e-26
Asb2	3.31570540895906e-30	0.253340606238616	0.192	0.089	7.05051598161055e-26
Grk2	3.93617428371341e-30	0.274033591049159	0.724	0.583	8.3698809968882e-26
Susd3	8.99671049274271e-30	0.281936288665759	0.295	0.173	1.91306051917681e-25
Vav1	1.05331196084062e-29	0.269766846146627	0.472	0.326	2.23976255353149e-25
Epn1	1.42646069505811e-29	0.309196836659034	0.686	0.589	3.03322602197155e-25
Wsb1	1.97860501794306e-29	0.372720309483168	0.539	0.424	4.20730571015411e-25
Myo1f	2.63334796775799e-29	0.254081785027753	0.434	0.285	5.59955111864059e-25
2410006H16Rik	4.09483604177832e-29	0.405576975474444	0.726	0.644	8.70725935923742e-25
Gpr84	5.8232183987237e-29	0.392062763224089	0.155	0.067	1.23824916030461e-24
Mob3c	8.14068786994624e-29	0.309339962318659	0.308	0.188	1.73103586866537e-24
Fli1	1.01769358802571e-28	0.269237024515991	0.567	0.408	2.16402364557787e-24
Hacd4	1.21148220872435e-28	0.29215230300073	0.659	0.514	2.57609576863147e-24
Pnrc1	1.48305317498938e-28	0.372264197711102	0.893	0.84	3.15356427129743e-24
Atp13a2	1.60742622398242e-28	0.290983925025962	0.451	0.314	3.41803112267621e-24
Gpr160	1.76085860677869e-28	0.25253174934981	0.269	0.152	3.74428974145421e-24
Tmcc1	1.88429472336595e-28	0.417118450810587	0.516	0.405	4.00676429976536e-24
Gm37084	1.91989496496713e-28	0.368900691700232	0.251	0.14	4.08246465350611e-24
Icosl	1.94105421390607e-28	0.272168095304992	0.239	0.129	4.12745768044986e-24
Zfp710	1.97248765456974e-28	0.272169865650029	0.378	0.253	4.1942977486771e-24
Fam174a	2.08784124099999e-28	0.300317970489644	0.626	0.523	4.43958561486239e-24
Slc3a2	2.22846171974273e-28	0.346798064130322	0.782	0.719	4.73860100086094e-24
Abca1	5.23373346873717e-28	0.286060365596512	0.614	0.475	1.11290108479227e-23
Sft2d1	6.14524615910807e-28	0.294011762228341	0.526	0.41	1.30672514327274e-23
Gm45222	7.68383522516505e-28	0.264012476585145	0.25	0.138	1.6338907222791e-23
Rhog	8.4067865951922e-28	0.287635621177319	0.727	0.616	1.78761910160167e-23
Mef2a	1.24539833465933e-27	0.316675914105249	0.745	0.669	2.64821501881961e-23
Hmox2	1.27257326587132e-27	0.291816100885584	0.647	0.554	2.70599979254878e-23
Il6ra	1.44529128599683e-27	0.303771499220605	0.574	0.446	3.07326739054366e-23
Cebpa	2.03703589186618e-27	0.291100947325129	0.369	0.235	4.33155312046425e-23
Cyp4f18	2.14542871673438e-27	0.393214556810722	0.286	0.17	4.56203962326398e-23
Myo5a	4.90645762175303e-27	0.307548902019478	0.545	0.421	1.04330914868956e-22
Mbnl1	5.43424406279402e-27	0.28060798771803	0.937	0.905	1.15553765751252e-22
Id2	8.59173433868354e-27	0.646669651625023	0.631	0.496	1.82694638977767e-22
Tnfsf9	8.9840941972698e-27	0.652313459715814	0.221	0.12	1.91037779010745e-22
Mt1	1.13577891869415e-26	0.406093028584368	0.926	0.803	2.41512029271123e-22
Icam1	1.17680831663519e-26	0.889534343499464	0.552	0.47	2.50236520449306e-22
Ncoa3	1.24213474062764e-26	0.312732274480364	0.608	0.508	2.64127531247062e-22
Ifi203	1.77883594704252e-26	0.338513923758699	0.728	0.624	3.78251675779122e-22
Fam111a	5.48469351469386e-26	0.251727917902954	0.582	0.438	1.1662652289645e-21
Syk	5.72364684872523e-26	0.278760721925328	0.582	0.436	1.21707626591293e-21
Dnajb14	6.36365625563498e-26	0.314041652423416	0.495	0.383	1.35316786619822e-21
Kdm6b	1.03974389302429e-25	0.481195883424827	0.668	0.577	2.21091141412686e-21
Serpinb8	2.04249373587437e-25	0.267601460180242	0.25	0.143	4.34315867996325e-21
Ogfrl1	4.57261299206963e-25	0.291702450197659	0.47	0.355	9.72320426633686e-21
Gna12	6.64056721589794e-25	0.284220564429727	0.407	0.289	1.41205021278854e-20
Rnf13	8.60335508796995e-25	0.302057856928052	0.61	0.519	1.82941742590593e-20
Ccnd2	1.37505886333585e-24	0.361489087406629	0.701	0.605	2.92392516699736e-20
Etv5	1.62036789311165e-24	0.256248848025757	0.361	0.237	3.44555028791261e-20
Ccdc50	1.72878651487054e-24	0.29232219182483	0.744	0.677	3.67609164522072e-20
Apbb1ip	4.20140500982624e-24	0.253143398970884	0.655	0.553	8.93386761289452e-20
Gm26778	5.57444615269234e-24	0.28618413318999	0.213	0.116	1.1853502299085e-19
Jmjd1c	7.36593481014736e-24	0.310064634358004	0.677	0.591	1.56629237802974e-19
Ifnar2	1.68332645334913e-23	0.303013997613229	0.812	0.729	3.5794253704016e-19
Hps3	2.08410791065698e-23	0.290609215593172	0.369	0.257	4.43164706122101e-19
Acer3	2.14444538415213e-23	0.301082116754444	0.47	0.367	4.5599486648611e-19
Gmip	5.37558126584904e-23	0.27568595444038	0.396	0.287	1.14306360037014e-18
Retreg1	7.80893584573349e-23	0.253080803596633	0.493	0.381	1.66049211823677e-18
Trim47	1.27014764098057e-22	0.279919329925976	0.346	0.24	2.70084194378108e-18
Slfn2	1.64531366031103e-22	0.253145801231648	0.776	0.619	3.49859496728538e-18
Glipr1	2.04167435351522e-22	0.334936632244346	0.323	0.21	4.34141634531476e-18
Pip4p1	4.99450540264654e-22	0.29112987762008	0.53	0.436	1.06203162881876e-17
Tle1	6.30919110423364e-22	0.262999491551377	0.261	0.165	1.34158639640424e-17
Daglb	6.64753281373825e-22	0.263691552859552	0.426	0.32	1.4135313775133e-17
Psd3	1.07479148008064e-21	0.284503943028167	0.349	0.243	2.28543660324347e-17
Ppp1r10	1.68719432958295e-21	0.400295559611548	0.586	0.51	3.58765002242519e-17
Acp2	2.29772251635223e-21	0.261786607471238	0.461	0.351	4.88587715877139e-17
Tgs1	3.36747961009263e-21	0.310395785726935	0.54	0.452	7.16060864290097e-17
Antxr2	7.90134354960685e-21	0.318493654651965	0.452	0.356	1.6801416923884e-16
Ppp1r21	2.54831791863847e-20	0.273464026730205	0.465	0.368	5.41874322219283e-16
Gbp2b	6.39176124605786e-20	0.475779419118775	0.254	0.161	1.35914411136174e-15
Gm43305	7.5874394696058e-20	0.269482112225842	0.248	0.158	1.61339312881698e-15
Smpdl3b	1.10319064252813e-19	0.276149747793427	0.236	0.149	2.34582458227182e-15
Tfe3	1.58227303253102e-19	0.279717518284952	0.467	0.378	3.36454537637397e-15
Cmtm3	1.63928999583365e-19	0.250940034786431	0.484	0.384	3.48578624714068e-15
Ccl7	1.77161085252556e-19	0.684889958638127	0.516	0.384	3.76715331681036e-15
Hk2	2.75076937285959e-19	0.28035769215312	0.661	0.519	5.84923599444864e-15
Errfi1	2.75846729437183e-19	0.455927446882602	0.407	0.304	5.86560485475225e-15
Dram2	8.31053710944775e-19	0.250240256258396	0.457	0.367	1.76715261095297e-14
Tank	1.10020670331746e-18	0.286505789146083	0.425	0.333	2.33947953393425e-14
Ets2	1.26906399874407e-18	0.333584358519964	0.582	0.506	2.69853768692939e-14
Gm14303	6.43507609773192e-18	0.29135835940452	0.553	0.48	1.36835458142171e-13
Rps6ka1	6.95724676283362e-18	0.25618330361593	0.425	0.329	1.47938895164894e-13
Tnfaip3	8.3165475553752e-18	0.358019547810583	0.455	0.359	1.76843067217498e-13
Pmepa1	8.38070622822791e-18	0.266891418336639	0.533	0.447	1.78207337237038e-13
Neat1	1.47332274651206e-17	0.25662630161836	0.814	0.706	3.13287348818324e-13
Commd8	1.95146308603349e-17	0.251699824129728	0.516	0.444	4.14959110614161e-13
Jund	2.3926766765732e-17	0.386008568928395	0.97	0.962	5.08778768506525e-13
Sowahc	7.33782357441666e-17	0.441381766300811	0.359	0.273	1.56031480486396e-12
Nfkbid	7.99636909702624e-17	0.288663200900736	0.319	0.222	1.70034792479166e-12
Plau	1.04292725631959e-16	0.286312463412216	0.244	0.157	2.21768051783799e-12
Lfng	2.42192065967865e-16	0.347560111441043	0.458	0.369	5.14997209074068e-12
Ypel3	5.89540707010123e-16	0.264576116878713	0.618	0.552	1.25359935938633e-11
Birc3	1.22774435411674e-15	0.328974112589148	0.447	0.367	2.61067559459384e-11
Clk1	1.40662016073951e-15	0.295789807887441	0.746	0.714	2.9910371097965e-11
Foxn3	2.21621904773107e-15	0.269734273531917	0.58	0.516	4.71256818309534e-11
Mmp9	2.63989783061056e-15	0.398848945965584	0.237	0.151	5.6134787470103e-11
Batf	3.40637397701118e-15	0.300240964198353	0.326	0.233	7.24331362471657e-11
Tob2	3.73206875475963e-14	0.290096198937683	0.502	0.439	7.93587100012088e-10
Sbno2	4.29046996028613e-14	0.357257665730735	0.613	0.547	9.12325532355243e-10
Hivep2	4.59165431973977e-14	0.265338764990533	0.502	0.434	9.76369374549465e-10
Cacna1a	7.61953036035379e-14	0.277689156911669	0.225	0.153	1.62021693582563e-09
Arid5a	9.17391607842143e-14	0.267924361194105	0.483	0.388	1.95074151491553e-09
Gm26669	7.93606229111512e-13	0.342172127452007	0.284	0.211	1.68752428558272e-08
Ifrd1	8.2186705372766e-13	0.516748629608296	0.598	0.561	1.7476181030465e-08
Zfp36l1	9.39929956523243e-13	0.391747171539169	0.927	0.887	1.99866705955102e-08
Rab20	1.13006805201865e-10	0.263701882197758	0.406	0.334	2.40297670581245e-06
Snhg15	1.89649666102066e-10	0.261365648274243	0.263	0.203	4.03271049999433e-06
Rilpl2	5.41624936151488e-10	0.279809894343811	0.41	0.36	1.15171126423252e-05
Gadd45g	2.32643064253166e-09	0.527818238701915	0.378	0.324	4.94692211827932e-05
Csrnp1	3.27677427946587e-09	0.277547918035671	0.444	0.386	6.96773282785622e-05
Hspa1a	1.75615316599248e-08	0.950902109966436	0.451	0.432	0.000373428409216642
Ddit3	3.62637984202586e-07	0.264465492002522	0.329	0.285	0.00771113409608379
Rnd3	1.16930459471878e-06	0.334775320583983	0.355	0.316	0.0248640929021002
