id	p_val	avg_log2FC	pct.1	pct.2	p_val_adj
Gpr34	0	1.38933466859213	0.708	0.144	0
Fcrls	0	2.0133429584146	0.916	0.191	0
C1qb	0	1.65650751092623	0.999	0.524	0
C1qc	0	1.96743599712368	0.999	0.49	0
C1qa	0	1.93065696126161	0.999	0.482	0
Pf4	0	1.94594594658209	0.981	0.353	0
Hpgds	0	1.45203086500266	0.798	0.157	0
Cd163	0	1.4223090714576	0.805	0.217	0
Lilra5	0	1.15703760191552	0.616	0.111	0
Apoe	0	2.29689310445498	1	0.762	0
Slco2b1	0	1.36257500893332	0.764	0.149	0
Maf	0	1.53959644003866	0.998	0.676	0
Stab1	0	2.05794041214251	0.952	0.286	0
Cx3cr1	0	1.95727551742932	0.905	0.258	0
Ltc4s	0	1.36199843510023	0.767	0.19	0
Cbr2	0	1.75185686640054	0.814	0.165	0
F13a1	0	1.6639559784105	0.867	0.263	0
Mef2c	0	1.63171214664003	0.955	0.513	0
Selenop	0	1.95568679165603	1	0.779	0
Adgre1	0	1.57116174308665	0.919	0.359	0
Csf1r	0	1.71913335816242	0.998	0.621	0
Ms4a7	0	1.86504327483974	0.938	0.27	0
Siglech	5.42630369116646e-308	1.00785661144423	0.4	0.052	1.15384921688964e-303
Abca9	6.87599624489962e-305	1.0931986466185	0.722	0.22	1.46211184151546e-300
Trf	3.60781584159209e-301	1.49121390836381	0.994	0.632	7.67165960556141e-297
Wwp1	1.12043816459659e-297	1.39864040606944	0.884	0.432	2.38249971319819e-293
Ccl12	8.42163825916396e-296	2.11574042434641	0.848	0.323	1.79077715942862e-291
Mrc1	1.77578363668258e-293	1.36376476845633	0.998	0.522	3.77602632504183e-289
Ctsc	9.80380922392825e-287	1.38740538784757	0.999	0.714	2.0846819933761e-282
Itm2b	1.25472097330946e-283	1.18407620608404	1	0.985	2.66803867764524e-279
C3ar1	3.29308892892823e-276	1.27137242520992	0.932	0.428	7.00242429847299e-272
Stard8	1.0674698976864e-271	1.03796966389997	0.641	0.183	2.26986799044035e-267
Smagp	2.31183704889726e-269	0.897053830466794	0.6	0.154	4.91589030077512e-265
C5ar1	5.95169729166752e-265	1.3553074044709	0.901	0.4	1.26556891210018e-260
Bank1	1.09600514999597e-263	0.937448883529834	0.581	0.147	2.33054535095144e-259
Lyve1	3.06564259184967e-263	0.891394260357843	0.461	0.083	6.51878240730914e-259
Unc93b1	6.31914023954526e-259	1.18113585102881	0.977	0.645	1.3437019805369e-254
Marcks	7.18228906743488e-256	1.19370888601056	1	0.767	1.52724194729935e-251
Cd33	9.14443569845055e-255	1.07892618652444	0.702	0.228	1.94447280691853e-250
Cd93	5.0462112538607e-251	1.07728251771608	0.744	0.252	1.07302636102094e-246
Slc9a9	5.77208344819237e-251	0.905453391511771	0.605	0.169	1.22737582442363e-246
Pou2f2	1.33492838182852e-249	1.23461765731908	0.805	0.317	2.83859171112017e-245
Nxpe5	6.68758473562251e-244	0.935217483937134	0.659	0.211	1.42204801818277e-239
Dab2	1.34781464444026e-243	1.25920936278054	0.986	0.719	2.86599305993776e-239
Mgl2	7.670843778804e-242	1.20389366924731	0.926	0.396	1.63112822112488e-237
Rgs10	2.94042555429174e-241	0.913301347710041	0.946	0.588	6.25252089864596e-237
Cst3	4.61945049887197e-238	0.940179665936026	1	0.97	9.82279954080136e-234
Bmp2	3.24171555886491e-236	1.68899709917677	0.501	0.118	6.89318396437035e-232
Gpr183	5.1230100287457e-236	1.28962484421192	0.748	0.275	1.08935685251249e-231
Abca1	8.21512933700461e-234	1.21322073414268	0.873	0.455	1.74686510222066e-229
Ehd4	2.59535354412411e-233	1.0649614318007	0.954	0.639	5.51875977622552e-229
Ighm	6.13529127668913e-233	0.960478550813456	0.79	0.318	1.30460833707518e-228
Ctsb	1.08559783452529e-232	1.06103896876155	1	0.948	2.30841523533458e-228
Dnase1l3	2.68362998532372e-231	0.812708642686018	0.443	0.091	5.70647080079236e-227
Folr2	2.93627166213325e-231	1.05423655779894	0.559	0.148	6.24368806236014e-227
P2ry6	2.70234316690732e-226	1.02144513194539	0.849	0.394	5.74626251011172e-222
Chp2	3.40953541764865e-226	0.577110371711495	0.359	0.058	7.25003611208809e-222
Cltc	1.94029357151283e-225	1.03062548260153	0.997	0.875	4.12584025046489e-221
Blvrb	2.08488101858036e-221	1.09378412447331	0.887	0.534	4.43329099790928e-217
Pld4	3.49178568914867e-218	1.04364074956899	0.917	0.479	7.42493308940574e-214
Kctd12	3.87028395813084e-218	1.45385605311788	0.96	0.686	8.22977180856942e-214
Abhd12	2.09079420695337e-216	1.01537374687961	0.802	0.402	4.44586480166566e-212
Marcksl1	4.76584743044268e-215	1.53264349875751	0.864	0.447	1.01340979760933e-210
Ctsh	2.33501981685851e-214	1.01012852715085	0.986	0.704	4.96518613856795e-210
Cp	1.28981509888483e-208	1.05672537443226	0.744	0.287	2.74266282626869e-204
Blnk	1.296788757599e-208	0.764417343838148	0.518	0.139	2.75749161415851e-204
Tanc2	1.87968539553769e-208	0.802499316337158	0.574	0.173	3.99696302507134e-204
Tlr7	5.03798183001083e-205	0.717724290834561	0.495	0.127	1.0712764563335e-200
Igf1	4.62518682379825e-203	0.936918437342581	0.732	0.282	9.83499726212461e-199
Slamf9	2.18654468078044e-200	0.8742657832613	0.612	0.193	4.64946860921154e-196
Runx1	4.67872956688634e-198	1.19515206581087	0.888	0.529	9.94885055102711e-194
Lyz2	6.08934019785433e-195	0.897970867705382	1	0.66	1.29483729967174e-190
Cd36	1.02268793403922e-194	0.800888635644663	0.678	0.233	2.174643622941e-190
Clec4a2	2.09975934357316e-193	0.901118647787773	0.83	0.37	4.46492826817396e-189
Hpgd	8.40239956553724e-192	0.946299329696819	0.72	0.27	1.78668624361584e-187
Ssh2	8.51039418188677e-191	1.0402482933553	0.795	0.413	1.8096502188364e-186
Grn	6.19903500504728e-190	0.960097146351799	0.98	0.812	1.31816280347325e-185
Rhob	1.14738508002497e-186	1.55124256357222	0.892	0.622	2.4397996341651e-182
Cd86	1.92544585479279e-186	0.988414365115526	0.731	0.325	4.09426806563138e-182
Tm6sf1	4.87977997453981e-186	0.93655443355556	0.835	0.438	1.03763641378614e-181
Cd38	1.93812404520944e-183	0.958871901287622	0.811	0.39	4.12122696973336e-179
Gpr65	1.53930343923513e-182	1.06536898200128	0.847	0.431	3.27317483318958e-178
Lgmn	1.58920074630812e-182	0.932741042629946	0.982	0.713	3.37927646694959e-178
Lyl1	2.92823652155523e-179	0.725064138280344	0.529	0.164	6.22660213943505e-175
Aoah	3.52049940322427e-179	0.722929089569665	0.562	0.185	7.48598993101609e-175
Ifi207	1.1130921024041e-177	1.08154803368417	0.861	0.461	2.36687904655208e-173
Klf6	1.2995496346621e-177	1.35992938195828	0.956	0.792	2.7633623431455e-173
Cd14	2.24294508586124e-175	1.25411005438363	0.932	0.579	4.76939843057535e-171
Ms4a6b	3.52610922914629e-175	0.855757413757334	0.876	0.45	7.49791866485666e-171
Egr1	4.95543998874049e-175	1.60008946238643	0.885	0.612	1.05372475920578e-170
P2ry12	4.57511418874013e-174	0.663375928377805	0.488	0.144	9.72852281093702e-170
Pltp	6.40453393373445e-173	0.928493003716886	0.849	0.465	1.36186009566929e-168
Nfxl1	4.94930772857749e-172	0.778711564887128	0.571	0.209	1.05242079540472e-167
Ccnd1	1.19321627867162e-170	1.03653702517287	0.638	0.251	2.53725509496733e-166
Ftl1	3.82166501484778e-170	0.821089524864551	1	0.996	8.12638848757233e-166
Ntpcr	5.63914306340805e-167	0.852678120370921	0.677	0.313	1.19910738100309e-162
Lair1	7.29226326488776e-167	0.855944915341267	0.837	0.415	1.55062686064573e-162
Ophn1	8.40292228932478e-166	0.706924072347166	0.544	0.191	1.78679739560202e-161
P2ry13	8.40458873130683e-166	0.583344133062606	0.38	0.091	1.78715174782508e-161
Zfhx3	9.19681502347123e-166	0.917376001087961	0.841	0.482	1.95561074659092e-161
Nrp1	2.20794156748782e-165	0.855721000683754	0.792	0.394	4.6949669491061e-161
Adap2	4.22883318441712e-162	0.787456067330732	0.694	0.312	8.99219088334457e-158
Clec4a1	2.02192255356962e-161	0.863355296144686	0.817	0.406	4.29941611791045e-157
Cyth4	6.00761599427154e-161	0.81424422451152	0.94	0.575	1.2774594650219e-156
Cybb	5.7533518073809e-160	0.810320098072044	0.948	0.509	1.22339272832147e-155
Ier5	3.61667283898354e-159	1.25767350497892	0.897	0.654	7.6904931248146e-155
Ly86	1.52472394860887e-158	0.847565504716217	0.972	0.558	3.24217300432189e-154
Zfp36	3.76252128757372e-158	1.27523350378101	0.956	0.792	8.00062526589675e-154
Ccl3	4.31654017328463e-158	1.61426935681141	0.557	0.201	9.17869102447243e-154
Nfkbiz	7.04654707734018e-158	1.6876387113457	0.814	0.539	1.49837777052562e-153
Mmp13	1.06830330604397e-157	0.853341377189355	0.283	0.051	2.27164014997191e-153
Pla2g7	1.15883211720029e-156	0.865462870646483	0.829	0.435	2.46414061401469e-152
Laptm5	2.87771338691155e-156	0.822893946724506	0.998	0.678	6.11916974592871e-152
Lmo2	1.5265257694697e-155	0.783777928605436	0.728	0.345	3.24600439620037e-151
AC149090.1	5.9959189619229e-154	0.982430291022226	0.894	0.661	1.27497220806328e-149
Neurl3	8.96856223750226e-154	1.09550294618105	0.762	0.391	1.90707507418248e-149
Cd83	4.84691220718532e-153	1.46236585503921	0.742	0.364	1.03064741173589e-148
Ctsa	2.42708025757661e-152	0.808459291189512	0.929	0.731	5.16094345971091e-148
H2-Eb1	3.32818863677832e-152	1.09219338868422	0.96	0.651	7.07706031724541e-148
Vcam1	1.20919490064267e-151	1.66754311687092	0.555	0.221	2.57123203672657e-147
P2rx7	1.60441773829242e-150	0.757249333114574	0.607	0.251	3.411633878705e-146
Myo5a	1.07912740199301e-149	0.882835632691112	0.741	0.406	2.29465650759795e-145
Slc40a1	1.47769816418964e-149	0.899821031118437	0.364	0.093	3.14217737633285e-145
Atp2b1	2.47262008221099e-149	0.818203963048345	0.969	0.813	5.25777934281345e-145
Gas7	4.78523853935696e-149	0.804185833836484	0.814	0.462	1.01753312300886e-144
Fyb	2.80867935051749e-148	0.875718267830688	0.912	0.573	5.97237577094038e-144
Serinc3	2.15837639089042e-147	1.09107479648239	0.929	0.761	4.58957155758938e-143
H2-Aa	1.04067619046869e-145	1.06392437356329	0.959	0.666	2.21289385141262e-141
Hexa	4.28968234874203e-145	0.86515651969637	0.873	0.647	9.12158054636504e-141
Itsn1	1.03819847177033e-144	0.763183381181357	0.656	0.313	2.20762523037243e-140
Arrb2	1.40159362947282e-144	0.786061626425033	0.79	0.461	2.980348693711e-140
Cfh	3.41731073309138e-143	0.896097367119921	0.841	0.473	7.26656954284551e-139
Cd72	4.44134708134801e-143	0.713402000986872	0.547	0.197	9.44408043377842e-139
Cd74	8.22182822190068e-143	0.949749890154506	0.998	0.808	1.74828955310496e-138
Pid1	1.32657830908005e-141	0.632497877986557	0.816	0.41	2.82083611642782e-137
Ptafr	2.57637183433654e-141	0.76038006684193	0.739	0.359	5.47839706853322e-137
Lifr	5.77497302552351e-141	0.791761525736056	0.651	0.299	1.22799026414732e-136
Adrb2	6.89049787569214e-141	0.937288174278428	0.454	0.149	1.46519546828718e-136
Eps15	8.42933646828719e-141	0.827682378454983	0.772	0.482	1.79241410661659e-136
Ccdc152	9.66423518671751e-138	0.962008500176348	0.467	0.161	2.05500297010361e-133
Xlr	2.70873203836069e-137	0.456462032470005	0.279	0.057	5.75984780637017e-133
Btg2	6.64830145893614e-137	1.12639767155013	0.959	0.87	1.41369482222818e-132
Spic	6.65236628731662e-137	0.431931988717522	0.203	0.03	1.41455916733501e-132
St3gal6	2.23700235067722e-136	0.836066802582179	0.65	0.317	4.75676179848004e-132
Ptpn18	1.2291767640618e-135	0.750220706861955	0.975	0.655	2.61372147110101e-131
Sat1	7.02585942161747e-135	1.01399042938172	0.953	0.847	1.49397874741274e-130
Itgb5	4.52907619963004e-134	0.730777563048611	0.71	0.359	9.63062763089332e-130
Lpar6	7.17282748688261e-134	0.883708312058297	0.677	0.332	1.52523003681072e-129
Hmox1	1.82197514934173e-132	1.24859833749409	0.726	0.407	3.87424795756026e-128
2610203C22Rik	2.92730283477335e-131	0.37903545681825	0.249	0.048	6.22461674786205e-127
Cd300c2	6.86584953836546e-131	0.78440531662585	0.689	0.314	1.45995424583803e-126
Pik3ap1	7.30011712424616e-130	0.685141121715922	0.659	0.31	1.5522969052997e-125
Pea15a	1.82843925376766e-128	0.813845453000172	0.763	0.451	3.88799322921156e-124
Clec4n	4.61546541186112e-128	0.799249666005196	0.655	0.295	9.81432565178149e-124
Glul	6.12419788335524e-128	0.948949930088817	0.796	0.523	1.30224943791666e-123
Cd300ld	1.38156305165799e-127	0.799142325862381	0.551	0.222	2.93775567304555e-123
Lpcat2	2.01754312706532e-127	0.675214818984011	0.583	0.247	4.2901037053917e-123
Vsir	1.31452465949765e-125	0.713370795026941	0.838	0.539	2.7952052359558e-121
Ier3	1.1616579099771e-124	1.16921794209932	0.908	0.72	2.47014937977531e-120
Sirpa	3.72385249349127e-124	0.762356203231189	0.873	0.574	7.91839994215983e-120
Lst1	2.79295098853572e-123	0.703139761139183	0.913	0.538	5.93893098202236e-119
Sbf2	5.1568662847747e-123	0.734433519483435	0.587	0.276	1.09655604679449e-118
Lacc1	5.36396463923602e-123	0.765376877409452	0.67	0.351	1.14059344088715e-118
Tgfbr2	2.12004976764662e-121	0.753262447973883	0.853	0.588	4.50807382592377e-117
Fcgrt	2.763216416049e-121	0.826527465429924	0.881	0.643	5.87570338708659e-117
Clec2d	2.90876959499961e-121	0.883063157070434	0.889	0.67	6.18520766680717e-117
Gas6	3.6830558692332e-121	0.389326116652727	0.855	0.406	7.83165000033747e-117
Jun	4.70115100528202e-121	1.11339091331868	0.955	0.825	9.99652749763168e-117
Rtn4	3.15422978086584e-120	0.722560096917571	0.941	0.817	6.70715420603312e-116
Aif1	7.50671462980422e-120	0.721209275045715	0.96	0.559	1.59622779888157e-115
H2-Ab1	2.76257407010357e-119	0.863616838182411	0.954	0.644	5.87433750266823e-115
Txnip	9.74087405019506e-119	0.823244590101726	0.939	0.749	2.07129945803348e-114
Asah1	1.29976709985452e-118	0.700644518631248	0.874	0.66	2.76382476113065e-114
Zfand5	4.26319094222807e-118	1.03123349107619	0.906	0.771	9.06524921955377e-114
Tnfrsf17	1.01056816791733e-117	0.271187754624323	0.163	0.022	2.14887215225941e-113
Fos	1.09924975100351e-117	0.924205428609791	0.96	0.827	2.33744467053387e-113
Il10rb	2.13994598760039e-117	0.702837991347883	0.795	0.532	4.55038114803346e-113
Man1c1	2.32076448500235e-117	0.617918579059569	0.518	0.22	4.93487360090899e-113
F630028O10Rik	6.11963976267331e-117	0.62670865764165	0.369	0.112	1.30128019913485e-112
Rnf130	2.052834607556e-116	0.678602126750203	0.877	0.661	4.36514750950707e-112
Atp6v0b	4.08262060506889e-116	0.611654165030536	0.97	0.884	8.68128445461849e-112
Mmp9	6.29885572686858e-116	1.1254724673642	0.411	0.137	1.33938868176134e-111
Dhrs3	6.87300517793829e-115	0.660306449703309	0.825	0.533	1.4614758210368e-110
Cd68	2.49215790164278e-114	0.683666345278413	0.917	0.565	5.2993245620532e-110
Ubc	3.61033477501605e-114	0.932266583577427	0.987	0.949	7.67701586559414e-110
Qk	4.82715685675303e-114	0.649576244831588	0.925	0.764	1.02644663401996e-109
Dusp6	2.57552058131344e-112	0.773513914303565	0.667	0.352	5.47658696410491e-108
Alox5	2.74283089395125e-111	0.439609752421747	0.302	0.079	5.83235561289794e-107
Fcgr3	7.91568078007977e-111	0.652496299921984	0.982	0.595	1.68319036107616e-106
B4galt6	1.45316632195607e-110	0.668292042280544	0.606	0.304	3.09001286700739e-106
Dse	4.39460508556881e-110	0.709200107054595	0.695	0.4	9.34468825395351e-106
Cacna1a	1.85841715007373e-109	0.688662908170951	0.393	0.139	3.95173822791679e-105
Cxcl2	2.18677297611958e-109	1.21584510773066	0.712	0.381	4.64995405642067e-105
Ebi3	2.30162753359288e-109	0.544719876234351	0.389	0.13	4.89418078743191e-105
Mylk	2.70609554283605e-109	0.409852946537854	0.537	0.228	5.75424156228659e-105
Vmp1	6.05785762118007e-109	0.805042570440065	0.899	0.741	1.28814284456773e-104
Apobec1	7.49074358716268e-109	0.604245990588668	0.642	0.319	1.59283171637427e-104
Siglece	2.68915358102789e-108	0.578627257733468	0.461	0.177	5.7182161746977e-104
Psd3	3.71827069517943e-108	0.618516935785723	0.519	0.23	7.90653080622953e-104
Atf3	3.47529882342671e-107	1.35024071878474	0.824	0.593	7.38987541813456e-103
Pik3cg	1.92900415290385e-106	0.590280319234959	0.506	0.22	4.10183443073475e-102
Ccl2	2.3823923043945e-106	1.03624739761305	0.759	0.442	5.06591899606446e-102
Cttnbp2nl	2.6126895194049e-106	0.636465385988535	0.622	0.325	5.55562299406258e-102
Ppp1r15a	4.9817601517273e-106	1.03834622495188	0.779	0.527	1.05932147866329e-101
Nckap1l	1.23147994849195e-105	0.61658099186681	0.736	0.423	2.61861896247329e-101
Man2b1	1.81192427423051e-105	0.689243567403638	0.851	0.65	3.85287577672376e-101
Rps29	5.94634808609477e-104	0.479612835880046	1	0.999	1.26443145702719e-99
Tmcc1	7.868427079355e-104	0.858412365788117	0.664	0.394	1.67314233415405e-99
Snx5	1.00312619528577e-103	0.605448813909448	0.931	0.731	2.13304754165565e-99
Sult1a1	1.21726293981235e-103	0.534823620651012	0.397	0.137	2.58838791521698e-99
P2rx4	3.66773690129453e-103	0.730529865740121	0.741	0.475	7.79907574691269e-99
Rnase4	5.96558261644417e-103	0.625038023542498	0.87	0.543	1.26852148756069e-98
Serpinf1	2.3177139757952e-102	0.453320442468593	0.411	0.138	4.9283869981309e-98
Evi2a	5.98576941343539e-102	0.655897615785927	0.719	0.403	1.2728140080729e-97
Ap1b1	9.19890942515527e-102	0.649123831768403	0.754	0.483	1.95605610016502e-97
Stk17b	1.17885846676539e-101	0.749068900981233	0.835	0.542	2.50672464372992e-97
Sesn1	1.94095874213879e-101	0.58189400034413	0.512	0.23	4.12725466928392e-97
Cd300ld3	1.81057028857506e-100	0.31450701351581	0.184	0.033	3.849996661626e-96
Slc14a1	3.38559900956332e-100	0.389610148728609	0.26	0.065	7.19913773393545e-96
Dusp1	1.11942490692862e-99	1.12131310206279	0.911	0.759	2.38034512209301e-95
Mcl1	2.9055387873212e-99	0.713741818145041	0.976	0.907	6.17833767735979e-95
Wnk1	8.77658966258293e-99	0.597932815942901	0.942	0.795	1.86625402585163e-94
Prune2	1.36935987155768e-98	0.52572583761325	0.375	0.135	2.91180683088025e-94
Serpinb8	1.47653867803631e-98	0.530564586791009	0.378	0.134	3.13971184497642e-94
Tnfrsf11a	1.51292492831313e-98	0.523951261166178	0.453	0.186	3.21708356756505e-94
Ptprj	2.00799009317429e-98	0.66182551743403	0.71	0.442	4.26979013412582e-94
Tcf4	3.4676831840828e-98	0.603423967844618	0.846	0.601	7.37368152263366e-94
Rassf4	3.7323124474039e-98	0.64569120702535	0.737	0.431	7.93638918815965e-94
Slc15a2	7.63173418243089e-98	0.471922771276468	0.281	0.078	1.6228119565521e-93
Reps2	7.77417176611361e-98	0.351758144296899	0.251	0.062	1.6530998843464e-93
Ptpro	5.57699534839394e-97	0.511344208497898	0.429	0.164	1.18589229088249e-92
Lcp1	1.16480243564501e-96	0.642544066783868	0.984	0.668	2.47683589915554e-92
Irf2bp2	3.23227780064029e-96	0.714834717982624	0.894	0.741	6.8731155152815e-92
Cxcl16	5.0883750010958e-96	0.69845453910517	0.833	0.573	1.08199206023301e-91
Tnf	4.62597443139526e-95	0.672050287127319	0.385	0.136	9.83667203091889e-91
Tbxas1	5.94347157697387e-95	0.571874781180204	0.713	0.391	1.26381979612772e-90
Siglec1	1.30630624940116e-94	0.399715869617022	0.314	0.096	2.77772960872663e-90
Gatm	1.41398193321145e-94	0.558360375870719	0.927	0.597	3.00669118278083e-90
Gm38843	1.6176669063732e-94	0.35805039590837	0.224	0.052	3.43980690971197e-90
Ccl4	1.70449852700809e-94	1.50073400527638	0.654	0.383	3.62444566782999e-90
Ccrl2	1.12030283376576e-93	0.858491115367088	0.666	0.388	2.38221194571952e-89
Tmem86a	1.32043139692576e-93	0.570233003164097	0.5	0.23	2.80776532242293e-89
Arhgap19	1.5140321463177e-93	0.377111502441098	0.29	0.085	3.21943795592997e-89
Ralgps2	5.57875196236196e-93	0.634306630037645	0.503	0.238	1.18626581727665e-88
Mpeg1	1.35587862855566e-92	0.638837528340612	0.865	0.523	2.88314031576077e-88
Clec4a3	1.40982888149669e-91	0.608815995524482	0.79	0.461	2.99786013361456e-87
Swap70	2.34329452058952e-91	0.61906740126865	0.591	0.315	4.98278146858155e-87
Fnbp1	6.8237652467066e-91	0.637950687631077	0.781	0.548	1.45100544205969e-86
Ccl7	2.43979191606143e-90	1.25973368262656	0.677	0.373	5.18797353031303e-86
Inpp5d	3.76396221433101e-90	0.585969502686329	0.722	0.43	8.00368925255346e-86
Mctp1	6.57521453920472e-90	0.441081088264391	0.323	0.106	1.39815361961649e-85
Gm31243	2.56553093410848e-89	0.297003174557822	0.2	0.044	5.45534497828828e-85
Bin1	4.55480039295461e-89	0.665137180947044	0.665	0.428	9.68532755557869e-85
Slc15a3	5.36339472273572e-89	0.72943030569185	0.847	0.532	1.14047225384252e-84
Zeb2	8.59625993171953e-89	0.574638013315584	0.97	0.682	1.82790871188084e-84
Rab3il1	9.12346975613071e-89	0.553735071569041	0.758	0.443	1.94001460894363e-84
Sash1	9.8802136844634e-89	0.599395650319487	0.691	0.413	2.1009286378643e-84
Ptgs1	6.90218732373178e-88	0.613074955785483	0.74	0.462	1.46768111251833e-83
Ier2	1.22985328036999e-87	1.07856493915822	0.853	0.737	2.61516001537874e-83
Zfp36l1	1.03375380942334e-86	1.02605866769307	0.97	0.884	2.1981741003578e-82
Dleu2	1.14327449215668e-86	0.706222776321852	0.77	0.535	2.43105888012197e-82
Zeb2os	1.80365687827273e-86	0.508703733131863	0.543	0.264	3.83529598595913e-82
Pdgfb	1.9749711531609e-86	0.594430509833652	0.482	0.207	4.19957866008135e-82
Tnfaip8l2	2.24243457489979e-86	0.600414965168576	0.654	0.375	4.76831288006691e-82
Junb	2.92211236811068e-86	0.742405124357944	0.977	0.921	6.21357973955056e-82
Camk1d	3.41473726923349e-86	0.610874922598363	0.58	0.309	7.26109732929808e-82
Dclre1c	3.47804936811318e-86	0.482855852774043	0.394	0.158	7.39572417635586e-82
Ctnnd2	9.52262123328934e-86	0.320620048860164	0.205	0.047	2.02489017904665e-81
Tyrobp	1.98648000720877e-85	0.57356647419993	1	0.667	4.22405108732873e-81
Fcer1g	2.92869608908731e-85	0.635298389519678	1	0.674	6.22757936383525e-81
Slc43a2	7.09956932749981e-85	0.576989622294541	0.601	0.326	1.50965242179956e-80
Ccnl1	1.42910210765006e-84	0.749863453679142	0.857	0.713	3.03884272170708e-80
Slc7a8	2.03534986221065e-84	0.526064926328536	0.497	0.238	4.32796794700472e-80
Fcgr1	2.07491916302304e-84	0.505358350559301	0.763	0.422	4.41210810825219e-80
Cd63	2.61467407235276e-84	0.491657855468346	0.921	0.594	5.5598429474509e-80
Npl	3.11824017468753e-84	0.450574310644975	0.319	0.109	6.63062590745557e-80
Prkcb	7.36438777642899e-83	0.530134688152451	0.52	0.261	1.56596341677986e-78
Gpr160	1.82741187606329e-82	0.475229684394657	0.369	0.145	3.88580861326098e-78
Gns	3.99626016771484e-82	0.626544903210152	0.74	0.545	8.49764762062883e-78
Tlr2	1.51419073281216e-81	0.551611444253557	0.539	0.269	3.21977517425179e-77
Ms4a6c	2.5198879785831e-81	0.467857040451194	0.939	0.553	5.35828979765911e-77
Il6ra	4.05120522204995e-81	0.574995403252819	0.682	0.439	8.61448278416702e-77
Nrros	4.33361128488823e-81	0.604390458562102	0.762	0.469	9.21499103618633e-77
Man1a	7.51299176360764e-81	0.591030134014774	0.82	0.549	1.59756256861353e-76
Ckb	1.23778086370871e-80	0.329419733883823	0.827	0.516	2.63201722859021e-76
Irf8	2.53178010458321e-80	0.355159740593905	0.869	0.548	5.38357721438573e-76
Trem2	3.86766252033614e-80	0.663625205903842	0.672	0.404	8.22419758324277e-76
Frmd4b	9.48385625429501e-80	0.592853524432977	0.736	0.491	2.01664719391329e-75
Stap1	2.33758044682072e-79	0.697632344198442	0.439	0.191	4.97063106211959e-75
March1	2.51954138561525e-79	0.498299463698491	0.62	0.338	5.35755280237227e-75
Pla2g15	3.13866667259048e-79	0.536494756227656	0.523	0.275	6.6740608125964e-75
H3f3b	4.50198758352348e-79	0.68219241808254	1	0.995	9.57302639760433e-75
C5ar2	5.3268780287328e-79	0.488469190265896	0.351	0.133	1.13270734402974e-74
Lrrc25	1.20898546640554e-78	0.510901839026749	0.726	0.425	2.57078669576475e-74
Tmsb4x	4.49098271754122e-78	0.378284835543996	1	0.998	9.54962565057965e-74
Tln2	1.05227683013119e-77	0.492241015594986	0.374	0.152	2.23756145159095e-73
Abcc3	1.8358866822148e-77	0.42400484318828	0.372	0.15	3.90382944106156e-73
Sdcbp	3.22129350070184e-77	0.499749124217348	0.945	0.864	6.8497584998924e-73
Tpp1	4.34977526909288e-77	0.583688880119232	0.74	0.527	9.2493621321991e-73
Jmjd1c	6.54197428646805e-77	0.600414484096385	0.775	0.585	1.39108541227457e-72
Pmp22	7.23897632292869e-77	0.672891032627992	0.645	0.36	1.53929592530756e-72
Itgam	9.35048488457543e-77	0.469504029461398	0.742	0.423	1.98828710585612e-72
Sec14l1	9.35526634375063e-77	0.611867812275628	0.663	0.447	1.98930383533513e-72
Mtss1	2.18851894509389e-76	0.628764931941024	0.588	0.349	4.65366668484764e-72
Lipa	2.19304486615805e-76	0.581054846048602	0.677	0.458	4.66329060339848e-72
mt-Nd2	8.06621902059878e-76	0.49275957184201	0.999	0.994	1.71520081254012e-71
Scamp5	1.97521926192089e-75	0.329923308472196	0.284	0.095	4.20010623854858e-71
Camk1	2.48226445412689e-75	0.578205972183846	0.668	0.452	5.27828713525541e-71
Slc6a6	7.10746469694105e-75	0.580045936613754	0.791	0.61	1.51133129315755e-70
Hexb	7.77147087348012e-75	0.639983239050213	0.731	0.529	1.65252556653681e-70
Hacd4	1.2219769751066e-74	0.546844653883863	0.766	0.507	2.59841183986668e-70
Arhgap17	4.21709077222867e-74	0.576334018293306	0.648	0.426	8.96722181806704e-70
Dock8	4.51749242899838e-74	0.534484840023923	0.616	0.357	9.60599590102215e-70
Scamp2	6.30646173567015e-74	0.558198710438566	0.848	0.691	1.3410060234729e-69
Gna12	1.47526116305321e-73	0.499778344465843	0.522	0.281	3.13699533711636e-69
Rnf150	6.08790907230213e-73	0.501071102562054	0.406	0.185	1.29453298513432e-68
Rin2	9.62170882188832e-73	0.564258890824396	0.609	0.371	2.04596016388633e-68
Adam19	4.2616318304827e-72	0.500693504551269	0.404	0.179	9.06193392433842e-68
Alox5ap	4.29176558589231e-72	0.407260781611536	0.905	0.549	9.12601034184141e-68
Ccnd2	6.77130480861404e-72	0.778602781219478	0.791	0.599	1.43985025450369e-67
B3galnt1	1.05847957771562e-71	0.420681497896913	0.319	0.121	2.2507509740545e-67
Fgd2	1.49978849594898e-71	0.486192986549669	0.502	0.254	3.18915025778591e-67
Fli1	1.86696519301168e-71	0.493656917842601	0.659	0.403	3.96991478642004e-67
Bmp2k	5.53611563328418e-71	0.536981164964755	0.75	0.529	1.17719962826155e-66
Mbnl1	7.05128289876377e-71	0.503144074814546	0.966	0.903	1.49938479559313e-66
Lamp1	2.74028287141836e-70	0.502887154096345	0.994	0.934	5.826937497784e-66
Gm8818	4.1576368673118e-70	0.34517675525997	0.144	0.029	8.84079903465181e-66
Mt1	5.98732719077156e-70	0.800356933666265	0.958	0.803	1.27314525384566e-65
Msr1	7.71386999827291e-70	0.442933579042629	0.692	0.388	1.64027731643275e-65
E230029C05Rik	1.38552092348178e-69	0.665251746393735	0.503	0.263	2.94617169169165e-65
Ulk2	2.74179751511111e-69	0.484921872869921	0.462	0.237	5.83015823613227e-65
Cd81	3.12207751929649e-69	0.496226946218463	0.935	0.606	6.63878563703205e-65
Nr3c1	3.65027566102673e-69	0.551045840204706	0.764	0.579	7.76194616560724e-65
2610507B11Rik	5.85306999159736e-69	0.563520462965977	0.739	0.565	1.24459680301326e-64
Ctla2b	2.0112656217753e-68	0.341455181007479	0.254	0.081	4.27675521814301e-64
Hfe	3.47513069533737e-68	0.474831895435767	0.666	0.404	7.38951791056538e-64
Igsf6	6.12078388475054e-68	0.454086105335594	0.55	0.291	1.30152348525335e-63
Stard9	2.48972889490958e-66	0.423730583821395	0.397	0.179	5.29415952213574e-62
Cyfip1	4.84103525171225e-66	0.51898427124027	0.852	0.724	1.02939773592409e-61
C6	4.90726703770109e-66	0.306458731397456	0.145	0.031	1.04348126289676e-61
Neat1	8.42055442372301e-66	0.742420026537071	0.867	0.704	1.79054669266046e-61
Itga9	1.35796453767599e-65	0.417473779629845	0.399	0.177	2.88757579291423e-61
Galc	4.49110480009498e-65	0.39893321846384	0.356	0.152	9.54988524692197e-61
Etv5	7.88061420425096e-65	0.492881417560613	0.455	0.232	1.67573380439192e-60
Cd4	8.74336692905599e-65	0.261155714520262	0.193	0.052	1.85918954379447e-60
Ptp4a2	1.20422092976495e-64	0.482497392647889	0.947	0.871	2.56065538505218e-60
Skil	1.898307883793e-64	0.7479862791954	0.75	0.569	4.03656188409743e-60
Zfp36l2	2.35739237506918e-64	0.620127676913925	0.919	0.807	5.0127591463471e-60
Nlrc4	2.91286670632068e-64	0.259275221144661	0.194	0.054	6.1939197643203e-60
9930111J21Rik2	3.21564639089413e-64	0.550885479985964	0.659	0.445	6.83775048559727e-60
Gm45223	7.3642098124504e-64	0.731106423352119	0.481	0.26	1.56592557451945e-59
mt-Nd1	8.07331947118267e-64	0.419634352332267	1	0.993	1.71671065235228e-59
Ccdc50	8.11230123289392e-64	0.495225108600261	0.812	0.673	1.72499973416256e-59
Mob3c	2.25756757332291e-63	0.460349661118491	0.39	0.183	4.80049168791383e-59
Spred1	2.46164771552906e-63	0.551326285961572	0.668	0.459	5.234447702301e-59
Rgs2	3.25255729054493e-63	0.712424562164154	0.695	0.434	6.91623782261474e-59
Slc29a3	3.56975601717678e-63	0.492227345989344	0.553	0.329	7.5907291949247e-59
Nhlrc3	4.82723637091004e-63	0.435661484382112	0.393	0.187	1.02646354191031e-58
Slc16a7	1.01025739174666e-62	0.341587382006743	0.269	0.097	2.14821131781009e-58
Il16	1.34811187365992e-62	0.496286131360227	0.46	0.249	2.86662508815044e-58
Lrp6	2.24544978298429e-62	0.564240856250708	0.651	0.458	4.77472441853778e-58
Lilrb4a	2.25784861887788e-62	0.427709527504106	0.754	0.466	4.80108930318193e-58
Ppp1r21	2.67841373510402e-62	0.501692367375652	0.572	0.361	5.69537896632519e-58
Rac3	3.03928094627478e-62	0.295088201707203	0.202	0.059	6.4627270041587e-58
Tslp	3.25901538992095e-62	0.321389513388538	0.202	0.058	6.9299703251279e-58
Pip4k2a	3.36624743622251e-62	0.548867228269689	0.664	0.453	7.15798854838355e-58
Il10ra	5.95933035949953e-62	0.480212899809398	0.617	0.365	1.26719200764398e-57
Wsb1	1.1835036853602e-61	0.625061967638654	0.623	0.419	2.51660223654993e-57
Cited2	1.78735246764971e-61	0.915532168818088	0.653	0.453	3.80062628721035e-57
Ncf1	2.11740551618739e-61	0.494218068166023	0.641	0.392	4.50245108962086e-57
Fcgr2b	2.60335194868428e-61	0.382776106654664	0.957	0.587	5.53576758368225e-57
Adap2os	3.5905426464944e-61	0.431852622492995	0.441	0.218	7.6349298835057e-57
Gng2	1.13252350807433e-60	0.475432185831638	0.666	0.433	2.40819798756926e-56
Bcl2a1b	1.43496616077059e-60	0.375036390708428	0.805	0.486	3.05131204426259e-56
Jund	2.91369767476066e-60	0.672381076262559	0.974	0.962	6.19568673561107e-56
Tent5a	3.5171570465477e-60	0.679995479913593	0.749	0.566	7.47888274377902e-56
Nfatc2	4.08215377404665e-60	0.365464714574348	0.372	0.169	8.6802917851328e-56
Clta	4.17857837646729e-60	0.4237391386093	0.976	0.935	8.88532905972005e-56
Gm37084	5.59640315628741e-60	0.551010970033562	0.319	0.136	1.19001916715295e-55
Spi1	5.61909826586806e-60	0.416365373730388	0.922	0.574	1.19484505525418e-55
Tifa	2.05059666382886e-59	0.487659068641611	0.541	0.327	4.3603887459657e-55
Ppfia4	5.09334254098483e-59	0.357755976287971	0.36	0.159	1.08304835791501e-54
Nfkbia	1.53292707000037e-58	0.838146590389719	0.872	0.761	3.25961612164878e-54
Tmcc3	2.01381908656496e-58	0.438483417834921	0.411	0.202	4.28218490567173e-54
Mknk1	2.2560277474278e-58	0.42936221975384	0.454	0.241	4.79721740213048e-54
Gm15655	4.13645579758764e-58	0.386633028262649	0.273	0.104	8.79575960799035e-54
Sdc3	4.37720171246607e-58	0.417595392564346	0.73	0.467	9.30768172138785e-54
Creb5	1.4328947008019e-57	0.48784971257315	0.513	0.292	3.04690729178517e-53
Arhgap18	2.22073908628368e-57	0.520332177171401	0.638	0.434	4.72217959307361e-53
Gm26522	2.23969076594148e-57	0.532951086691447	0.248	0.088	4.76247844469795e-53
Gmfg	3.66758174350963e-57	0.4027703293129	0.852	0.576	7.79874581939888e-53
Acp2	3.75010679674155e-57	0.459204194887739	0.554	0.345	7.97422709259124e-53
Ap2a2	4.16432629642149e-57	0.411771078319557	0.873	0.736	8.85502343671065e-53
Susd1	8.63028147201301e-57	0.261108382021954	0.196	0.059	1.83514305220885e-52
Tlr13	1.29272245724058e-56	0.390887108137975	0.406	0.198	2.74884503307637e-52
Tmem273	1.42626216020122e-56	0.359013013836009	0.348	0.156	3.03280385745188e-52
Rasgef1b	1.68355651933887e-56	0.476448187657361	0.302	0.125	3.57991458272216e-52
Mir99ahg	6.38404976806938e-56	0.378809286244994	0.387	0.183	1.35750434268227e-51
Tab2	1.13038319186945e-55	0.514910710593923	0.714	0.554	2.4036468191912e-51
Atp13a2	2.28089080396125e-55	0.493180993556409	0.516	0.311	4.85008620554321e-51
Lyn	8.70982883059614e-55	0.412377487878942	0.898	0.624	1.85205800253796e-50
Limd2	8.84063768519248e-55	0.429104184791333	0.635	0.411	1.87987319737933e-50
Fgd4	1.07848562589078e-54	0.445182276980212	0.438	0.237	2.29329183489416e-50
Gdpd3	1.13484760445004e-54	0.687014600795994	0.556	0.344	2.41313994610257e-50
Tgfbr1	3.63231318165905e-54	0.468674520331853	0.5	0.296	7.72375074947981e-50
Snx2	3.67928438587442e-54	0.455280921911474	0.793	0.652	7.82363031812337e-50
Etv3	1.05206074765947e-53	0.71004249919761	0.614	0.414	2.23710197382309e-49
Srgap2	2.71390459695642e-53	0.450656549676721	0.614	0.425	5.77084673496814e-49
Tmem106a	3.30004525445406e-53	0.449813293551844	0.624	0.416	7.01721622907111e-49
Iqgap2	4.33612298137578e-53	0.425684504346427	0.597	0.378	9.22033190759747e-49
Rcbtb2	5.48987456472891e-53	0.495446376340561	0.524	0.327	1.16736692744395e-48
Arhgef6	5.59457796676898e-53	0.427761484314684	0.502	0.299	1.18963105885376e-48
Plek	9.32308576617587e-53	0.425926924677803	0.85	0.58	1.98246095731964e-48
H2-DMa	2.96807564326193e-52	0.327886457250728	0.894	0.577	6.31131604783217e-48
Ifngr1	6.32603304272441e-52	0.409494713991399	0.888	0.754	1.34516766620492e-47
Mef2a	7.58443249827057e-52	0.483617618906953	0.781	0.667	1.61275372643225e-47
Snap23	1.00800272568056e-51	0.447369742214462	0.738	0.588	2.14341699588714e-47
Wdfy3	1.0165926043952e-51	0.464516740485984	0.515	0.327	2.16168251398595e-47
Lilr4b	1.07064197861255e-51	0.442130412284426	0.802	0.541	2.27661310332173e-47
Zfp710	1.25023649669375e-51	0.416349207205047	0.442	0.25	2.65850288656959e-47
Ccl8	3.5079515304649e-51	1.27038783223347	0.498	0.286	7.45930813438057e-47
Id2	4.23173670139552e-51	0.920274386493967	0.689	0.494	8.99836492184743e-47
Mafb	4.23789639696856e-51	0.506015925268295	0.85	0.555	9.01146289851394e-47
Git2	5.66917753348423e-51	0.480686614664694	0.643	0.454	1.20549391072009e-46
Clk1	5.96113491904893e-51	0.500385903622647	0.819	0.708	1.26757572918656e-46
Hspa1a	6.88830292352041e-51	1.39317126007595	0.585	0.42	1.46472873365738e-46
Nfam1	7.08716310393424e-51	0.4002576223109	0.543	0.32	1.50701436242058e-46
Bmyc	7.60703807116357e-51	0.419032326126904	0.504	0.297	1.61756057545222e-46
Ddx3x	8.67029033423331e-51	0.700759336741918	0.831	0.72	1.84365053667137e-46
Tacc1	1.38138554595138e-50	0.472334666168792	0.804	0.665	2.93737822491101e-46
mt-Nd4	2.20731594901234e-50	0.43881030802007	0.998	0.994	4.69363663397985e-46
Cebpa	2.20769408481498e-50	0.436085262664208	0.434	0.233	4.69444070195057e-46
Zdhhc14	3.1007172972788e-50	0.252331887573049	0.203	0.068	6.59336526093364e-46
Ncoa3	3.23885357125637e-50	0.440558420611312	0.681	0.503	6.88709823391954e-46
Gadd45b	3.3566884355013e-50	0.87254860351645	0.673	0.524	7.13766228924995e-46
Glcci1	4.00073436853827e-50	0.278634002094344	0.232	0.085	8.50716156125978e-46
Picalm	4.2056076175734e-50	0.426038748948864	0.923	0.827	8.94280403800809e-46
Ifi203	5.20753598289017e-50	0.476956082778191	0.778	0.622	1.10733045140177e-45
Rnf13	6.61047402721437e-50	0.437639080848194	0.678	0.515	1.40565119714686e-45
Cyp27a1	1.73066357419911e-49	0.335861235210399	0.327	0.149	3.68008302417699e-45
Rab11fip5	1.88367153704342e-49	0.393409951711888	0.419	0.231	4.00543915636914e-45
Sft2d2	5.68952725549263e-49	0.442651258292459	0.556	0.375	1.20982107560795e-44
Fxyd2	7.16845313019875e-49	0.339483043621735	0.209	0.074	1.52429987360546e-44
Ddit3	1.63975631591797e-48	0.567878411282997	0.459	0.275	3.48677783016798e-44
Plxna4os1	1.75473761499686e-48	0.27140738184684	0.234	0.088	3.73127406452933e-44
Ppp1r9a	2.4519084210624e-48	0.322171312156081	0.275	0.116	5.21373806654709e-44
Pde3b	3.07611108317191e-48	0.367583969468719	0.341	0.164	6.54104260725674e-44
Sft2d1	5.61104035589384e-48	0.428839645348217	0.581	0.408	1.19313162127727e-43
Ptger4	7.81960282948295e-48	0.62085197732802	0.435	0.251	1.66276034566125e-43
Rnasel	1.55420558805465e-47	0.475886930063105	0.637	0.433	3.3048627624394e-43
Ncf2	3.10542706903506e-47	0.375416960810481	0.735	0.486	6.60338011959616e-43
Retreg1	3.25979937562669e-47	0.473304293259626	0.559	0.377	6.93163739233259e-43
Ago4	5.11799211858726e-47	0.26483544695395	0.221	0.082	1.08828984409639e-42
Cd180	8.46793688913294e-47	0.371216121417388	0.315	0.144	1.80062210010523e-42
Gm4951	1.07791484814576e-46	0.341293019161594	0.292	0.131	2.29207813309715e-42
BC035044	1.16739357533904e-46	0.369045631650923	0.335	0.16	2.48234569860094e-42
Prkacb	1.42903048592047e-46	0.424503780527072	0.6	0.423	3.03869042526128e-42
AC122252.2	1.44094594686349e-46	0.333873306195407	0.203	0.071	3.06402746141052e-42
Icosl	1.69253904543734e-46	0.33001994741903	0.289	0.127	3.59901502621797e-42
Ptpre	1.76110877247722e-46	0.418535529059529	0.745	0.527	3.74482169379555e-42
Ivns1abp	2.8867078327743e-46	0.444931168105553	0.515	0.333	6.13829553561127e-42
Slc3a2	2.92626468816731e-46	0.48466983860421	0.817	0.717	6.22240923291897e-42
Sgpl1	6.2807190228321e-46	0.421671502405142	0.652	0.481	1.33553209301502e-41
Rasa4	1.42748810913965e-45	0.315339906672047	0.373	0.187	3.03541071527455e-41
Pirb	1.85095116341846e-45	0.371788540985557	0.723	0.476	3.93586255389301e-41
Slc12a6	4.5694943485806e-45	0.447283759045483	0.476	0.3	9.71657278282178e-41
Arrdc3	8.44754257413913e-45	0.54361235778237	0.462	0.283	1.79628545296494e-40
Milr1	8.74663326387079e-45	0.371305122440863	0.472	0.272	1.85988409722949e-40
Slc4a7	1.28889701308069e-44	0.418500732656248	0.526	0.342	2.74071060861478e-40
Snx6	1.74026622318055e-44	0.493852246726484	0.827	0.733	3.70050209697112e-40
Prex1	2.28014238339213e-44	0.391426493790119	0.484	0.292	4.84849476404503e-40
Scn1b	2.67528408780061e-44	0.342647102710105	0.391	0.206	5.68872408429921e-40
Fcho2	2.67780465664433e-44	0.396073410776848	0.746	0.598	5.69408382188851e-40
Ppt1	4.66279292794943e-44	0.342801302590759	0.717	0.566	9.91496288199166e-40
Cmah	5.13539872991845e-44	0.284138207069242	0.411	0.208	1.09199118592986e-39
Otulinl	5.20792406814797e-44	0.370285893602507	0.578	0.363	1.10741297385099e-39
Map3k8	6.44451462470853e-44	0.539935388538106	0.54	0.377	1.37036158979802e-39
Ddx5	7.35025782369586e-44	0.328575984713422	0.999	0.992	1.56295882363069e-39
Rnaset2a	9.34082001908025e-44	0.502024277879259	0.703	0.582	1.98623196885723e-39
Pdcd2l	1.08631784611117e-43	0.428608296203128	0.458	0.28	2.3099462679708e-39
Gapvd1	1.26777964442654e-43	0.420888438202428	0.616	0.457	2.69580663590859e-39
Arap1	1.45792277679241e-43	0.397603812841607	0.564	0.379	3.10012699257137e-39
Cbl	1.76104026550808e-43	0.447001457575666	0.761	0.632	3.74467602057638e-39
Plekho1	3.12061503954119e-43	0.359034447680824	0.793	0.565	6.63567582008038e-39
Nfe2l2	3.30884239388299e-43	0.41872152980821	0.82	0.707	7.03592246635279e-39
Epn1	6.23752077141846e-43	0.41886448234988	0.707	0.589	1.32634641683442e-38
Pxdc1	1.22957305541937e-42	0.281438670793053	0.258	0.109	2.61456414504375e-38
Herpud1	1.32063330007578e-42	0.685926329316073	0.647	0.497	2.80819464928114e-38
Ppp3ca	1.34591627135237e-42	0.424786910459476	0.795	0.669	2.86195635940368e-38
Axl	1.72697959740983e-42	0.391681175801587	0.555	0.358	3.67224941593226e-38
Ypel3	1.94402416459901e-42	0.4214945612979	0.699	0.546	4.13377298360333e-38
Cmtm6	2.59563659945382e-42	0.445826313001372	0.612	0.466	5.5193616650786e-38
Trim47	3.84035844541693e-42	0.386393497401208	0.412	0.237	8.16613819833457e-38
Lamp2	7.29727759927154e-42	0.361092811947319	0.934	0.858	1.5516931087091e-37
Slc45a4	8.83381451113497e-42	0.38668888183877	0.421	0.252	1.87842231764774e-37
Dok3	9.09890953879303e-42	0.314648215706907	0.356	0.184	1.93479212432895e-37
Galnt1	1.04259978118077e-41	0.425802142355703	0.695	0.556	2.21698417470279e-37
Sbno2	1.04943829901519e-41	0.709319273627274	0.68	0.543	2.23152559902591e-37
5031439G07Rik	2.33345224281022e-41	0.410053459652808	0.588	0.411	4.96185284911165e-37
Slc11a1	4.98024116592815e-41	0.318730192658747	0.538	0.328	1.05899848152296e-36
Rnaset2b	5.60433383283037e-41	0.473278277084545	0.621	0.478	1.19170554621305e-36
Zswim6	6.27009573421873e-41	0.430500641417018	0.516	0.337	1.33327315692427e-36
Snx29	8.97172432340846e-41	0.27607800203058	0.255	0.112	1.90774746012958e-36
Klhl6	2.07742445477613e-40	0.309768928972924	0.305	0.147	4.41743536063595e-36
Arhgap30	2.7724442027646e-40	0.371273610385279	0.74	0.518	5.89532535275864e-36
Ctsf	3.10788134825741e-40	0.336558079933269	0.347	0.183	6.60859889893456e-36
Pip4p1	4.82492416131611e-40	0.419082478783896	0.58	0.434	1.02597187366226e-35
Ets2	7.3360356270565e-40	0.520052655129766	0.644	0.502	1.55993461573729e-35
Nfkbid	1.18583096222495e-39	0.518798457484262	0.388	0.218	2.52155095807513e-35
Ctsd	1.29895298016115e-39	0.583375954904957	0.867	0.82	2.76209361701466e-35
Eef2k	3.03992182251476e-39	0.341374516602737	0.339	0.184	6.4640897633954e-35
Ccr1	4.16050868845532e-39	0.329797441877619	0.73	0.481	8.84690567513139e-35
Tut7	4.1876132249109e-39	0.435881161143872	0.767	0.678	8.90454076145054e-35
Fam111a	9.78331584261103e-39	0.376665121066939	0.624	0.437	2.08032428077281e-34
Mfsd11	1.36014716316828e-38	0.317446875744643	0.348	0.189	2.89221692776102e-34
Gusb	1.38977929989582e-38	0.401744498370417	0.65	0.503	2.95522670329847e-34
Antxr2	1.11011127847419e-37	0.397980769612101	0.52	0.352	2.36054062254751e-33
Oser1	1.32042583333696e-37	0.442877509194449	0.5	0.337	2.8077534920077e-33
Trim41	1.39321814013744e-37	0.350012714947783	0.405	0.245	2.96253905318824e-33
Hcls1	3.6419498568377e-37	0.314765893774223	0.794	0.56	7.74424217557968e-33
Gm10138	5.83706968826742e-37	0.289996975249663	0.209	0.087	1.24119449851318e-32
Fam129a	1.49693001617078e-36	0.402867184143272	0.544	0.379	3.18307198638555e-32
Adcy7	1.90087744330091e-36	0.357720929496163	0.442	0.272	4.04202579543506e-32
Ctss	3.39584664514913e-36	0.29651618226415	0.995	0.646	7.22092830624511e-32
Tob2	3.48886948549023e-36	0.524049731190066	0.581	0.434	7.41873207394643e-32
Adam33	8.63832396164983e-36	0.311923316058616	0.237	0.107	1.83685320720522e-31
Susd3	8.93618917745317e-36	0.268926553464262	0.328	0.173	1.90019126669364e-31
Ogfrl1	1.18120217105255e-35	0.377660923737536	0.51	0.354	2.51170829652614e-31
Irf1	1.24697323712894e-35	0.636980060325135	0.74	0.629	2.65156389143098e-31
Tbc1d8	1.32145020765562e-35	0.282074758946245	0.249	0.115	2.8099317215589e-31
Tcn2	1.63572508815227e-35	0.389319189258921	0.555	0.409	3.47820582744699e-31
Grap	1.73248661141185e-35	0.264651510753904	0.276	0.132	3.68395953050616e-31
Rbpj	3.60440455246785e-35	0.321845078210884	0.895	0.769	7.66440584036764e-31
Sfmbt1	4.16990830205831e-35	0.287538811623958	0.282	0.142	8.86689301349678e-31
Fam174a	4.19110697982425e-35	0.399046203209093	0.649	0.523	8.91196988189829e-31
Fkbp15	5.13568980566347e-35	0.410489366588654	0.477	0.332	1.09205308027628e-30
Cflar	6.12676466533992e-35	0.408020173498057	0.633	0.512	1.30279523843788e-30
Cep68	7.38365996925272e-35	0.300441347993506	0.255	0.124	1.5700614558619e-30
Fchsd2	9.45695882772247e-35	0.366526521715039	0.455	0.296	2.01092772512691e-30
St6gal1	9.49426392097167e-35	0.349554791217893	0.345	0.195	2.01886028015542e-30
Lpin2	1.264732688207e-34	0.386975112636188	0.447	0.295	2.68932758820336e-30
Gnaq	1.6896435487937e-34	0.407162324557146	0.608	0.479	3.59285804215492e-30
Fbxw4	1.91607219694577e-34	0.275492884829696	0.267	0.132	4.07433591958549e-30
Epsti1	3.24469433408315e-34	0.278202166552117	0.653	0.454	6.89951803199441e-30
Tmem37	3.68296786875462e-34	0.3708659546383	0.475	0.314	7.83146287611983e-30
Arrb1	3.92663335196545e-34	0.322556494890548	0.357	0.205	8.34959315961933e-30
Zfp704	4.34258258719324e-34	0.340015851532212	0.323	0.179	9.23406761340771e-30
Rad51b	4.91801316925124e-34	0.355053938606005	0.3	0.159	1.04576632030958e-29
Slc16a10	4.97554079279809e-34	0.260664286371504	0.286	0.144	1.05799899418059e-29
Rnf141	8.13836922170951e-34	0.35153719920652	0.418	0.269	1.73054283130431e-29
Arhgap45	8.69204707702574e-34	0.320923204850511	0.554	0.375	1.84827689045875e-29
Cd48	8.9067459894889e-34	0.3295329842697	0.539	0.36	1.89393046720492e-29
Zfp90	9.43432592613962e-34	0.328038136338931	0.324	0.182	2.00611506493433e-29
Tfe3	1.34588175993502e-33	0.395044161329635	0.519	0.375	2.86188297432584e-29
Nlrp3	1.42409367425324e-33	0.373505371113525	0.413	0.245	3.02819278893209e-29
Nudt16	1.58442306945916e-33	0.339073507357317	0.457	0.301	3.36911721489797e-29
Fermt3	1.68802316401038e-33	0.335671636967543	0.724	0.52	3.58941245595167e-29
Dgkd	1.83331921554483e-33	0.343058899728953	0.44	0.281	3.89836997993453e-29
Il21r	3.05322862115068e-33	0.320497244380139	0.496	0.316	6.49238534001481e-29
Grk2	3.71033172272013e-33	0.352576498186693	0.717	0.587	7.88964937519209e-29
Cmklr1	4.17656498142091e-33	0.322827558207828	0.426	0.261	8.88104777649343e-29
Sgpp1	4.82341126757849e-33	0.343268191233108	0.4	0.255	1.02565017193789e-28
Tnfaip8	5.77262879607828e-33	0.334147287786129	0.809	0.7	1.22749178719809e-28
Myh10	8.53994772438604e-33	0.325961231108721	0.369	0.215	1.81593448411345e-28
Tnfsf12	1.00898307880805e-32	0.343849792754335	0.522	0.357	2.14550161877744e-28
BC005537	1.06133887608858e-32	0.397138429344986	0.815	0.752	2.25683098611475e-28
2410006H16Rik	1.12347964403091e-32	0.401162260800944	0.738	0.645	2.38896711506732e-28
Lfng	1.163745642227e-32	0.525313633699266	0.517	0.366	2.4745887336315e-28
Sipa1	1.28875456341444e-32	0.347978596291885	0.553	0.399	2.74040770364447e-28
Klf2	1.3167048167812e-32	0.844073923146641	0.74	0.624	2.79984112240354e-28
Gm45222	1.46306336281e-32	0.302247906615294	0.275	0.138	3.11105793467918e-28
Maml2	1.87077832244851e-32	0.284424573428907	0.276	0.141	3.97802302485452e-28
Rap1b	2.01078354047586e-32	0.264298855167799	0.967	0.895	4.27573012046788e-28
Arhgef3	2.02949756587637e-32	0.297130021970764	0.359	0.203	4.31552362407952e-28
Hmox2	2.11700281492127e-32	0.348768861757132	0.669	0.554	4.50159478564858e-28
Entpd1	2.22407159452528e-32	0.313731926501029	0.516	0.34	4.72926583859856e-28
Nisch	3.91020697878214e-32	0.434365422242185	0.709	0.623	8.31466411968234e-28
Sulf2	4.97295382172945e-32	0.344132240450462	0.473	0.315	1.05744890065255e-27
Gltp	6.16361029309136e-32	0.371049466580085	0.664	0.548	1.31063009272295e-27
Synj1	8.83532297654582e-32	0.3775702217439	0.518	0.377	1.8787430777327e-27
Snx30	1.01561057248371e-31	0.274269392506767	0.306	0.167	2.15959432132935e-27
Gm37474	1.2228830029624e-31	0.304224340767518	0.211	0.094	2.60033841749925e-27
Ctnnd1	1.33309206043479e-31	0.363712878567841	0.46	0.313	2.83468695730855e-27
St8sia4	1.41050711451358e-31	0.356012233787592	0.575	0.397	2.99930232830168e-27
Tk2	1.75604900524904e-31	0.321360187281721	0.327	0.188	3.73406260476155e-27
Foxn3	1.90154720506468e-31	0.364321730888063	0.64	0.512	4.04344997684953e-27
Peli2	2.70650116122935e-31	0.282442753083053	0.269	0.138	5.75510406923809e-27
Erp29	2.96794478434566e-31	0.276210322637232	0.912	0.824	6.31103778943262e-27
Slfn8	3.04807214160231e-31	0.298000382584855	0.426	0.265	6.48142060190316e-27
Gmip	3.96480805303519e-31	0.326378166218846	0.434	0.286	8.43076784397403e-27
Slc25a45	4.51167123811218e-31	0.251469377700048	0.283	0.148	9.59361772072174e-27
Cysltr1	4.92760056296161e-31	0.254163799223622	0.621	0.43	1.04780498370816e-26
Taok3	5.30427091029857e-31	0.355119644780763	0.663	0.534	1.12790016636589e-26
Ppp1r10	5.57049317357499e-31	0.470043991193435	0.611	0.509	1.18450966842899e-26
Ucp2	5.63356357861262e-31	0.284468560909759	0.954	0.869	1.19792095935619e-26
Nfatc1	6.78736894173141e-31	0.295328286396385	0.412	0.254	1.44326613176977e-26
Tpd52	1.13685096380544e-30	0.261752850969567	0.789	0.643	2.41739988943589e-26
Fgl2	1.29274671412886e-30	0.372083237025242	0.765	0.614	2.74889661292362e-26
Dmxl1	1.73658827354677e-30	0.38151515961401	0.545	0.422	3.69268130486985e-26
Pilrb2	2.61520099531893e-30	0.252321915844423	0.291	0.153	5.56096339644617e-26
Dazap2	2.69643505384781e-30	0.321631728387042	0.819	0.751	5.73369949850199e-26
Socs3	2.74650551508832e-30	0.462013183354194	0.781	0.713	5.84016932728379e-26
Arhgef2	3.00832293668843e-30	0.351193021553332	0.571	0.44	6.39689789257427e-26
Mpp1	3.86355322966133e-30	0.350411388553099	0.553	0.425	8.21545958755184e-26
Ninj1	4.3872901451584e-30	0.316088183375907	0.678	0.539	9.32913376466482e-26
Tgif1	4.50956647071269e-30	0.346659809777427	0.432	0.278	9.58914214332347e-26
Ptpn6	4.6475749405186e-30	0.288093781666965	0.698	0.514	9.88260335351874e-26
Tle4	7.1352411649727e-30	0.348795095634558	0.634	0.495	1.51723768131979e-25
Mxd4	7.23757500744589e-30	0.364760304423704	0.671	0.538	1.53899794958329e-25
Myo1f	8.30529550388999e-30	0.29194148734539	0.449	0.287	1.76603803594717e-25
Rhobtb1	8.34757266989335e-30	0.307118307879474	0.26	0.137	1.77502785252612e-25
Tsc22d4	1.0527067474649e-29	0.302583265607853	0.829	0.757	2.23847562780936e-25
Mast3	1.14518255064084e-29	0.273000658129158	0.297	0.164	2.43511617568269e-25
N4bp2l1	1.47344136643381e-29	0.264946114834023	0.268	0.139	3.13312572158486e-25
Slc7a7	1.90078984728901e-29	0.292448458177071	0.351	0.209	4.04183953127536e-25
Mitf	2.10533661844585e-29	0.279710080681611	0.319	0.178	4.47678778546326e-25
Vps18	2.18791808897736e-29	0.295172941367353	0.283	0.156	4.65238902440146e-25
Gm26778	2.75542136159623e-29	0.329215567190998	0.237	0.116	5.85912798329823e-25
Kdm6b	6.02015050006132e-29	0.617284505498169	0.672	0.579	1.28012480233304e-24
Fez2	6.05957386290439e-29	0.368699666906451	0.484	0.353	1.28850778620799e-24
Dnajb14	6.56107070638365e-29	0.387068416996807	0.512	0.384	1.39514607500542e-24
Osbpl11	6.73401377332506e-29	0.325806946491973	0.406	0.265	1.43192068875984e-24
Hps3	7.318699863315e-29	0.309788495304649	0.401	0.256	1.5562483389353e-24
Rab7b	1.13303531408135e-28	0.416706311621869	0.431	0.295	2.40928629186259e-24
Dnajb1	1.31968617982256e-28	0.864277623665042	0.51	0.389	2.80618069277469e-24
Wasf2	1.5011225732254e-28	0.308605422845615	0.816	0.753	3.19198703970648e-24
Dram2	1.90276567044111e-28	0.359983812878735	0.497	0.365	4.04604092162597e-24
Themis2	2.5193217955769e-28	0.275728703675301	0.44	0.28	5.35708586611472e-24
Cat	2.5837111629877e-28	0.35289628026302	0.473	0.344	5.49400341697704e-24
Mfsd1	6.94876946621538e-28	0.344842610081548	0.598	0.487	1.47758633929604e-23
Gm37420	1.16050455543665e-27	0.278324902518853	0.203	0.094	2.46769688668049e-23
Cebpb	1.36643079883696e-27	0.320363451230583	0.919	0.821	2.90557845064692e-23
Tubgcp5	1.91080233666972e-27	0.340775645319909	0.344	0.212	4.06313008869449e-23
Peak1	2.04970998329313e-27	0.35049011745955	0.453	0.314	4.35850330847451e-23
Ttyh3	2.1483334604369e-27	0.310291751811101	0.454	0.319	4.56821627027302e-23
Pnrc1	3.22732447009987e-27	0.366284805872017	0.902	0.841	6.86258275322036e-23
Ifnar1	5.45289821983863e-27	0.354845967063332	0.591	0.476	1.15950427746649e-22
Atp6ap2	9.38735583329805e-27	0.336581969563348	0.681	0.579	1.9961273443925e-22
Dennd5a	9.51845146403454e-27	0.348271126524429	0.541	0.422	2.0240035193123e-22
Rps6ka1	1.00208676249591e-26	0.289293498625752	0.464	0.327	2.1308372917713e-22
Rock2	1.43915368809897e-26	0.377745281119848	0.751	0.676	3.06021640237364e-22
Plau	1.46523058456304e-26	0.298012649201967	0.281	0.156	3.11566631501485e-22
Tbc1d5	1.60455517018239e-26	0.318556982630088	0.414	0.285	3.41192611387584e-22
Pias1	1.61580604808683e-26	0.33300211768658	0.464	0.337	3.43584998065184e-22
Fosb	1.67074730958682e-26	0.576880737337352	0.605	0.468	3.55267707910542e-22
Ptpra	1.98777067565384e-26	0.339930624521907	0.652	0.555	4.22679556471032e-22
Efhd2	3.26166385517099e-26	0.29672198980498	0.862	0.735	6.9356020216356e-22
Bri3	4.65129990301779e-26	0.343262977301211	0.888	0.833	9.89052411377704e-22
Crlf3	4.95690133318842e-26	0.329311603538652	0.536	0.397	1.05403549948919e-21
Dock2	5.66076175955333e-26	0.252551811438474	0.624	0.442	1.20370438055142e-21
Cd302	5.72436703788523e-26	0.2907705332268	0.631	0.497	1.21722940693592e-21
Hspa1b	6.24174560388019e-26	1.25573213252995	0.522	0.441	1.32724478520908e-21
Snx8	6.8294618087165e-26	0.269900607986815	0.38	0.244	1.45221675900548e-21
Arhgap25	7.73543286051674e-26	0.254380716207266	0.314	0.183	1.64486244346028e-21
Dnase2a	9.43527264833905e-26	0.348893876412557	0.503	0.389	2.00631637594282e-21
Crebrf	2.29106656009028e-25	0.319428311422348	0.487	0.353	4.87172393337598e-21
Dennd1c	2.42448753479974e-25	0.264233315892905	0.319	0.188	5.15543029399817e-21
Aim2	3.39498206170487e-25	0.251621894346508	0.352	0.216	7.21908985600924e-21
Mvb12b	4.05080059860494e-25	0.260968237025274	0.323	0.198	8.61362239287353e-21
Mertk	8.06783875783455e-25	0.329127126821305	0.367	0.24	1.71554523346594e-20
Syk	1.48716451377794e-24	0.256724566069488	0.601	0.437	3.16230662209742e-20
Sh2b3	1.55361133824656e-24	0.31328650585056	0.39	0.258	3.30359914964749e-20
Abhd6	1.59137519174519e-24	0.273789164702062	0.22	0.116	3.38390020772697e-20
Cln8	1.74753701449442e-24	0.280953686711638	0.358	0.231	3.71596270762094e-20
Flcn	1.89158446192856e-24	0.256335794460932	0.262	0.146	4.02226519984488e-20
Nt5c2	2.0644908558995e-24	0.266148371706243	0.365	0.239	4.3899333559847e-20
Plekho2	2.19810772521325e-24	0.347226966721731	0.651	0.537	4.67405626689346e-20
Cdr2	2.23428678502172e-24	0.268617042030759	0.212	0.11	4.75098741967018e-20
Mafg	3.40829364122025e-24	0.312820949399227	0.505	0.38	7.24739559869074e-20
Washc4	3.65787008621169e-24	0.326694760792047	0.492	0.377	7.77809495132054e-20
Hs6st1	3.74729684453699e-24	0.311279460230971	0.348	0.229	7.96825201022345e-20
Tet3	7.04901935932938e-24	0.320799473002188	0.532	0.41	1.4989034765678e-19
Wdfy2	8.50475458276016e-24	0.268113186803711	0.476	0.335	1.80845101447812e-19
Errfi1	8.74772794835135e-24	0.605446955251315	0.427	0.305	1.86011687093743e-19
Mgat4a	1.3475964861063e-23	0.267232420585942	0.441	0.307	2.86552916805644e-19
Itpripl1	1.78621648988017e-23	0.276231103884577	0.298	0.18	3.79821074408119e-19
Aftph	1.93423973949139e-23	0.356992129494651	0.525	0.414	4.1129673820545e-19
Rsrp1	2.08206279924512e-23	0.33173650051851	0.851	0.823	4.42729833631483e-19
Prcp	2.98897726678821e-23	0.284855639130862	0.556	0.435	6.35576126009845e-19
Atp6v0a1	3.05893917293503e-23	0.284836029324957	0.577	0.459	6.50452825732905e-19
Neu1	4.68706555035175e-23	0.329289619871185	0.446	0.329	9.96657618626796e-19
Daglb	5.3806593967968e-23	0.307477619224462	0.442	0.321	1.14414341413487e-18
Tmem170b	7.89554319497762e-23	0.262018066189554	0.286	0.171	1.67890830498004e-18
Slc20a1	8.09067061481623e-23	0.51657761458265	0.322	0.208	1.72040019953452e-18
Tbc1d14	1.13913801864175e-22	0.268474586285717	0.407	0.283	2.42226308283982e-18
Ifnar2	2.69615160364912e-22	0.283290556385618	0.812	0.731	5.73309676999948e-18
Kdm2b	3.38397435569146e-22	0.2848320633443	0.36	0.24	7.19568306994232e-18
Rragc	4.19863124203561e-22	0.340080737143648	0.513	0.412	8.92796947306452e-18
Sh3bp5	4.72011924120646e-22	0.284951496948523	0.411	0.283	1.00368615545014e-17
Mtr	7.56557985986549e-22	0.250199074903078	0.288	0.177	1.6087449014018e-17
Rgl1	9.6639998973866e-22	0.267288061671202	0.644	0.49	2.05495293818029e-17
Srsf5	1.09545617727409e-21	0.306126356695921	0.878	0.862	2.32937801535562e-17
Gm8995	1.43941371352328e-21	0.308555292394595	0.526	0.366	3.06076932043591e-17
Rnf169	1.60588271159313e-21	0.263986131598225	0.318	0.203	3.41474899793163e-17
Dgkz	2.63856111999423e-21	0.267600081398175	0.449	0.335	5.61063636555573e-17
Raph1	2.8017963819846e-21	0.330797729747763	0.498	0.386	5.95773982665206e-17
Klhl24	3.38262173427733e-21	0.278771075756143	0.51	0.392	7.19280685576732e-17
Ep300	6.03545057629104e-21	0.289792727758315	0.622	0.529	1.28337821054253e-16
Gpr84	7.67223981521469e-21	0.306166665354173	0.152	0.069	1.63142507430725e-16
Scpep1	9.77077277897039e-21	0.273289467923678	0.619	0.519	2.07765712372026e-16
Mat2a	1.00737447555908e-20	0.407200357045464	0.738	0.675	2.14208108482882e-16
Rap1gds1	1.11662927844489e-20	0.2697582489738	0.499	0.382	2.37440049768522e-16
Gnpda1	1.30115229918717e-20	0.298788822300754	0.414	0.3	2.76677024899159e-16
Washc2	1.46746923641288e-20	0.310053269175488	0.556	0.461	3.12042658430834e-16
Zfp385a	5.04643059522721e-20	0.263851124351598	0.364	0.255	1.07307300176911e-15
Dcxr	5.79398455339727e-20	0.313510470467687	0.352	0.247	1.2320328754344e-15
Pnpla7	5.99209068754176e-20	0.271608119107141	0.328	0.219	1.27415816379888e-15
Arid5a	6.90144946663504e-20	0.266621595863279	0.511	0.388	1.46752421458527e-15
Dnmt3a	1.19821626473344e-19	0.29341730260674	0.409	0.297	2.54788706532919e-15
Rasa1	2.32198406109183e-19	0.297277260604791	0.506	0.404	4.93746690750567e-15
Fnip1	2.46231522330206e-19	0.263719064076412	0.482	0.376	5.2358670908295e-15
Ppp1r12c	2.51264070289782e-19	0.313326658368369	0.499	0.403	5.34287919064192e-15
Birc3	3.06464133495269e-19	0.443495766219762	0.471	0.367	6.51665333464341e-15
Clec12a	3.5757657531672e-19	0.298187324541616	0.375	0.244	7.60350829753473e-15
Gxylt1	4.27849682800467e-19	0.278867710531783	0.337	0.234	9.09779565506914e-15
Sema4a	5.34373907041594e-19	0.28167642896262	0.463	0.341	1.13629267593325e-14
Rcsd1	5.44656900631041e-19	0.260404382954053	0.4	0.288	1.15815843350184e-14
Plxnb2	9.10923757617583e-19	0.275764759064752	0.557	0.448	1.93698827819803e-14
Map3k1	9.30596281912607e-19	0.279282757714123	0.49	0.388	1.97881993385897e-14
Phactr2	1.09772252533556e-18	0.282335306873639	0.397	0.291	2.33419717787353e-14
Ly96	1.34489436641929e-18	0.287784250814937	0.366	0.267	2.85978338075398e-14
Hlx	2.20562649126984e-18	0.284556047623735	0.43	0.323	4.6900441710362e-14
Pcyox1	2.36654388148889e-18	0.262140328919183	0.358	0.251	5.03221890959798e-14
Vamp3	2.36943844597547e-18	0.277449663086041	0.55	0.468	5.03837391152224e-14
Kansl1l	2.77254093486446e-18	0.25075168555269	0.278	0.179	5.89553104389579e-14
Lamtor1	3.58418080345327e-18	0.274465457417885	0.69	0.645	7.62140206046302e-14
Zfp652	4.91995174361342e-18	0.307046438631672	0.438	0.345	1.04617853876196e-13
Hk2	7.19869069529422e-18	0.26985292740559	0.69	0.52	1.53072958944736e-13
mt-Nd3	8.92717621115326e-18	0.37770840577629	0.711	0.628	1.89827474953963e-13
H2-M3	9.67433917694358e-18	0.258061029603446	0.452	0.35	2.05715148258528e-13
Rassf2	1.12947166003195e-17	0.283458371643463	0.413	0.313	2.40170853789194e-13
Nav1	1.33141905825182e-17	0.277774450598056	0.481	0.373	2.83112948546667e-13
Tsc22d3	1.45330685005752e-17	0.393820641614912	0.443	0.337	3.09031168596232e-13
Tor1aip1	1.9137100128855e-17	0.259856251405966	0.744	0.697	4.06931297139972e-13
Zmiz1	2.20014979642177e-17	0.269748600686913	0.654	0.574	4.67839852711125e-13
Tubb2a	3.39086044956848e-17	0.25444908684378	0.561	0.457	7.21032565996241e-13
Gm26669	3.49154222702176e-17	0.416452546643298	0.307	0.21	7.42441539153906e-13
Bcl2l1	3.79939368322976e-17	0.276495544852547	0.389	0.292	8.07903072801976e-13
Usf2	4.50298237587195e-17	0.255876391746604	0.616	0.545	9.57514172405410e-13
Tnrc18	5.01901995900923e-17	0.303820248287993	0.528	0.451	1.06724440408372e-12
Tmem141	8.0537673789961e-17	0.264816411660508	0.332	0.238	1.71255309546973e-12
Mon2	8.12146311903675e-17	0.285676635788218	0.473	0.383	1.72694791763198e-12
Acsl1	9.06437115885628e-17	0.261656146880571	0.274	0.175	1.9274478832192e-12
Chd9	1.07755503352376e-16	0.306205059548291	0.538	0.456	2.29131302328493e-12
Adam17	1.24304455987073e-16	0.274802573017862	0.539	0.457	2.64320995210913e-12
Hsd17b11	1.31864470428554e-16	0.274215685756615	0.519	0.437	2.80396609919277e-12
H2-Ea-ps	2.31586267321767e-16	1.1355484436268	0.425	0.344	4.92445038833006e-12
Chka	2.68816706918221e-16	0.624169575168753	0.315	0.215	5.71611845590904e-12
mt-Atp6	3.06019784398798e-16	0.397655529336767	0.864	0.846	6.50720469545603e-12
Dynll2	3.65851041459988e-16	0.313943402227104	0.541	0.461	7.77945654560518e-12
Tagap	4.78807920778883e-16	0.347728127173479	0.269	0.176	1.01813716274422e-11
Pkn1	8.1253103747056e-16	0.269577934388583	0.57	0.49	1.7277659980774e-11
Icam1	1.45932530527232e-15	0.779787700363784	0.53	0.474	3.10310932913107e-11
Eid1	3.29709711042717e-15	0.267136142102277	0.733	0.683	7.01094729561234e-11
Mapk14	4.8364332128348e-15	0.252360137616965	0.461	0.377	1.02841915837719e-10
2810013P06Rik	9.37591230529622e-15	0.271203714625219	0.333	0.237	1.99369399259819e-10
Morc3	9.71440492233122e-15	0.266913182485342	0.542	0.464	2.06567106268451e-10
Tbc1d9b	2.86641492825208e-14	0.259291813555894	0.383	0.3	6.09514470343523e-10
Atp6ap1	3.97159663813109e-14	0.267963869516513	0.631	0.593	8.44520309132195e-10
Csnk1e	3.99143133383077e-14	0.261574952026028	0.416	0.332	8.48737958825775e-10
Ripk1	4.0221375844266e-14	0.277132023991459	0.506	0.437	8.55267335952471e-10
Commd8	4.84404318440092e-14	0.26658853373844	0.518	0.446	1.03003734273101e-09
Pum2	6.05431482656581e-14	0.250873667006417	0.673	0.621	1.28738950472095e-09
Pan3	8.20589626918143e-14	0.254226004905338	0.482	0.398	1.74490178267874e-09
Acbd5	1.39182042217246e-13	0.250274022932433	0.468	0.394	2.95956694570752e-09
Tnfaip3	1.98745142712472e-13	0.258805744324691	0.461	0.36	4.226116714638e-09
Specc1l	3.16490261125006e-13	0.258738186294721	0.397	0.32	6.72984891256213e-09
Sqstm1	3.4094854234594e-13	0.375148998564716	0.656	0.612	7.24992980444407e-09
Hprt	5.73099012856071e-13	0.251982490661344	0.665	0.611	1.21863774093715e-08
Trim8	9.44177027380016e-13	0.279711265094354	0.471	0.405	2.00769803102087e-08
Mid1ip1	2.30142923589101e-12	0.294192690854597	0.378	0.294	4.89375912719865e-08
Tank	2.50991323443147e-12	0.260600295136504	0.411	0.337	5.33707950169507e-08
Hivep2	3.11542483072673e-11	0.28111356071485	0.499	0.435	6.62463936005733e-07
Adipor1	3.16139020941901e-11	0.256081709331963	0.554	0.521	6.72238014130858e-07
Gm26532	2.2537876542693e-10	0.390659037431679	0.474	0.403	4.79245406803825e-06
Hgsnat	5.91518567787066e-10	0.282468458784411	0.334	0.269	1.25780508254242e-05
Ifrd1	6.51005645078953e-10	0.436361954336931	0.593	0.562	1.38429840369589e-05
Cxcl1	6.56488596695965e-10	0.391299860023612	0.156	0.096	1.3959573520143e-05
Dnajb9	2.7533033092892e-09	0.323343297738319	0.45	0.398	5.85462415687256e-05
Cdk6	5.79310831594524e-08	0.25347781433057	0.406	0.355	0.0012318465523026
Tnfsf9	6.29755365312182e-07	0.375584969253528	0.177	0.126	0.0133911180879982
AC160336.1	9.77626618987864e-07	0.326599955148852	0.494	0.465	0.0207882524261579
Csrnp1	2.2502490608904e-06	0.251859229112627	0.438	0.388	0.0478492960307734
