id	p_val	avg_log2FC	pct.1	pct.2	p_val_adj
Mrc1	0	2.07954827896879	0.999	0.53	0
Fcna	0	1.99016820665574	0.392	0.045	0
Folr2	0	2.10607286174261	0.718	0.143	0
Cbr2	0	1.92317806582755	0.74	0.181	0
Cd163	9.75117625665874e-295	2.38337368101724	0.762	0.23	2.07349011921591e-290
Ccl8	5.40101690997659e-284	3.00071077184866	0.797	0.268	1.14847223573742e-279
Ctsb	6.15543780452487e-279	1.456248688038	1	0.948	1.30889229475417e-274
Maf	1.12107758896989e-273	1.66665571431975	0.997	0.681	2.38385938518557e-269
Pf4	5.90044344770625e-271	2.02699064091621	0.928	0.367	1.25467029472026e-266
Lgmn	9.72104969364367e-267	1.52914546869489	0.991	0.717	2.06708400685639e-262
Fcgrt	5.52652216834775e-266	1.50567705192061	0.965	0.641	1.17515967387747e-261
Dab2	2.16782145036647e-261	1.54565314040327	0.996	0.723	4.60965553205926e-257
Cltc	1.94832719005807e-254	1.28921210515693	0.999	0.877	4.14292293693947e-250
Ap2a2	4.37551553512692e-240	1.35631876906472	0.979	0.731	9.30409623389388e-236
Ccl6	1.17312435661075e-237	1.9155148497297	0.989	0.551	2.4945316318971e-233
Clec10a	4.48233194773355e-215	1.28024884713808	0.776	0.281	9.53123065366061e-211
Lyve1	4.07335093159983e-212	1.84800793159236	0.444	0.091	8.66157342095387e-208
Selenop	1.75548607200059e-198	1.60630319247191	0.995	0.783	3.73286558350206e-194
Ap1b1	7.76788327124888e-195	1.02470227825332	0.886	0.478	1.65176269879836e-190
Grn	1.16712056231553e-192	1.20468102131134	0.987	0.814	2.48176516370774e-188
Itsn1	3.35131015808452e-191	0.950366096126191	0.754	0.311	7.12622592015093e-187
Ctsd	2.79487943485426e-188	1.30889740569719	0.983	0.813	5.94303163027411e-184
Ccl9	2.44837466337731e-187	1.48414033595753	0.898	0.43	5.20622388420552e-183
Npl	3.99443482315815e-181	0.719875182084738	0.448	0.103	8.4937662079635e-177
Snx2	1.11228441566462e-172	1.0940082292968	0.914	0.646	2.36516158146925e-168
Snx6	1.85558298125372e-170	1.18664389563528	0.942	0.726	3.94571165133792e-166
Snx5	8.43045956208755e-170	0.98149990976316	0.964	0.732	1.7926529212823e-165
Lamp1	7.36160308795795e-169	0.880116293069491	0.996	0.935	1.56537128062338e-164
C1qc	1.33418075077029e-168	1.31270599262954	0.943	0.502	2.83700194843794e-164
Tmem8	1.52029429039617e-166	0.704033901263036	0.444	0.111	3.23275377909842e-162
Igf1	1.61902355437837e-165	1.03208836097418	0.729	0.289	3.44269168603016e-161
Cd38	2.18060272116745e-162	1.0220609756635	0.827	0.396	4.63683362629046e-158
Rab3il1	7.8612301376918e-161	0.834212087370189	0.876	0.44	1.67161197647878e-156
Ednrb	3.68628169826654e-160	1.10654098040635	0.483	0.13	7.83850940319397e-156
C1qa	1.89264115914264e-159	1.27938828353916	0.934	0.496	4.02451216080092e-155
Fcgr3	2.5651908477946e-158	0.95994368833159	0.992	0.601	5.45462181875044e-154
Ehd4	2.65396722576548e-156	0.970053822956887	0.946	0.644	5.64339590886772e-152
Pdgfc	1.9482173508168e-155	0.503087786681307	0.396	0.091	4.14268937477684e-151
Wwp1	1.52673026388731e-154	1.23563065228781	0.823	0.444	3.24643923312997e-150
Clta	1.89281854422671e-153	0.842957514342959	0.993	0.935	4.02488935244367e-149
Stab1	3.94083416165199e-153	1.47286116976828	0.736	0.312	8.37978976133679e-149
Hmox1	1.40522265247352e-150	1.22453756439168	0.823	0.405	2.98806544821969e-146
C1qb	7.0405189708726e-150	1.17185118379976	0.952	0.535	1.49709595396635e-145
Csf1r	1.07069255543664e-149	1.09945375336668	0.983	0.628	2.27672064988048e-145
Nxpe5	6.55445916401902e-144	0.770919034592422	0.619	0.221	1.393740196637e-139
Rnasel	7.65197475452513e-144	0.987913877424215	0.809	0.424	1.62711591180222e-139
Fcgr2b	1.10099513841068e-141	0.993946709948058	0.973	0.592	2.34115606231648e-137
Myo5a	1.12820071757149e-141	0.864664566856072	0.784	0.408	2.39900600584402e-137
Ccl7	2.85440390146284e-141	1.44899169354198	0.784	0.37	6.06960445607059e-137
Clcn5	6.82143358896975e-141	0.919398229864178	0.713	0.331	1.45050963835853e-136
Cfp	6.19977879655913e-138	0.861674106770537	0.919	0.489	1.31832096330033e-133
Rnase2a	1.86720937453115e-137	1.83616241002818	0.578	0.219	3.97043401400304e-133
Ms4a7	2.15879742381354e-137	0.843973997780449	0.741	0.295	4.59046684199711e-133
Wfdc17	3.21491787558638e-136	1.12911608389276	0.884	0.469	6.83620137064687e-132
Cd209g	6.08270962792674e-136	0.532233027860589	0.118	0.007	1.29342737528234e-131
C3ar1	9.02508736720899e-135	0.797251383404437	0.888	0.44	1.91909457776332e-130
C5ar1	6.13732469991337e-132	0.78782442408885	0.867	0.41	1.30504072418958e-127
Adgre1	7.17278974099216e-132	0.769131716371222	0.826	0.374	1.52522201052457e-127
F13a1	1.12113839452891e-130	1.97290236043051	0.641	0.289	2.38398868212628e-126
Msx3	2.43213845767061e-130	0.68090658713579	0.276	0.052	5.17169921639078e-126
Il4ra	1.30059942213475e-128	1.13075770351642	0.855	0.55	2.76559461122733e-124
Cd209f	7.27035028762806e-127	1.39180968391539	0.143	0.013	1.54596728516123e-122
Stard8	2.6013739369796e-125	0.844477160364499	0.542	0.197	5.53156153959343e-121
Ccl12	1.65683475379448e-121	0.910975606198155	0.762	0.338	3.52309342046857e-117
Mafb	4.85037691350394e-121	1.04050443837041	0.943	0.554	1.03138414688748e-116
Lrp6	5.28226749886276e-121	0.821603534150772	0.78	0.452	1.12322136095818e-116
Bmp2k	6.73327986809133e-120	0.81227301493763	0.831	0.526	1.43176463115094e-115
Cd68	1.02663398236077e-118	0.76161782065548	0.935	0.569	2.18303450009195e-114
Ms4a6d	1.25257519826351e-116	0.930834567112111	0.887	0.487	2.66347590158753e-112
Rab11fip5	1.18932117364281e-115	0.628809591883349	0.56	0.224	2.52897254363408e-111
Ftl1	1.72218019675316e-115	0.747664406638549	1	0.996	3.66204397037592e-111
Nrp1	4.34454745198717e-114	0.772727985442204	0.777	0.401	9.23824570190553e-110
Rgl1	1.60333709155458e-113	0.737377588706944	0.833	0.48	3.40933599148166e-109
Snx3	3.91272155107172e-113	0.795547382875847	0.959	0.837	8.32001110619891e-109
Sdcbp	1.93075313221608e-111	0.659903530275209	0.976	0.863	4.10555346034427e-107
Ccl24	1.00786570258635e-110	1.2891570430814	0.83	0.423	2.14312562997962e-106
Ap2m1	1.63350118221474e-110	0.965828658115246	0.866	0.708	3.47347691386143e-106
Ccl2	1.27801853786076e-108	1.23614265376139	0.818	0.443	2.71757861890713e-104
Tbxas1	9.40696464404879e-108	0.640848648258385	0.778	0.392	2.00029696191054e-103
Zeb2	1.9939957357348e-105	0.762450694958977	0.984	0.686	4.24003253246647e-101
Ifi207	1.9611534681456e-104	0.728313198414067	0.859	0.468	4.1701967346648e-100
Rap1b	3.05227608772963e-104	0.633350820242603	0.988	0.895	6.49035987294828e-100
Slc7a8	1.86888019075778e-103	0.562876740182568	0.568	0.237	3.97398683762734e-99
Atp6v0c	3.37492672034623e-102	0.629588579081646	0.996	0.939	7.17644417814422e-98
Ctsc	5.53671901008958e-102	0.822351452148306	0.981	0.72	1.17732793030545e-97
Ltc4s	1.77667251130794e-101	1.30694104720825	0.522	0.217	3.7779164280452e-97
Trf	3.16954316599811e-100	1.01298519673893	0.903	0.644	6.73971658817839e-96
Dnajc13	4.3925028085922e-100	0.714067233598201	0.75	0.452	9.34021797219046e-96
Sgpl1	4.59485490407465e-99	0.699080026069093	0.788	0.474	9.77049946802434e-95
Mfsd1	1.2533597143963e-98	0.681105536661072	0.764	0.477	2.6651440966923e-94
Siglec1	1.38014114349851e-97	0.422476900288568	0.345	0.098	2.93473212753524e-93
Atp13a2	7.29419884218868e-97	0.633728885970479	0.628	0.307	1.551038441803e-92
Ctsa	8.84148360671982e-96	0.703051116529214	0.923	0.735	1.8800530741329e-91
Timd4	4.33534474912711e-95	0.471154840620902	0.197	0.035	9.21867707454388e-91
Hexa	6.69019398206073e-94	0.822442983878584	0.87	0.651	1.42260284834539e-89
Ccr1	5.53081405193892e-93	0.670696341396452	0.854	0.476	1.17607230000429e-88
Abca1	1.82063887857181e-92	0.935727039240611	0.762	0.47	3.87140651139509e-88
P2ry6	2.33618841533768e-92	0.611044019413558	0.784	0.406	4.96767104637404e-88
Tgfbi	3.69354838007573e-91	0.837640727192599	0.907	0.625	7.85396127539303e-87
Eps15	1.32566235518585e-90	0.762004179214375	0.758	0.488	2.81888843206719e-86
Aif1	1.70859544881963e-90	0.664242118467926	0.956	0.566	3.63315736237006e-86
Slc9a9	2.59649593030812e-90	0.655452263270317	0.475	0.185	5.52118894620719e-86
Tmem106a	3.93287738151797e-90	0.648541235252964	0.729	0.412	8.36287046405981e-86
Ms4a4a	7.97124851979934e-90	0.480198666673094	0.42	0.146	1.69500628525013e-85
Blvrb	1.26059553778416e-89	0.820563344936347	0.794	0.546	2.68053035154423e-85
Rnf130	2.70195487363485e-89	0.617708762244852	0.888	0.663	5.74543684329714e-85
Scamp2	5.44939740001999e-89	0.637211006506849	0.883	0.691	1.15875986314025e-84
Eps8	4.83175961547093e-88	0.670488999538037	0.817	0.551	1.02742536463374e-83
Atp6v0a1	9.89982945249212e-88	0.669155389229452	0.744	0.449	2.10509973477792e-83
Wdfy2	1.1906094679183e-87	0.57798175174239	0.647	0.326	2.53171197258147e-83
Ctsh	2.01060914355021e-87	0.687022194198985	0.968	0.709	4.27535928284517e-83
Snx8	1.54893797568995e-86	0.52349048937696	0.53	0.235	3.29366171150711e-82
Sirpa	1.90971676743304e-86	0.652672890335138	0.874	0.579	4.06082173426962e-82
Ap2s1	3.58924457468264e-86	0.717930441297993	0.879	0.728	7.63216966360517e-82
Bin1	9.68536565335018e-86	0.698501022872428	0.701	0.43	2.05949615252838e-81
Tfec	1.49831856429803e-85	0.585779447869981	0.555	0.237	3.18602459512333e-81
Dse	5.65136055022359e-83	0.637122411826981	0.71	0.404	1.20170530739954e-78
Unc93b1	6.49678415131736e-82	0.681240594470265	0.935	0.653	1.38147618193612e-77
Ninj1	1.20924275997759e-81	0.911108960474447	0.77	0.535	2.57133380481635e-77
Glul	1.78248677596708e-81	0.909680677094622	0.799	0.527	3.79027988041641e-77
Trem2	2.43916167928464e-81	0.64695036205213	0.728	0.405	5.18663339483085e-77
Fcrls	3.11970894664194e-81	0.905313820592488	0.531	0.23	6.63374910413942e-77
Snx30	5.33194393021112e-81	0.447142785038842	0.421	0.161	1.13378455732009e-76
Cd84	3.38283611902545e-78	0.559042685535694	0.757	0.415	7.19326272349572e-74
Tpp1	3.82242940439833e-78	0.642497923646782	0.774	0.528	8.12801388551261e-74
Nckap1l	4.66799672993544e-78	0.531245627710707	0.752	0.427	9.92602824653471e-74
Cndp2	3.84004191506632e-77	0.588036120788615	0.795	0.519	8.16546512819703e-73
Qk	1.36114018937727e-76	0.520642947254392	0.928	0.766	2.89432849869183e-72
Pepd	5.39243248522774e-76	0.605404384433704	0.695	0.427	1.14664684365883e-71
Gns	1.72108438873334e-75	0.612537454758951	0.795	0.544	3.65971384420258e-71
Dhrs3	4.11860977531284e-75	0.622776142544116	0.814	0.539	8.75781182622523e-71
Clec4a1	1.41033224705425e-74	0.563970687313591	0.766	0.416	2.99893049013615e-70
Msr1	1.68179373746736e-74	0.5603672902173	0.732	0.39	3.5761662033506e-70
Ptpn18	1.88313595496304e-74	0.611089411841451	0.958	0.662	4.0043002946334e-70
Slc37a2	1.18120931688913e-73	0.373518643644554	0.332	0.111	2.51172349143305e-69
Gatm	2.85802954680891e-73	0.887140719021664	0.926	0.603	6.07731402833447e-69
Marcks	9.92293483516776e-73	0.676599648341599	0.987	0.772	2.11001286335007e-68
Snx9	1.46144199987482e-72	0.616480759212711	0.71	0.464	3.10761026853382e-68
Kctd12	1.67473640708508e-72	0.679263224432348	0.938	0.692	3.56115949602571e-68
Apoe	2.21902950020032e-72	1.12861177100758	0.923	0.771	4.71854432922596e-68
Lrrc25	2.39415006675628e-72	0.503893249570872	0.774	0.427	5.09092070195056e-68
Ms4a6b	2.48456892887436e-72	0.56977035906979	0.81	0.462	5.28318737035845e-68
Pla2g2d	5.99056208195103e-72	0.511502425176779	0.112	0.015	1.27383312110607e-67
Slc43a2	1.63150806094427e-71	0.543722414674912	0.627	0.329	3.46923874079189e-67
Mgl2	2.87266033174095e-71	0.611153092291029	0.765	0.417	6.10842492941395e-67
Pitpna	4.39166363966327e-71	0.678733150374704	0.915	0.798	9.33843356337998e-67
Ms4a6c	4.84125911596854e-71	0.516873786497157	0.946	0.559	1.02944533841955e-66
Laptm5	8.65518754937436e-71	0.614762963871403	0.996	0.684	1.84043908049896e-66
Retnla	1.5205350520289e-70	2.21587733490422	0.377	0.148	3.23326573463426e-66
Nipa2	3.43358427126596e-70	0.614787196392522	0.792	0.582	7.30117359441993e-66
P2ry12	5.82023722851926e-70	0.413602610392375	0.402	0.156	1.23761524427234e-65
Chp2	7.91971961162502e-70	0.453540572896329	0.251	0.071	1.68404917821594e-65
Ptafr	9.07117511842269e-70	0.71366592552532	0.672	0.37	1.9288946771814e-65
Cemip2	1.1305517841086e-69	0.66371402963084	0.591	0.324	2.40400531372853e-65
Adam15	2.36328280720931e-69	0.545416993462909	0.713	0.446	5.02528456124987e-65
Arg1	3.44101399874899e-69	1.53968439696154	0.624	0.376	7.31697216693985e-65
Fchsd2	6.34119822065654e-69	0.552946247434332	0.555	0.292	1.34839238964041e-64
Tmem26	9.21118762980468e-69	0.392244232918263	0.226	0.059	1.95866693760167e-64
Cotl1	1.89267078031535e-68	0.622787859317503	0.919	0.684	4.02457514726256e-64
Hpgds	1.43802751687446e-67	0.62077167689842	0.457	0.192	3.05782171188186e-63
Sdc3	1.18843009736339e-66	0.552520846020275	0.774	0.468	2.52707775903351e-62
Prune2	7.25912238487236e-66	0.402078437200666	0.365	0.14	1.54357978391926e-61
Necap2	1.28182583072364e-65	0.527705160218115	0.756	0.533	2.72567444645075e-61
Pirb	1.75071364975232e-65	0.506711562920399	0.81	0.474	3.72271750483332e-61
Ly86	1.93997704760358e-65	0.495435929119513	0.946	0.566	4.12516719402424e-61
Atp6v0b	2.13722854634235e-65	0.481661878963795	0.973	0.886	4.54460278094238e-61
Osbpl11	1.6733013524898e-64	0.50551786127381	0.511	0.26	3.55810799593431e-60
Fcer1g	2.4064069672108e-64	0.610477451810639	1	0.68	5.11698377507705e-60
Adap2	7.99941689476969e-64	0.419312903408172	0.633	0.323	1.70099600850383e-59
Cd53	8.68521925342999e-63	0.556916099494645	0.954	0.639	1.84682502204935e-58
Ctsl	9.06504135285889e-63	0.703363692518074	0.967	0.79	1.92759039327191e-58
Clec4a2	9.67550508132365e-63	0.525992898113335	0.707	0.386	2.05739940049266e-58
Fcgr1	1.84214703398379e-62	0.43526001168395	0.766	0.428	3.91714145306312e-58
Pld4	1.90347022484572e-61	0.555130980008476	0.814	0.494	4.04753908611194e-57
Rps29	2.02487788171786e-61	0.388628556189142	1	0.999	4.30570032768486e-57
Lmo2	2.54271871995207e-61	0.51445683609036	0.64	0.358	5.40683708610609e-57
Pla2g15	4.08157858733297e-61	0.431006565384701	0.538	0.278	8.67906870810483e-57
Neat1	6.92383799041268e-61	0.659896826777511	0.912	0.703	1.47228491028135e-56
Fxyd2	7.32482117729973e-61	0.441341827989018	0.24	0.074	1.55754997514102e-56
Mcoln2	1.23705085711076e-60	0.258296736163208	0.226	0.064	2.63046494256031e-56
Rab1a	1.7155844013888e-60	0.567563075243422	0.85	0.72	3.64801867111315e-56
Hip1	5.42691911213723e-60	0.540372822438044	0.691	0.45	1.15398008000486e-55
Ccr5	7.11872333877017e-60	0.617307678677413	0.823	0.538	1.51372533075609e-55
Zfp703	1.52203488833673e-59	0.561707154533926	0.785	0.525	3.23645498655922e-55
Nrros	1.87546686325284e-59	0.509968445114095	0.777	0.472	3.98799273802083e-55
Hspa5	2.88919570994122e-59	0.716972616651717	0.984	0.943	6.14358575761901e-55
Mpp1	3.90285482411939e-59	0.583447085262153	0.651	0.421	8.29903049800746e-55
Secisbp2l	4.38536800510364e-59	0.598816427380765	0.709	0.508	9.32504652605237e-55
Rab8b	6.25008126414451e-59	0.505511345335832	0.875	0.687	1.32901728000769e-54
Man1c1	8.64706130056364e-59	0.505253928111007	0.47	0.228	1.83871111495185e-54
Wdfy3	9.78311972714919e-59	0.467355851908154	0.578	0.326	2.080282578781e-54
Pdia4	1.07493909867879e-58	0.842955154561501	0.752	0.609	2.28575049943058e-54
Gabarap	1.10606767675186e-58	0.407599846664755	0.988	0.966	2.35194230784515e-54
Alox5ap	1.66475496187437e-58	0.464947879164144	0.892	0.555	3.53993495092967e-54
Tlr7	2.79025717577489e-58	0.446852470649568	0.36	0.143	5.93320285856772e-54
Ctsz	3.23579818663973e-58	0.478909975061026	0.984	0.9	6.88060126407073e-54
Rab14	6.74095291169088e-58	0.456524654443745	0.948	0.876	1.43339622714195e-53
Rbpj	1.03105057454651e-57	0.469611958043279	0.939	0.768	2.19242594171571e-53
Rab5c	1.36728201853693e-57	0.506559020185048	0.873	0.758	2.90738848421693e-53
Asah1	1.9585602924522e-57	0.48067163960181	0.867	0.664	4.16468260587035e-53
Gm21188	3.52304193769331e-57	0.393742078161501	0.437	0.197	7.49139637631105e-53
Ptbp3	2.72710537549143e-56	0.500906428150962	0.931	0.787	5.79891687044498e-52
Mertk	1.11460203920181e-55	0.462309416782062	0.473	0.235	2.37008977615873e-51
Hfe	1.18562292962654e-55	0.435074297852248	0.687	0.407	2.52110859755788e-51
Frmd4b	1.46779970765707e-55	0.568774727199705	0.732	0.495	3.121129298362e-51
Itgam	2.36226139125487e-55	0.438270737095959	0.745	0.428	5.02311262236435e-51
Fkbp15	2.50913675931382e-55	0.443218599114668	0.572	0.327	5.33542840500491e-51
Clec4a3	2.13840308813703e-54	0.417046172593732	0.795	0.466	4.54710032661458e-50
Gnpda1	2.67783209116023e-54	0.448002496943138	0.529	0.293	5.69414215864311e-50
Cmklr1	2.97337165705355e-54	0.401778885088987	0.511	0.258	6.32257749155868e-50
Rap2b	1.81898089023761e-53	0.495585994224479	0.7	0.487	3.86788096500125e-49
Plin2	1.91444156897023e-53	0.637324123431541	0.831	0.657	4.07086855225829e-49
Dnase2a	2.80886828304863e-53	0.469512335823369	0.618	0.383	5.9727775170746e-49
P2rx4	3.12194080755147e-53	0.482709392122867	0.734	0.48	6.63849493317746e-49
Ehd1	6.7721302949275e-53	0.548029934050828	0.803	0.631	1.44002578591338e-48
Gda	7.3649217347602e-53	0.679686734908745	0.73	0.554	1.56607695767941e-48
Lyz2	9.20282857329133e-53	0.359271699808482	0.959	0.669	1.95688946782467e-48
Ms4a3	1.02801524928968e-52	0.458912463809509	0.147	0.034	2.18597162608957e-48
Gm15655	1.28021972856826e-52	0.370785623130329	0.287	0.105	2.72225923082754e-48
Atp6ap2	2.49692017449959e-52	0.482477277747937	0.777	0.574	5.30945105905594e-48
Fermt3	4.19585808742763e-52	0.439336016384332	0.807	0.517	8.92207263710612e-48
Inpp5d	7.4224975901507e-52	0.416766897382781	0.717	0.435	1.57831988756965e-47
Tmem37	1.4355447841094e-51	0.416783314063927	0.552	0.311	3.05254242893024e-47
Cerk	3.69612882321032e-51	0.471376017868261	0.571	0.341	7.85944832967443e-47
Hk3	4.10439265472814e-51	0.33988793976965	0.453	0.214	8.72758054101392e-47
Canx	8.72009881064844e-51	0.457992671756379	0.958	0.887	1.85424181109629e-46
Bmp2	8.72338639599207e-51	0.869854988533145	0.335	0.136	1.85494088324375e-46
Cstb	1.51488395632428e-50	0.531761168608349	0.895	0.763	3.22124924472794e-46
Slc7a7	1.64749159605623e-50	0.329068228373415	0.432	0.205	3.50322612985398e-46
Epb41l1	1.82087023899926e-50	0.324484083987011	0.377	0.172	3.87189847620803e-46
Ctss	3.97855213652895e-50	0.502462640780166	0.993	0.652	8.45999326311516e-46
Dok2	5.87147718193317e-50	0.410075775086197	0.68	0.39	1.24851090796627e-45
Tlr4	1.45947735426982e-49	0.435103824153762	0.523	0.29	3.10343264611935e-45
Ms4a8a	4.60875797420437e-49	0.311788007557891	0.337	0.139	9.80006295634816e-45
Lifr	5.67301814635664e-49	0.621764347659533	0.537	0.313	1.20631057864128e-44
Tbc1d14	5.84766535473629e-49	0.386713585323658	0.511	0.277	1.24344756103112e-44
Abhd12	1.98054891765264e-48	0.542189792953891	0.647	0.419	4.21143921849658e-44
Sh3glb1	2.11862012609495e-48	0.389848940859184	0.972	0.913	4.50503383612831e-44
P2rx7	3.56015419041147e-48	0.56689627295763	0.493	0.265	7.57031187049096e-44
Rnpep	5.82944285411185e-48	0.457992872153731	0.661	0.445	1.23957272849834e-43
C6	9.51513854367347e-48	0.322972618228707	0.139	0.033	2.02329905992673e-43
Slc16a7	1.19789749672593e-47	0.306562254698588	0.268	0.1	2.54720923703803e-43
Mmp9	1.21427999263118e-47	0.912628654402772	0.337	0.147	2.58204497633095e-43
Alox5	1.24006197576814e-47	0.313671078559797	0.246	0.087	2.63686778527336e-43
Fam213b	3.09951786809084e-47	0.439959349381495	0.428	0.224	6.59081479470837e-43
Ptgs1	3.91246685102482e-47	0.488200687357731	0.714	0.469	8.31946951201919e-43
Reps2	7.12395653826418e-47	0.31739127442616	0.21	0.068	1.5148381182965e-42
Cyth4	1.04687618459705e-46	0.4176270268621	0.882	0.585	2.22607751892717e-42
Myo7a	1.10721893862242e-46	0.273033405613293	0.283	0.11	2.35439035108671e-42
Slc16a6	1.68593729111969e-46	0.42132510978921	0.513	0.278	3.58497705583691e-42
Slco2b1	3.03458010250736e-46	0.601168754614148	0.39	0.186	6.45273112997164e-42
Appl2	3.08460200353538e-46	0.296389991118068	0.36	0.165	6.55909770031764e-42
Dip2b	4.80338863986128e-46	0.4615514556462	0.655	0.436	1.0213925603801e-41
Washc2	5.52599422980845e-46	0.422665564609187	0.664	0.455	1.17504741302647e-41
Sbf2	8.15509878848099e-46	0.488907397569929	0.505	0.287	1.7341002063826e-41
Tnfaip8l2	2.72422878497883e-45	0.401737618399788	0.639	0.381	5.79280008837898e-41
Arap1	3.14402496303359e-45	0.402129567256439	0.61	0.379	6.68545468139463e-41
Dmxl1	3.43636704048769e-45	0.443330859385326	0.631	0.418	7.30709087489303e-41
Il21r	4.86820211164918e-45	0.361534069152139	0.564	0.314	1.03517449702108e-40
Smagp	4.87080080865729e-45	0.418572059104499	0.381	0.177	1.03572708395289e-40
Tcn2	5.88523901294667e-45	0.517419108009328	0.618	0.407	1.25143722371298e-40
Dip2c	1.66704750929806e-44	0.402749105557726	0.485	0.277	3.54480982377139e-40
Atp6v1a	1.82587708349432e-44	0.474708322842847	0.766	0.613	3.88254503034233e-40
Plod1	1.82654268803982e-44	0.371128077493399	0.55	0.325	3.88396037184786e-40
Slc38a6	3.07939208247169e-44	0.314935238489871	0.344	0.155	6.5480193241678e-40
Ier3	3.8203403504643e-44	0.591788590601163	0.886	0.725	8.12357172122729e-40
Abca9	4.14235244002154e-44	0.602109649686834	0.448	0.248	8.8082982284618e-40
Picalm	4.34058819612609e-44	0.405319240561518	0.955	0.827	9.22982674024252e-40
Fli1	5.43737822469824e-44	0.415297384323923	0.656	0.407	1.15620410569983e-39
Mt1	5.47312524074991e-44	0.761753890835677	0.973	0.804	1.16380535119306e-39
Tslp	5.48184340373755e-44	0.483389690848064	0.19	0.062	1.16565918137075e-39
Ssh2	6.25993587080594e-44	0.458881247256729	0.66	0.429	1.33111276356817e-39
Mon2	1.12206357022393e-43	0.427034018753846	0.58	0.376	2.38595597572416e-39
Flcn	1.25977062581705e-43	0.30241982446497	0.324	0.143	2.67877625873738e-39
Comt	1.52767397501376e-43	0.425433707255674	0.807	0.636	3.24844594046926e-39
Gas7	1.54375007749692e-43	0.507635671819613	0.703	0.475	3.28263016478945e-39
Acp2	3.32281714645072e-43	0.389290987756339	0.57	0.347	7.0656383802128e-39
Atp6v1b2	3.64307058046968e-43	0.463024867974078	0.671	0.474	7.74662528231072e-39
Cysltr1	3.92229189184022e-43	0.438730015955177	0.681	0.428	8.34036147880904e-39
Serp1	4.66702814615881e-43	0.432226958811655	0.879	0.75	9.92396864999209e-39
Ncf1	1.04347419927824e-42	0.352889378296791	0.664	0.395	2.21884353734525e-38
Galc	1.1895440766357e-42	0.333316610078156	0.34	0.157	2.52944652455815e-38
Cd93	1.37903028722013e-42	0.442869492825071	0.513	0.277	2.93237000274489e-38
Nfxl1	1.67536934533091e-42	0.348018737701701	0.433	0.224	3.56250537591165e-38
Etv5	2.65830590707147e-42	0.344711070004619	0.454	0.235	5.65262168079678e-38
Gusb	3.87603857281704e-42	0.421821585797743	0.693	0.502	8.24200842123816e-38
March1	6.33589032955448e-42	0.356073575623189	0.602	0.344	1.34726371967647e-37
AC149090.1	7.46309569350449e-42	0.687152982211516	0.81	0.671	1.58695266826679e-37
Gja1	8.94812928199503e-42	0.880838602806007	0.494	0.312	1.90273021052342e-37
Fcho2	9.97453276871903e-42	0.440230939251442	0.768	0.599	2.12098464794041e-37
Btk	1.09807181942778e-41	0.321949946984412	0.531	0.297	2.33493991683123e-37
Epn1	1.15462745818132e-41	0.408859680411758	0.757	0.587	2.45519982707677e-37
Tnfaip8	1.45813987705756e-41	0.409690071620146	0.874	0.697	3.1005886345752e-37
St6galnac4	1.64449165410287e-41	0.325636506080239	0.469	0.253	3.49684705328434e-37
Pltp	1.66465980955505e-41	0.886957654901238	0.661	0.484	3.53973261903785e-37
Arrb2	1.71854354388325e-41	0.369286714629942	0.716	0.472	3.65431099171335e-37
Cyfip1	2.27915455853738e-41	0.393313814317316	0.869	0.725	4.84639425327388e-37
Scamp5	2.77123480425796e-41	0.264507893888104	0.256	0.1	5.89275368777413e-37
Cfh	2.86378158013337e-41	0.785462431416242	0.689	0.49	6.0895451519956e-37
Ifi30	6.19095529718162e-41	0.444186185925202	0.914	0.747	1.3164447343927e-36
Gpr34	3.51455811537373e-40	0.447183035397227	0.369	0.177	7.4733563765307e-36
Vmp1	5.16731224411825e-40	0.391547167679708	0.894	0.744	1.09877727558931e-35
Ccdc152	8.20146621453235e-40	0.48214615463431	0.361	0.173	1.74395977585816e-35
Atp2b1	9.48979442507768e-40	0.448830037184445	0.922	0.819	2.01790988654852e-35
Cln8	1.02709316629317e-39	0.334422971993854	0.426	0.228	2.1840109088058e-35
Hsbp1	1.5592438767061e-39	0.524698381786353	0.862	0.755	3.31557617942784e-35
Litaf	1.77991354287058e-39	0.481901144581331	0.83	0.729	3.78480815756e-35
BC005537	2.32549987069224e-39	0.469531855678629	0.87	0.749	4.94494292503999e-35
Aoah	3.30625895085419e-39	0.294830635631088	0.41	0.203	7.03042903309634e-35
Slc35f6	4.67858481955695e-39	0.333791420484074	0.481	0.278	9.94854276030591e-35
Lst1	6.23784657854466e-39	0.317557447850382	0.863	0.548	1.32641569646174e-34
Bach1	7.87077761688798e-39	0.4012704014893	0.758	0.581	1.67364215245506e-34
Prcp	9.03677267285588e-39	0.382221803192009	0.645	0.43	1.92157934115607e-34
Fgd2	9.98641762388308e-39	0.299013165906417	0.485	0.26	2.1235118435425e-34
Fyb	1.28140689486551e-38	0.292325633850594	0.874	0.581	2.72478362124203e-34
Itm2b	1.69434140810261e-38	0.545166965358757	0.995	0.985	3.60284757018939e-34
Renbp	2.23834843304917e-38	0.349175134131708	0.486	0.294	4.75962410803575e-34
Iqgap2	7.54268112084681e-38	0.346923449955603	0.612	0.381	1.60387571353687e-33
Lyl1	9.56412883245275e-38	0.394260443143904	0.365	0.181	2.03371635493275e-33
Emilin2	2.3953529197019e-37	0.323626423324951	0.734	0.473	5.09347844845411e-33
Slc11a1	3.43827193058117e-37	0.285137714888228	0.572	0.329	7.31114143318779e-33
Spi1	3.65818974675756e-37	0.318121092419026	0.916	0.58	7.77877467750527e-33
Mtss1	4.35303024272852e-37	0.610465262678742	0.533	0.357	9.25628350813792e-33
Sbno2	6.83475449740455e-37	0.678139240427361	0.732	0.541	1.4533421963281e-32
Tfrc	8.69790933658709e-37	0.291909913727548	0.271	0.118	1.84952344133188e-32
Efhd2	3.05282341439189e-36	0.394370584901076	0.89	0.735	6.49152370836291e-32
5031439G07Rik	3.60121048718899e-36	0.37703741302349	0.624	0.411	7.65761397995866e-32
Wnk1	3.76204935711301e-36	0.433705840584324	0.91	0.799	7.99962175296511e-32
F7	3.97257965059206e-36	0.32877070305727	0.258	0.107	8.44729336901895e-32
Adam9	5.51219922602668e-36	0.363146117326343	0.491	0.303	1.17211404342231e-31
Ankrd55	6.80941584594807e-36	0.276157895712183	0.173	0.058	1.4479541854824e-31
Lair1	7.73246770418623e-36	0.296400732008632	0.707	0.431	1.64423193261816e-31
Dcxr	8.63978324635054e-36	0.337274004232997	0.429	0.243	1.83716350950398e-31
Rnase4	1.28238944066015e-35	0.403641097622621	0.765	0.556	2.72687290661975e-31
Plek	1.5736522345039e-35	0.315022962018399	0.863	0.583	3.34621411144909e-31
Erp29	2.38696582256061e-35	0.341238979050323	0.926	0.825	5.07564412509287e-31
Slc6a6	4.0819057071079e-35	0.426350567189425	0.782	0.614	8.67976429559423e-31
Scpep1	4.83053691427379e-35	0.387553081388804	0.699	0.515	1.02716536945118e-30
Ifi204	5.18104355707014e-35	0.272256276249067	0.761	0.541	1.10169710197539e-30
Syk	5.98324485814485e-35	0.300951079875255	0.673	0.435	1.27227718663592e-30
Tec	7.1848359558952e-35	0.381081528017676	0.514	0.325	1.52778351766156e-30
Npc1	8.07642630313001e-35	0.377937539087449	0.531	0.344	1.71737128909756e-30
Il10rb	9.61455982471222e-35	0.406142137332145	0.72	0.542	2.04444000112681e-30
Rab31	1.49672192221985e-34	0.32332255895933	0.534	0.336	3.18262949540829e-30
Plk2	1.62413752295079e-34	0.462523093528922	0.454	0.261	3.45356602880255e-30
Cpne2	1.70344760653803e-34	0.372364588789697	0.49	0.291	3.62221099054248e-30
Cebpa	1.78126556384492e-34	0.336709833351419	0.43	0.236	3.78768309495983e-30
Tmem141	1.90063358962681e-34	0.353517184896792	0.409	0.234	4.04150726498244e-30
Hk2	3.743844825627e-34	0.414163548413474	0.754	0.518	7.96091163721325e-30
Amdhd2	4.24182064730632e-34	0.315275274248579	0.463	0.278	9.01980742443216e-30
Cd200r1	5.55088802380919e-34	0.278806070254798	0.377	0.196	1.18034082938279e-29
Rhob	7.04926089900509e-34	0.753088534289895	0.786	0.634	1.49895483756444e-29
Cd36	8.08973925923113e-34	0.630091558409321	0.437	0.257	1.72020215608291e-29
Timp2	1.21485137311216e-33	0.305081020395566	0.827	0.636	2.5832599597857e-29
Npc2	1.48465927058419e-33	0.279739873464977	0.985	0.927	3.15697947297022e-29
Tnfrsf11a	1.6450407081681e-33	0.297096336745292	0.375	0.196	3.49801456184864e-29
Dnm2	1.7997435488324e-33	0.387411100430832	0.705	0.554	3.82697468223721e-29
Slc12a7	1.93709547714072e-33	0.25736748690603	0.343	0.175	4.11903982259203e-29
Tnfrsf13b	1.94412990612116e-33	0.29511492889122	0.477	0.273	4.13399783237603e-29
Capza2	2.35484712729062e-33	0.277645365766104	0.979	0.922	5.00734693147077e-29
Fabp5	2.6181275103605e-33	1.55044718898152	0.649	0.562	5.56718633803056e-29
Uap1l1	6.07455863893014e-33	0.330306385452253	0.478	0.299	1.29169414898211e-28
Rreb1	9.61879011404822e-33	0.337178241961113	0.531	0.346	2.04533952985121e-28
Vsir	1.26972177143033e-32	0.344048223343004	0.745	0.551	2.69993637476945e-28
Plekho1	2.09894514160434e-32	0.302308724347312	0.823	0.566	4.46319694910748e-28
Arhgap19	3.64131914456472e-32	0.261187694381361	0.223	0.093	7.74290102900242e-28
Fcgr4	3.8086760172012e-32	0.33152306121435	0.603	0.376	8.09876868297664e-28
App	7.95323886423351e-32	0.291185650261627	0.969	0.863	1.69117671209061e-27
Hacd4	8.99731380741294e-32	0.390875064784124	0.721	0.515	1.91318880800829e-27
Cyth1	1.34960729478452e-31	0.337773374058172	0.462	0.282	2.8698049516298e-27
Osm	1.65813265680307e-31	0.381572749105282	0.583	0.363	3.52585328142604e-27
Ptprj	1.67396208216583e-31	0.404823432464094	0.632	0.452	3.55951297151743e-27
Slc40a1	2.2218462470602e-31	0.624851838700129	0.236	0.106	4.72453385974881e-27
Calr	3.53687902728816e-31	0.458797075155266	0.939	0.905	7.52081956362555e-27
Rin2	5.94380563687955e-31	0.424918569082692	0.556	0.379	1.26389083062607e-26
Ophn1	7.63175332633516e-31	0.307981324449219	0.377	0.209	1.62281602731191e-26
Dclre1c	8.72034702975522e-31	0.278544572606889	0.329	0.167	1.85429459240715e-26
Lipa	1.3135479409502e-30	0.482051073521265	0.62	0.465	2.7931283416365e-26
Slc45a4	1.55284122565468e-30	0.337851471428425	0.418	0.255	3.30196158223211e-26
AB124611	1.82803879290619e-30	0.255136048754125	0.559	0.338	3.88714168923573e-26
Twf1	2.07938125730417e-30	0.351632024212417	0.645	0.481	4.42159630553158e-26
Sema4a	2.17820836398188e-30	0.358042441603289	0.533	0.338	4.63174226517107e-26
Agtrap	2.37964230055872e-30	0.364048302007852	0.574	0.408	5.06007138790805e-26
Kdm7a	3.10091378862695e-30	0.323858288220042	0.709	0.499	6.59378308013634e-26
Idh1	3.18903258579613e-30	0.300531694678531	0.58	0.401	6.78115889043689e-26
Lyn	5.35987304751308e-30	0.280294898415447	0.9	0.629	1.13972340482318e-25
Irf2bp2	8.56107494607298e-30	0.375187368862692	0.882	0.744	1.82042697653296e-25
Zswim6	8.58198789590088e-30	0.314862095482251	0.534	0.339	1.82487390618436e-25
Zfp36	9.67590968530504e-30	0.62854967884967	0.936	0.796	2.05748543548326e-25
Nrg1	1.00500016376822e-29	0.387181966323846	0.34	0.178	2.13703234823675e-25
Atp8a1	2.30673530401418e-29	0.32565804474339	0.543	0.369	4.90504195045574e-25
Gng2	3.06351343110035e-29	0.353060741011734	0.648	0.438	6.51425495989179e-25
Tpm3	4.86358596418915e-29	0.284530883303463	0.981	0.938	1.03419291942518e-24
Vps35	5.35625937055637e-29	0.348274562043173	0.737	0.614	1.13895499255511e-24
Atp6v0d1	6.55357014308545e-29	0.342853174134209	0.696	0.558	1.39355115522569e-24
Pik3cg	7.9015042591861e-29	0.274186379307483	0.408	0.232	1.68017586567333e-24
Slc31a1	2.60687324262873e-28	0.304700352107925	0.482	0.314	5.54325526312574e-24
Cfl1	2.69851095912617e-28	0.267840769888573	0.999	0.985	5.73811370348588e-24
Fam43a	2.85482338448665e-28	0.359556174066204	0.291	0.146	6.07049644477241e-24
Rgs18	4.66590277385531e-28	0.250309568561031	0.197	0.082	9.92157565832592e-24
Lamp2	5.20571443669278e-28	0.307352393103349	0.936	0.86	1.10694311781835e-23
Gapvd1	6.61999217838296e-28	0.360117700842812	0.622	0.459	1.40767513681135e-23
Dennd1a	8.89313550647324e-28	0.301018593646426	0.505	0.317	1.89103633409647e-23
Pdxk	1.32678470348637e-27	0.279207188182503	0.421	0.254	2.82127499349341e-23
Dock2	1.53095455570461e-27	0.268929705969935	0.673	0.441	3.25542176725028e-23
2610507B11Rik	1.97965317277222e-27	0.374786461602386	0.707	0.571	4.20953450658284e-23
Washc5	2.36146757916034e-27	0.255788842901091	0.398	0.238	5.02142466032655e-23
Hsd17b12	2.41804170990331e-27	0.373819124886836	0.689	0.551	5.1417238919384e-23
Gpr160	2.46657794118982e-27	0.26416228003862	0.3	0.154	5.24493133414604e-23
Arpc5	2.65715629813391e-27	0.266640149178892	0.954	0.879	5.65017715235195e-23
Rpn1	3.09473886930485e-27	0.452711909047077	0.793	0.702	6.58065273168982e-23
Dazap2	4.1350150712064e-27	0.353738497776558	0.857	0.749	8.79269604741328e-23
Prkcb	4.89479208524434e-27	0.305283758398277	0.45	0.27	1.04082858900636e-22
Psap	5.53458567290107e-27	0.370510533748944	0.996	0.956	1.17687429748568e-22
Tyrobp	5.66840922067257e-27	0.279471539832173	0.993	0.673	1.20533053668381e-22
Hsp90b1	7.41320049901066e-27	0.3855437056789	0.991	0.959	1.57634295410963e-22
Lamtor1	8.03964063561093e-27	0.333870340543341	0.75	0.641	1.70954918475631e-22
Lgals1	9.08065958025539e-27	0.330839386196	0.95	0.876	1.93091145314551e-22
B4galt6	1.23249718666475e-26	0.35877697116646	0.489	0.317	2.62078201772392e-22
Evi2a	1.3369796027771e-26	0.266257326894413	0.631	0.414	2.84295342734522e-22
Gm45223	1.39367849192761e-26	0.318755769465729	0.446	0.266	2.96351794523487e-22
Aftph	1.56833238380059e-26	0.335099288445199	0.574	0.412	3.33490198091357e-22
Zfp622	1.66514086100248e-26	0.500262111844904	0.558	0.411	3.54075552683568e-22
Klf4	2.14754701682355e-26	0.694338868784927	0.703	0.542	4.5665439765736e-22
Fes	2.34700556791185e-26	0.252512319136313	0.531	0.337	4.99067263960776e-22
Ostf1	2.53965961922877e-26	0.27969602524828	0.907	0.801	5.40033221432806e-22
Zfp36l1	2.66118405739056e-26	0.591571071708008	0.961	0.886	5.65874177963528e-22
Snap23	2.90278082319321e-26	0.298135581358653	0.737	0.591	6.17247314243804e-22
Actr2	4.17170191034169e-26	0.295859120326344	0.924	0.86	8.87070694215057e-22
Gltp	7.65914342771605e-26	0.34889919512426	0.704	0.547	1.62864025846954e-21
Mfsd11	1.04308437333989e-25	0.290264154536713	0.336	0.193	2.21801461146995e-21
Clec4n	1.43611324632948e-25	0.254472280433672	0.51	0.311	3.05375120699502e-21
Gna12	1.61389621354763e-25	0.340462729071121	0.454	0.29	3.43178890848768e-21
Cbl	1.79751594894483e-25	0.315499880678509	0.785	0.632	3.82223791383629e-21
Tmem86a	2.28554815729925e-25	0.292767130602094	0.402	0.241	4.85998960168112e-21
Lcp1	2.59727326781022e-25	0.266086253602022	0.971	0.674	5.52284187667165e-21
Pikfyve	2.78835163051665e-25	0.291883424851789	0.392	0.242	5.92915090713061e-21
Gdi2	4.61934024936119e-25	0.276115957359553	0.93	0.875	9.82256510624163e-21
Akr1a1	5.91803753383294e-25	0.301870163716448	0.911	0.854	1.25841150119424e-20
Ddx3x	8.07764767013264e-25	0.541876579834015	0.807	0.724	1.71763100057701e-20
Phf20	9.36052299977461e-25	0.279045568413439	0.554	0.386	1.99042161067207e-20
Raph1	9.78610938088989e-25	0.406939501825442	0.537	0.385	2.08091829875243e-20
Fut8	9.9257755692343e-25	0.288967328668914	0.422	0.271	2.11061691704198e-20
Cd63	1.01147049947294e-24	0.323760522382735	0.79	0.608	2.15079087007926e-20
Trim41	1.3224782580098e-24	0.259221915674524	0.402	0.248	2.81211776783203e-20
Tpr	1.42543398397468e-24	0.280146113202484	0.927	0.851	3.03104282352376e-20
Marcksl1	1.51735588831774e-24	0.64913393836533	0.633	0.471	3.22650556091885e-20
Cyba	1.8734011281307e-24	0.272023054055931	0.993	0.958	3.98360015885712e-20
Pdcd1lg2	2.09316756920114e-24	0.416160262795937	0.39	0.231	4.4509115191493e-20
Ankfy1	2.18137857067452e-24	0.317570179078864	0.522	0.371	4.63848339268229e-20
Vps13c	2.19356164533587e-24	0.337579134465938	0.554	0.406	4.66438948264218e-20
Sdc4	2.84520802297797e-24	0.294143696854765	0.922	0.765	6.05005034006035e-20
Mgat1	2.87631005482745e-24	0.335115099648924	0.519	0.373	6.11618570058509e-20
Arl4c	3.31306311876583e-24	0.424498774860081	0.656	0.504	7.04489741574367e-20
Washc4	3.34460226338047e-24	0.323274024523822	0.53	0.376	7.11196225285222e-20
Blnk	5.09341856348175e-24	0.263152286068677	0.304	0.161	1.08306452333876e-19
Blvra	6.7558990667493e-24	0.291561505678919	0.533	0.378	1.43657437755357e-19
Tanc2	6.85896200686879e-24	0.325416959007388	0.341	0.196	1.45848968114058e-19
Zfand5	8.05449366298682e-24	0.544619433410851	0.866	0.776	1.71270753249752e-19
Sat1	1.16422598809798e-23	0.393048787046719	0.931	0.85	2.47561014109155e-19
Camk1	1.62135777958784e-23	0.340564079326256	0.607	0.46	3.44765518251558e-19
Dusp3	1.87424083312064e-23	0.322880925992592	0.683	0.535	3.98538570754773e-19
Smap2	2.08028905403673e-23	0.268756063957185	0.729	0.562	4.4235266445037e-19
Hmox2	2.1105498999651e-23	0.322381487955584	0.684	0.555	4.4878733072858e-19
Akap7	2.2246576376152e-23	0.278633117908207	0.41	0.259	4.73051200062496e-19
Lfng	2.6772772546251e-23	0.269662046307998	0.556	0.366	5.69296235423481e-19
Tent5a	3.27263692471275e-23	0.384494487759064	0.729	0.57	6.95893515670919e-19
Ly96	3.56688916122564e-23	0.26158749734949	0.414	0.265	7.5846331124302e-19
Vrk1	4.15546273791463e-23	0.350668819680163	0.548	0.383	8.83617596590168e-19
Mob1a	4.85665720508856e-23	0.310457479462787	0.794	0.678	1.03271958809003e-18
Sh3bgrl	5.4368041633508e-23	0.275868435445497	0.865	0.793	1.15608203729492e-18
Vps26a	5.46433661545566e-23	0.302268420797289	0.584	0.436	1.16193653791049e-18
Sft2d1	5.62553779652248e-23	0.285721298457705	0.567	0.412	1.19621435705254e-18
Ntpcr	5.78995910107562e-23	0.299361411009608	0.487	0.333	1.23117690325272e-18
Sec14l1	7.02307972346314e-23	0.308103693574504	0.61	0.455	1.4933876723972e-18
Rp2	7.36067252389444e-23	0.282369143925415	0.562	0.403	1.56517340548091e-18
Cebpd	7.87416003989876e-23	0.26066567345485	0.718	0.553	1.67436139088407e-18
Bri3	7.93812878756332e-23	0.337214235068924	0.916	0.832	1.68796370538746e-18
Cmtm3	8.5606857565065e-23	0.260155895722391	0.551	0.383	1.82034421926354e-18
Atp6v1g1	8.71983409973641e-23	0.291172429807804	0.912	0.861	1.85418552296795e-18
Mcfd2	1.01338743916804e-22	0.306672029568016	0.474	0.326	2.15486705064693e-18
Sesn1	1.03978950683769e-22	0.295582574313094	0.393	0.243	2.21100840733967e-18
Tfe3	1.06231657140797e-22	0.294745031537254	0.526	0.377	2.25890995744191e-18
Psd3	1.22121582514e-22	0.341974302325058	0.388	0.244	2.5967933305777e-18
Klhl9	1.32439530328387e-22	0.322561977654296	0.566	0.42	2.81619417290282e-18
Plxnb2	1.93904393524006e-22	0.345406927192649	0.594	0.447	4.12318302389447e-18
Tm6sf1	2.32028852367142e-22	0.319724057016199	0.64	0.458	4.93386151673491e-18
Neu1	2.62869180662393e-22	0.275450893323149	0.481	0.329	5.58965025760511e-18
Csk	2.77354897414308e-22	0.287858410792875	0.7	0.549	5.89767453861784e-18
Tmem50a	2.98088173058466e-22	0.26598302040447	0.927	0.862	6.33854691191522e-18
Atp6v1e1	3.26871950393686e-22	0.279485728023366	0.815	0.761	6.95060515317135e-18
Plekhg5	6.29307204914024e-22	0.336693044816862	0.21	0.108	1.33815884052918e-17
Sirt2	6.53928624342408e-22	0.269106388909501	0.647	0.495	1.3905138268017e-17
AI662270	8.04347673759671e-22	0.271650743460273	0.653	0.457	1.71036489348256e-17
Atp6ap1	8.45745318924185e-22	0.266549276064954	0.725	0.587	1.79839284616039e-17
Cd33	1.10050844233138e-21	0.366733408410334	0.413	0.257	2.34012115177345e-17
Gmfg	1.18629022694667e-21	0.26848638963669	0.813	0.583	2.5225275385794e-17
Dmac1	1.2634417509622e-21	0.310625954248677	0.604	0.477	2.68658253924603e-17
Il6	1.63699555205926e-21	0.263029860940936	0.246	0.127	3.48090734189881e-17
Rab20	1.68278686925275e-21	0.273982764732818	0.499	0.33	3.57827799877905e-17
Cd164	2.23617767701345e-21	0.290513579346419	0.802	0.69	4.75500821240141e-17
Il6ra	3.18043878669814e-21	0.338080260531485	0.595	0.449	6.76288503603493e-17
Egr2	3.19687066068423e-21	0.579241420571713	0.432	0.284	6.79782577287895e-17
Slc29a3	3.66545755011098e-21	0.256850708813692	0.494	0.337	7.79422893455599e-17
Man1a	5.52769257004714e-21	0.258483509885556	0.746	0.559	1.17540854809482e-16
Rassf4	5.9495159481669e-21	0.308290995564235	0.616	0.445	1.26510507121821e-16
Tmcc1	8.19105917856193e-21	0.420546905212642	0.542	0.408	1.74174682372941e-16
Mospd2	9.64212423726792e-21	0.252423784805258	0.453	0.311	2.05030129781265e-16
0610012G03Rik	1.24065227303405e-20	0.312417769210729	0.668	0.581	2.6381229933796e-16
Mafg	1.42301611332175e-20	0.255154522275256	0.543	0.379	3.02590146336737e-16
Gm6377	2.20123015035948e-20	0.370824434846877	0.331	0.195	4.68069579172439e-16
Serpinb8	2.49280828086153e-20	0.267933775751822	0.263	0.146	5.30070752842396e-16
Pla2g7	3.00002240690583e-20	0.428682358797307	0.625	0.456	6.37924764604457e-16
Rab7	3.03981736389286e-20	0.272316225052394	0.829	0.767	6.46386764258178e-16
Rbms1	3.12388293353852e-20	0.318215910468198	0.88	0.799	6.6426246698763e-16
Phf23	3.60356470088121e-20	0.252795305814297	0.479	0.338	7.66261997995381e-16
Sult1a1	9.59133120006717e-20	0.330864079191449	0.264	0.15	2.03950066638228e-15
Gba	1.35995147591443e-19	0.266340856372114	0.397	0.269	2.89180081838444e-15
Cebpb	2.79880655982936e-19	0.261125285326632	0.927	0.823	5.95138226882116e-15
Mctp1	3.0094732418233e-19	0.270027190895472	0.223	0.117	6.39934390141307e-15
Sdf2l1	3.62185896408968e-19	0.358541344302315	0.615	0.502	7.7015209012403e-15
Hyou1	4.0995177885776e-19	0.313615398698251	0.445	0.309	8.71721462563141e-15
Pias1	8.83363236140119e-19	0.271635990387655	0.479	0.338	1.87838358532835e-14
Tmem256	9.76187042312121e-19	0.319456110299244	0.866	0.829	2.07576412677249e-14
Fnip1	1.24627139310026e-18	0.272269464514202	0.514	0.375	2.6500714902884e-14
Nav1	1.3032731011516e-18	0.293709974761427	0.517	0.372	2.77127992228877e-14
Spred1	1.49210887196168e-18	0.268420671957954	0.6	0.468	3.17282030533932e-14
Ripk1	1.54289028408186e-18	0.303778121794216	0.555	0.435	3.28080190007167e-14
Tmem173	1.64081011854013e-18	0.327713113086701	0.622	0.505	3.48901863606374e-14
Rnf150	1.71773877418652e-18	0.278346034906719	0.316	0.195	3.65259972943022e-14
Pdia6	1.87551123516264e-18	0.40236400964271	0.861	0.811	3.98808709044983e-14
Eif3a	2.4808324850886e-18	0.268352809063187	0.894	0.834	5.2752421962924e-14
Mef2a	2.85667407857234e-18	0.287324506673734	0.782	0.669	6.07443176067623e-14
Arrdc4	4.48937079943852e-18	0.347355834475328	0.491	0.361	9.54619806792607e-14
Magt1	5.77040604116541e-18	0.258405292799936	0.685	0.57	1.22701914059341e-13
Osbpl8	6.15890520027513e-18	0.256044487120453	0.44	0.308	1.3096296017865e-13
Dusp1	7.7010124728756e-18	0.59655575231469	0.853	0.766	1.63754329223227e-13
Larp4b	7.87758119366549e-18	0.284288005591577	0.648	0.526	1.67508886502103e-13
Jmjd1c	1.07391250115018e-17	0.319663659491238	0.717	0.592	2.28356754244574e-13
Osbpl9	1.46776116628757e-17	0.284625462016724	0.644	0.529	3.12104734399388e-13
Pip4p1	1.71717260956573e-17	0.260867815518604	0.571	0.437	3.65139583698057e-13
Cox5a	1.71950704457845e-17	0.364070930149664	0.895	0.879	3.65635977959162e-13
Acly	3.57550268247715e-17	0.271513274162413	0.596	0.473	7.6029489040194e-13
Nsmce1	4.48074609568586e-17	0.326464376810572	0.563	0.458	9.52785849786641e-13
Wsb1	4.81404299197319e-17	0.30839232999906	0.554	0.427	1.02365810181318e-12
Man2b1	6.32788907542422e-17	0.306363305050633	0.762	0.66	1.34556233299821e-12
Vamp3	7.7923347440322e-17	0.251715869464339	0.576	0.468	1.65696205997101e-12
Fosb	1.04420337408255e-16	0.527461264602615	0.602	0.47	2.22039405464913e-12
Sash1	1.70782925633804e-16	0.271668027058047	0.563	0.427	3.63152813067721e-12
Rasa1	3.7633749382944e-16	0.267229049906862	0.525	0.405	8.00244046878921e-12
Ppp1r21	4.81837577108117e-16	0.254091391262521	0.487	0.37	1.0245794239627e-11
Wdr26	7.83863427680035e-16	0.26855407895428	0.756	0.673	1.66680719261883e-11
Bank1	9.84423474712915e-16	0.271574936881397	0.286	0.175	2.09327807662954e-11
Dnajc3	1.12032417060882e-15	0.285343071382764	0.806	0.724	2.38225731638259e-11
Nampt	1.24548022681729e-15	0.273964464294714	0.591	0.465	2.64838915430429e-11
Ccdc50	1.26506535059602e-15	0.280458004663913	0.769	0.678	2.69003496150739e-11
Sulf2	1.46541128723201e-15	0.453592980763319	0.424	0.321	3.11605056117014e-11
Eea1	1.52459200286686e-15	0.252835600740938	0.653	0.547	3.2418924348961e-11
Mir22hg	2.50526095921069e-15	0.251008311852304	0.445	0.327	5.32718690366562e-11
Rassf2	2.73610171490719e-15	0.293009933980492	0.429	0.314	5.81804668657866e-11
Soat1	3.0277180158067e-15	0.268979954373767	0.627	0.52	6.43813958881137e-11
Slc7a2	4.09579628298209e-15	0.480722131711433	0.252	0.149	8.70930121613311e-11
Pea15a	4.10089419034591e-15	0.263414407045324	0.607	0.468	8.72014140635154e-11
Timm10b	1.0415452884375e-14	0.259146222067767	0.815	0.783	2.21474190133351e-10
Lap3	1.66813531962838e-14	0.273055212116333	0.544	0.447	3.54712294365779e-10
Klf6	1.89459792341592e-14	0.513889855784309	0.869	0.801	4.02867302435161e-10
Creld2	2.68062211933679e-14	0.317014568439845	0.459	0.357	5.70007487455776e-10
Prkacb	3.74358168269351e-14	0.264974390169822	0.534	0.43	7.96035209007947e-10
Gm14303	4.57392558914269e-14	0.259362650395965	0.584	0.481	9.72599537275301e-10
Manf	5.58639432141983e-14	0.401384313993684	0.784	0.754	1.18789088850671e-09
Serinc3	9.66806665901711e-14	0.537596452351921	0.829	0.771	2.0558176943734e-09
Ddx60	1.13720659835051e-13	0.252498372871442	0.25	0.159	2.41815611073252e-09
Tut7	1.32553219233518e-13	0.276129555862964	0.762	0.68	2.81861165378153e-09
Hgsnat	2.19336903221696e-13	0.341365464773238	0.368	0.268	4.66397991010614e-09
Dtnbp1	2.58122437233342e-13	0.265316253920082	0.502	0.412	5.48871550532978e-09
Hif1a	7.2644063052964e-13	0.402890211469282	0.77	0.743	1.54470335675823e-08
Ccnl1	5.72742701483877e-12	0.281923761567854	0.805	0.719	1.21788008043532e-07
Hbegf	1.53902956934986e-11	0.351039064061756	0.356	0.25	3.27259247626554e-07
Rars	1.81705253231722e-11	0.254083931578763	0.541	0.465	3.86378050471933e-07
Nisch	5.89757429048076e-11	0.25572247345593	0.726	0.623	1.25406019712783e-06
Arrdc3	6.51919412854391e-11	0.256805185873323	0.393	0.291	1.38624143949358e-06
Cdkn1a	7.85533016259733e-11	0.283818747713618	0.736	0.606	1.6703574057747e-06
Gm26917	3.77246692543069e-10	0.346900095271629	0.533	0.435	8.02177367023582e-06
Gm42418	4.30254464613263e-10	0.319412574828496	1	1	9.14893093553642e-06
Fos	4.57494162861782e-10	0.285844413971796	0.919	0.832	9.72815587909294e-06
Tiparp	1.07305503896391e-09	0.252372769577754	0.604	0.505	2.28174423485285e-05
Chil3	1.30351412940843e-09	0.905987222518506	0.312	0.222	2.77179244477409e-05
C4b	1.41361917687645e-09	0.382206501604195	0.4	0.294	3.00591981771007e-05
Nfkbid	7.86245067188658e-09	0.359632049168154	0.308	0.227	0.000167187151086996
Tgfbr2	1.30739138939028e-08	0.275453314826927	0.693	0.604	0.00027800370503995
Prps1	4.51836688208763e-08	0.251599252112499	0.27	0.198	0.000960785533807113
Mef2c	9.67017870547992e-08	0.423347395464129	0.584	0.547	0.00205626679993325
Cxcl3	1.14130673503242e-07	0.545584957520722	0.134	0.08	0.00242687464137293
Egr1	1.58202962984775e-07	0.582223038411599	0.675	0.631	0.00336402780490826
Pgk1	1.95292915928153e-06	0.297436821419866	0.712	0.711	0.0415270856429624
