id	p_val	avg_log2FC	pct.1	pct.2	p_val_adj
C2143	5.18531880722262e-71	2.5087746020694	0.642	0.087	5.86666969849167e-67
C1785	1.11489212648847e-70	1.84348358630509	0.66	0.092	1.26138895190906e-66
C930	3.59460187368238e-65	1.8806567852902	0.566	0.072	4.06693255988425e-61
C513	3.95299553695467e-63	1.39972368341505	0.708	0.125	4.47241915051052e-59
C1908	5.81915289025223e-63	1.84800329785905	0.604	0.089	6.58378958003138e-59
C675	1.05912909095591e-62	1.56281898970034	0.623	0.093	1.19829865350752e-58
C1626	1.49786118904959e-62	1.84756754276577	0.585	0.082	1.69468014929071e-58
C1548	5.17767194341778e-61	1.49183136263421	0.547	0.072	5.85801803678287e-57
C1587	6.60945649741908e-60	1.11957910075004	0.708	0.135	7.47793908117995e-56
C1816	1.76480722319328e-58	1.39691973497061	0.575	0.084	1.99670289232088e-54
C1462	5.2680445554938e-57	1.14088370739925	0.566	0.083	5.96026561008569e-53
C1593	1.29780392688519e-50	1.86112586587295	0.566	0.097	1.4683353628779e-46
C1965	2.51351538392767e-50	0.95033246368678	0.528	0.083	2.84379130537576e-46
C1603	2.65855559096774e-50	0.902437087693017	0.575	0.097	3.0078897956209e-46
C732	6.34015353451925e-50	2.22828849611395	0.613	0.113	7.17324970895508e-46
C1394	1.22441088079869e-49	1.65906509192495	0.575	0.101	1.38529847053564e-45
C1147	1.40123326285785e-49	2.12161955661767	0.566	0.096	1.58535531359737e-45
C279	1.61149236049768e-48	1.44300948458005	0.528	0.083	1.82324245666708e-44
C1348	2.27979094167371e-48	0.997447397601195	0.613	0.117	2.57935547140964e-44
C2325	2.6030019956124e-48	1.07871142375923	0.575	0.103	2.94503645783587e-44
C863	4.37866648735143e-47	1.89980376659056	0.519	0.084	4.95402326378941e-43
C1887	8.05133354367734e-46	1.79544793733587	0.66	0.149	9.10927877131654e-42
C1006	8.46547199708483e-46	1.45015487633832	0.538	0.094	9.57783501750178e-42
C1672	1.66603224202796e-45	1.0851788553134	0.566	0.108	1.88494887863044e-41
C144	1.95051547108958e-45	1.16247235370954	0.566	0.103	2.20681320399076e-41
C1891	3.32439954509656e-45	1.1873679182417	0.5	0.081	3.76122564532225e-41
C1611	1.39276234320959e-44	1.26452118086882	0.557	0.105	1.57577131510733e-40
C1023	1.49078876326098e-44	1.59613795224283	0.642	0.144	1.68667840675347e-40
C2239	2.06699703460208e-44	1.12691761640546	0.604	0.127	2.33860044494879e-40
C165	4.63887043138919e-44	1.38869783717032	0.509	0.087	5.24841800607372e-40
C1290	8.64461355134856e-44	1.18139098441349	0.792	0.227	9.78051577199576e-40
C858	2.05660094424252e-43	1.09975510052444	0.472	0.076	2.32683830831598e-39
C27	2.4505947441985e-43	1.36784547330193	0.566	0.111	2.77260289358618e-39
C999	4.47983666287821e-43	2.12092245864696	0.462	0.07	5.06848720038041e-39
C690	4.57245448856336e-43	1.83540366655223	0.538	0.098	5.17327500836058e-39
C1670	9.37082244095936e-43	0.85994730096561	0.462	0.072	1.06021485097014e-38
C1238	1.80539577871796e-42	1.96684013567523	0.519	0.095	2.0426247840415e-38
C126	2.3073891885968e-42	1.26130843033562	0.491	0.085	2.61058012797842e-38
C2	4.17404030955714e-42	1.23813441856069	0.557	0.112	4.72250920623295e-38
C693	5.43379367427398e-42	1.35071185859581	0.623	0.136	6.14779416307358e-38
C1118	7.29623078041659e-42	2.29432499220967	0.538	0.102	8.25495550496333e-38
C602	7.95116097449241e-42	1.15962335030721	0.604	0.133	8.99594352654072e-38
C1538	8.54296025612674e-42	0.640906581881586	0.575	0.116	9.66550523378179e-38
C516	9.96698445627786e-42	1.75684006282595	0.491	0.085	1.12766462138328e-37
C1177	1.09627974272977e-41	1.09120419256343	0.509	0.092	1.24033090092446e-37
C977	1.69524088202258e-41	0.911341212758595	0.481	0.08	1.91799553392035e-37
C2142	5.00433255385258e-41	1.54617847786846	0.632	0.15	5.66190185142881e-37
C1260	8.29673553328619e-41	1.13180760658122	0.566	0.119	9.38692658235999e-37
C1341	9.52404586282496e-41	1.31286453632583	0.5	0.087	1.07755054892002e-36
C339	2.72097871004547e-40	1.73130980264042	0.575	0.126	3.07851531254545e-36
C597	6.95903705929125e-40	1.33187971483812	0.528	0.1	7.87345452888212e-36
C3330	1.26961543261983e-39	1.33431004043982	0.953	0.659	1.43644290046607e-35
C1449	1.59770573815143e-39	1.42383017758758	0.472	0.081	1.80764427214453e-35
C2257	2.56895113564297e-39	0.795945470425576	0.481	0.086	2.90651131486645e-35
C551	3.69171070192235e-39	1.0354070109654	0.491	0.089	4.17680148815495e-35
C1123	4.00945110453186e-39	1.43792845400112	0.642	0.155	4.53629297966735e-35
C5237	8.53908896889379e-39	1.35260601168353	0.953	0.685	9.66112525940644e-35
C963	1.03403799238669e-38	1.22623400096547	0.5	0.095	1.16991058458631e-34
C771	4.21298001541829e-38	1.35247562628241	0.717	0.2	4.76656558944425e-34
C1665	4.24947303896597e-38	1.26685376021191	0.736	0.216	4.8078537962861e-34
C441	7.82644607131849e-38	1.31642112668046	0.491	0.092	8.85484108508974e-34
C254	1.07441313148139e-37	0.919685506288042	0.443	0.076	1.21559101695804e-33
C9367	1.63171730662358e-37	1.38829944838822	0.962	0.59	1.84612496071391e-33
C189	2.68586654225079e-37	1.18222537711125	0.528	0.112	3.03878940590254e-33
C4133	9.50528295966829e-37	1.38709186201518	1	0.775	1.07542771405687e-32
C2082	1.0421055627982e-36	1.02560211112522	0.519	0.106	1.17903823374988e-32
C1967	1.48775545040372e-36	1.81699652420356	0.5	0.101	1.68324651658677e-32
C8767	1.59347219305355e-36	1.28801646787288	0.943	0.688	1.80285443922079e-32
C1844	2.08550151222122e-36	1.34846239314673	0.472	0.088	2.35953641092709e-32
C342	2.8347718845667e-36	1.00102190035652	0.491	0.098	3.20726091019877e-32
C738	5.26930283613673e-36	1.34764539292239	0.679	0.19	5.96168922880509e-32
C786	8.36173702625784e-36	1.40636823874604	0.575	0.136	9.46046927150812e-32
C346	1.12376538335522e-35	0.984550148568686	0.462	0.089	1.2714281547281e-31
C1479	1.15264250040129e-35	0.771505908858563	0.481	0.095	1.30409972495402e-31
C1347	2.10900462487382e-35	1.11458768202172	0.566	0.131	2.38612783258223e-31
C1250	2.11528587553759e-35	1.38240939222351	0.613	0.157	2.39323443958323e-31
C9978	3.08823250517187e-35	1.12635092986463	0.962	0.604	3.49402625635145e-31
C702	8.10776455765978e-35	0.97898571185098	0.443	0.082	9.17312482053627e-31
C216	8.24860356590654e-35	0.805724959975626	0.481	0.092	9.33247007446666e-31
C1288	9.25388995083312e-35	1.46606440337079	0.443	0.08	1.04698510903726e-30
C1886	1.21423889809105e-34	1.52776688437629	0.5	0.107	1.37378988930022e-30
C2125	1.98057299893143e-34	0.681976390088073	0.453	0.086	2.24082029099102e-30
C7104	3.37125113239317e-34	1.07215843561032	0.953	0.503	3.81423353118964e-30
C2130	5.19532046930108e-34	0.973726172304574	0.613	0.161	5.87798557896725e-30
C629	5.94683340286777e-34	1.20716680007945	0.481	0.104	6.72824731200459e-30
C1821	6.04642808144133e-34	1.25063693889346	0.472	0.095	6.84092873134272e-30
C6835	6.04698886554714e-34	1.12058494411827	0.925	0.617	6.84156320248004e-30
C2246	8.68203216298351e-34	1.25460758033502	0.434	0.084	9.82285118919954e-30
C3078	9.22305856284765e-34	1.19107858657756	0.925	0.663	1.04349684580058e-29
C499	1.34094554699721e-33	1.63918968659924	0.472	0.097	1.51714579187264e-29
C966	1.57397477767741e-33	1.25224142587189	0.528	0.119	1.78079506346423e-29
C6822	3.30999507845023e-33	1.20128245046454	0.943	0.524	3.74492843175859e-29
C8412	3.50203516286585e-33	0.565426095534411	0.981	0.716	3.96220258326642e-29
C6174	3.6896992924715e-33	1.26354044728118	0.906	0.694	4.17452577950225e-29
C132	3.85687176902361e-33	1.22472163923148	0.453	0.088	4.36366471947332e-29
C3590	4.05300859048319e-33	1.23206330465542	0.925	0.683	4.58557391927268e-29
C2006	4.85361412961244e-33	0.859422739225299	0.453	0.089	5.49137902624351e-29
C75	5.05377984961454e-33	1.14455463608369	0.594	0.156	5.7178465218539e-29
C877	5.39716292755524e-33	0.947000980130677	0.632	0.168	6.106350136236e-29
C4228	6.92171936282159e-33	1.55243194451352	0.925	0.705	7.83123328709634e-29
C8713	9.70942937080814e-33	1.07466243454616	0.943	0.638	1.09852483901323e-28
C1042	1.11923084181891e-32	1.62851320084169	0.519	0.12	1.26629777443392e-28
C8518	1.18958942354885e-32	1.40361052712607	0.934	0.617	1.34590147380317e-28
C1165	1.4420500818108e-32	1.07667736019084	0.575	0.152	1.63153546256074e-28
C418	1.81453666947421e-32	1.8117265067454	0.481	0.103	2.05296678784312e-28
C2080	2.03099350205853e-32	1.6508374768247	0.491	0.108	2.29786604822902e-28
C9472	2.57026395343632e-32	1.31762240664105	0.925	0.601	2.90799663691785e-28
C9772	2.84313831121429e-32	0.887226073276661	0.934	0.755	3.21672668530785e-28
C1675	3.12049222623586e-32	0.780175357431183	0.472	0.102	3.53052490476325e-28
C6515	3.5357862791287e-32	0.526522339814062	0.943	0.555	4.00038859620621e-28
C11277	5.9287481987265e-32	1.94399540179573	0.896	0.432	6.70778571203916e-28
C1833	9.49901782408557e-32	0.763932494593313	0.651	0.192	1.07471887661704e-27
C276	9.62742838614354e-32	2.36391273439744	0.453	0.095	1.08924724760828e-27
C3782	9.90453796107727e-32	1.13881048291331	0.915	0.69	1.12059942491628e-27
C9425	1.44981796268894e-31	1.41525316160713	0.934	0.608	1.64032404298627e-27
C517	1.82874796557404e-31	1.12748812459195	0.5	0.119	2.06904544825047e-27
C9954	1.98267838982129e-31	0.907573510696525	0.934	0.545	2.2432023302438e-27
C7711	2.21660513482626e-31	1.26398830449366	0.925	0.593	2.50786704954244e-27
C1066	2.51639714359083e-31	1.03862945982734	0.425	0.082	2.84705172825867e-27
C809	3.56455297936894e-31	1.26517078159219	0.434	0.088	4.03293524085802e-27
C10647	3.75131004134228e-31	1.11620872939434	0.915	0.591	4.24423218077466e-27
C3329	4.65794509497327e-31	1.11219559880833	0.943	0.585	5.26999908045275e-27
C10820	4.77623184418543e-31	2.06873793936965	0.896	0.418	5.4038287085114e-27
C2431	7.44767560620624e-31	1.71277647028202	0.943	0.606	8.42630018086174e-27
C6734	7.87892709802098e-31	1.56316756043257	0.906	0.624	8.91421811870094e-27
C6401	1.05627838361881e-30	0.561949566417567	0.953	0.815	1.19507336322633e-26
C11116	1.26517928937725e-30	1.83751387575411	0.896	0.438	1.43142384800143e-26
C10134	1.29060919707908e-30	1.03177066726128	0.896	0.382	1.46019524557527e-26
C7779	1.5057443322543e-30	1.02233541420811	0.896	0.588	1.70359913751252e-26
C8498	1.86838470101087e-30	1.07184042784754	0.896	0.64	2.11389045072369e-26
C6545	2.24494301486197e-30	0.980331752340456	0.925	0.608	2.53992852701484e-26
C9935	2.30413753046649e-30	0.902461550730826	0.915	0.647	2.60690120196979e-26
C7266	2.63856453183354e-30	1.36816325215282	0.896	0.632	2.98527191131647e-26
C201	2.86355539071684e-30	0.651826740542589	0.472	0.102	3.23982656905704e-26
C8707	2.93757827821808e-30	1.00668462973734	0.915	0.614	3.32357606397594e-26
C10283	3.79162859529372e-30	3.48148834019558	0.887	0.359	4.28984859271531e-26
C2301	3.99701090805892e-30	1.00856255421931	0.443	0.096	4.52221814137786e-26
C2646	4.34626134804591e-30	1.52219316455955	0.943	0.639	4.91736008917915e-26
C1745	6.27102462719084e-30	1.30330031247069	0.66	0.211	7.09503726320371e-26
C2285	6.61846232391229e-30	1.10765751078391	0.415	0.083	7.48812827327437e-26
C706	1.56042227300882e-29	1.1192493695407	0.547	0.146	1.76546175968218e-25
C10165	1.71081984610479e-29	1.13065163096483	0.896	0.379	1.93562157388296e-25
C10216	1.8190383808852e-29	3.68051384969329	0.887	0.381	2.05806002413352e-25
C8792	2.97314536443047e-29	0.80978029215739	0.962	0.687	3.36381666531664e-25
C4051	3.46279246827994e-29	1.24502234471651	0.896	0.696	3.91780339861193e-25
C4198	3.54491409548157e-29	0.861869965427164	0.972	0.679	4.01071580762785e-25
C9685	3.69330304242612e-29	0.630542122849241	0.934	0.627	4.17860306220091e-25
C9342	3.94662005250827e-29	1.09956132516308	0.906	0.661	4.46520592740786e-25
C11295	4.37299997760861e-29	1.48949678221267	0.896	0.629	4.94761217466638e-25
C6901	4.66737107170668e-29	0.853230552912787	0.906	0.645	5.28066363052894e-25
C10510	5.4930362535871e-29	2.80647277990303	0.868	0.353	6.21482121730845e-25
C8044	6.250061223947e-29	1.5872794082408	0.887	0.644	7.07131926877363e-25
C6957	6.51051800689556e-29	0.846283284712468	0.943	0.578	7.36600007300163e-25
C3823	7.59041221708807e-29	1.03724503479871	0.925	0.722	8.58779238241344e-25
C11124	1.26015558322765e-28	0.713105453037709	0.896	0.61	1.42574002686377e-24
C9811	1.34411820108534e-28	0.457294875353292	0.953	0.6	1.52073533270796e-24
C9775	1.83757598889404e-28	0.678058442142843	0.906	0.583	2.07903347383472e-24
C8915	1.9134856716076e-28	1.35743640128569	0.925	0.645	2.16491768885684e-24
C9376	1.92087268225866e-28	2.02111854722241	0.877	0.638	2.17327535270745e-24
C10069	1.94484137743392e-28	0.709282099691197	0.915	0.417	2.20039353442874e-24
C7546	2.03518030852297e-28	1.23503793229434	0.896	0.651	2.30260300106289e-24
C7666	2.09466610226791e-28	1.17276886308078	0.887	0.587	2.36990522810591e-24
C7539	2.48144105358166e-28	0.80714449916476	0.915	0.522	2.80750240802229e-24
C160	2.95460409707678e-28	1.2224872808904	0.642	0.2	3.34283907543267e-24
C3006	3.12495398726733e-28	1.18746114526029	0.906	0.66	3.53557294119426e-24
C213	3.17802871061611e-28	0.940135492491233	0.453	0.104	3.59562168319106e-24
C266	3.19776928403654e-28	1.72781513156971	0.425	0.094	3.61795616795895e-24
C836	3.74683639130067e-28	1.01413033099813	0.651	0.2	4.23917069311758e-24
C10455	3.99035182733721e-28	3.59623866706412	0.868	0.361	4.51468405744932e-24
C8828	4.07169364552809e-28	1.04606398176354	0.915	0.666	4.60671419055048e-24
C9002	4.25472339061056e-28	1.17935719198458	0.868	0.654	4.81379404413678e-24
C11249	4.38999285375968e-28	1.87080965256247	0.877	0.429	4.9668379147437e-24
C7612	4.88334164520157e-28	1.22358201409687	0.896	0.591	5.52501273738106e-24
C8448	5.63618776580662e-28	0.782196375976626	0.887	0.622	6.37678283823361e-24
C11254	5.86303285944418e-28	1.18949544325469	0.877	0.601	6.63343537717515e-24
C9967	6.71898958790589e-28	0.488587513098759	0.943	0.659	7.60186481975673e-24
C1822	6.76623085406241e-28	0.929810391414537	0.5	0.126	7.65531358828621e-24
C8178	7.11410999474458e-28	1.13389998900092	0.906	0.616	8.04890404805402e-24
C890	7.51450503654949e-28	1.22664381610981	0.415	0.088	8.50191099835209e-24
C9140	7.79576894837134e-28	1.04735511599044	0.915	0.642	8.82013298818733e-24
C8535	8.46189312157971e-28	1.00792511032688	0.896	0.653	9.57378587775528e-24
C3564	8.74027363780131e-28	1.29540169323523	0.934	0.582	9.8887455938084e-24
C8368	9.61277963424698e-28	1.21347549048903	0.953	0.591	1.0875898878187e-23
C2195	1.46130390389223e-27	1.25576407827984	0.698	0.243	1.65331923686367e-23
C9341	1.57178135017321e-27	1.43857581638086	0.934	0.63	1.77831341958596e-23
C6577	1.75426138799847e-27	1.05524133493568	0.915	0.565	1.98477133438147e-23
C2542	1.80477899640376e-27	0.819556907527632	0.934	0.613	2.04192695653121e-23
C7472	2.66354061334724e-27	1.12968094275574	0.925	0.561	3.01352984994106e-23
C9951	3.06229300237183e-27	1.36548201207477	0.896	0.654	3.46467830288349e-23
C9172	4.36171289370232e-27	1.28808098352348	0.925	0.696	4.9348419679348e-23
C10015	5.1482307923265e-27	0.758471980980482	0.896	0.46	5.8247083184382e-23
C11250	6.54632878478946e-27	1.89379919139627	0.858	0.399	7.4065163871108e-23
C3403	7.07492085854759e-27	0.814988999107493	0.877	0.675	8.00456545936074e-23
C10577	8.55515675127497e-27	0.804735879802002	0.887	0.603	9.6793043483925e-23
C9406	1.09718733300511e-26	1.72563206904044	0.887	0.645	1.24135774856198e-22
C8561	1.22002100887271e-26	1.22651685371105	0.906	0.618	1.38033176943858e-22
C8452	1.34924754291481e-26	0.926639895988952	0.925	0.636	1.52653867005382e-22
C1481	1.35210279364625e-26	1.49666317107799	0.632	0.21	1.52976910073137e-22
C2771	1.35932687297477e-26	0.391455285383368	0.943	0.728	1.53794242408365e-22
C8414	1.3770405306995e-26	1.06093417831576	0.877	0.642	1.55798365643342e-22
C11120	1.40793504959791e-26	0.935202747927473	0.868	0.434	1.59293771511507e-22
C179	1.55664335961626e-26	1.3145509976279	0.528	0.155	1.76118629706984e-22
C10064	1.55792545992271e-26	3.62114537105889	0.858	0.367	1.76263686535655e-22
C2345	1.63505933494097e-26	0.950094951396874	0.67	0.246	1.84990613155222e-22
C10183	1.708412471504e-26	0.947764614338285	0.877	0.435	1.93289787025963e-22
C10186	1.71493314923348e-26	1.20877041403759	0.858	0.383	1.94027536504276e-22
C1304	1.91498607730585e-26	1.44692581787269	0.575	0.176	2.16661524786384e-22
C7221	1.94552233704307e-26	1.36192196220329	0.915	0.546	2.20116397213053e-22
C9398	2.17013814419974e-26	1.00826102215595	0.906	0.681	2.45529429634759e-22
C7899	2.4892104457184e-26	1.40737805937464	0.915	0.731	2.8162926982858e-22
C10526	2.58775691147347e-26	3.59236002591258	0.858	0.362	2.92778816964109e-22
C3165	2.62158758605161e-26	1.19249368571868	0.868	0.659	2.96606419485879e-22
C11015	2.67571034070684e-26	1.29911171284256	0.868	0.556	3.02729867947572e-22
C9200	2.82789798969011e-26	1.64062639634326	0.877	0.64	3.19948378553539e-22
C10138	2.92368024498033e-26	0.607784623587322	0.896	0.478	3.30785182917075e-22
C9116	3.27233310251255e-26	1.24725008349397	0.877	0.608	3.7023176721827e-22
C10997	4.52789899917299e-26	1.07245159993173	0.868	0.518	5.12286492766432e-22
C10882	4.85333772713499e-26	0.959168152060089	0.868	0.496	5.49106630448052e-22
C8377	6.57503050548361e-26	1.23085398236458	0.868	0.575	7.43898951390416e-22
C1764	7.18792344606103e-26	1.42281207298508	0.396	0.087	8.13241658687344e-22
C1411	8.77811225071762e-26	0.997327651971244	0.415	0.092	9.93155620046191e-22
C11171	9.11652525355936e-26	1.29888748306873	0.877	0.594	1.03144366718771e-21
C10881	9.39014755770094e-26	0.746856470160227	0.915	0.607	1.06240129467828e-21
C9589	9.45083945902815e-26	0.532161811076954	0.934	0.7	1.06926797639445e-21
C9711	9.87496119323219e-26	0.576145035805211	0.943	0.647	1.11725310940229e-21
C7863	1.3444416016351e-25	1.30510349498281	0.868	0.595	1.52110122808995e-21
C1361	1.38181646589516e-25	0.590976430822404	0.623	0.204	1.56338714951379e-21
C7850	1.47285427110175e-25	0.652679023467949	0.906	0.577	1.66638732232452e-21
C11193	1.50632728988424e-25	1.07415627257488	0.849	0.54	1.70425869577503e-21
C7065	1.56696699807814e-25	1.01109629979547	0.925	0.535	1.77286646162561e-21
C3144	1.575551747974e-25	1.61567575853774	0.915	0.598	1.78257924765778e-21
C7971	1.81257287565208e-25	0.716830570855197	0.934	0.751	2.05074495151277e-21
C1018	2.38612139780551e-25	1.68832375790352	0.453	0.112	2.69965774947715e-21
C10807	2.41411801558688e-25	1.1137049338301	0.858	0.493	2.731333122835e-21
C9934	2.65397905340807e-25	0.628844068628065	0.953	0.638	3.00271190102589e-21
C7454	2.88990211223841e-25	0.725517181144091	0.915	0.497	3.26963524978654e-21
C6517	2.921478261832e-25	0.627411417597266	0.915	0.559	3.30536050543672e-21
C10963	2.98365477975951e-25	1.64699287355742	0.849	0.402	3.37570701781991e-21
C6733	4.59026250276743e-25	2.00343822579127	0.849	0.609	5.19342299563107e-21
C6623	4.73288461207888e-25	1.61143842623409	0.877	0.606	5.35478565010604e-21
C10175	5.43919105185366e-25	1.03528636255804	0.84	0.36	6.15390075606723e-21
C9516	5.657420383207e-25	0.384620158991798	0.925	0.565	6.4008054215604e-21
C10644	7.07437645550359e-25	1.58099816796171	0.849	0.565	8.00394952175676e-21
C9351	7.14742078077778e-25	1.1773811159659	0.858	0.652	8.08659187137199e-21
C6716	7.50255816662437e-25	1.13993338672918	0.915	0.526	8.48839430971881e-21
C9721	7.98788343317646e-25	1.95025333863208	0.877	0.66	9.03749131629585e-21
C8061	8.28095189579631e-25	1.13700112993608	0.877	0.595	9.36906897490395e-21
C4480	8.49154399885156e-25	1.18776856084311	0.877	0.688	9.60733288030066e-21
C7294	1.18054843642247e-24	1.30599084426597	0.877	0.599	1.33567250096838e-20
C2972	1.19758320941258e-24	0.286977558767147	0.925	0.702	1.35494564312939e-20
C9959	1.19972624938178e-24	0.671948047022662	0.906	0.669	1.35737027855054e-20
C9327	1.29084919797183e-24	1.38644020847809	0.868	0.62	1.46046678258533e-20
C7209	1.30485141747084e-24	1.18167042879017	0.849	0.601	1.4763088937265e-20
C10113	1.47339942785403e-24	0.712813493114601	0.896	0.472	1.66700411267405e-20
C9926	1.80853564994883e-24	0.919411488176702	0.877	0.694	2.04617723435211e-20
C7627	1.86412361634587e-24	0.573060387447971	0.915	0.62	2.10906945953372e-20
C11138	1.96941105471755e-24	1.07555663977536	0.849	0.43	2.22819166730744e-20
C10039	2.18613277161579e-24	1.43574356566169	0.84	0.361	2.4733906178061e-20
C10034	2.2842531975791e-24	0.717514353855484	0.877	0.428	2.58440406774099e-20
C3000	2.48202611205098e-24	0.4459529080795	0.925	0.663	2.80816434317448e-20
C8251	2.69795856826724e-24	1.33139341699036	0.868	0.607	3.05247032413756e-20
C1377	2.81492197175023e-24	0.536133829654662	0.509	0.141	3.18480271883821e-20
C8661	2.87569301002788e-24	1.2246140672236	0.849	0.63	3.25355907154554e-20
C11048	2.88531935482078e-24	1.74232503007487	0.868	0.418	3.26445031804423e-20
C9768	2.9066534333063e-24	0.728380012675562	0.925	0.658	3.28858769444274e-20
C9143	2.95849363988374e-24	1.14491702007499	0.858	0.615	3.34723970416446e-20
C7189	3.48235676402311e-24	0.88300903593158	0.943	0.627	3.93993844281574e-20
C1938	3.49757753067573e-24	1.35103273968615	0.387	0.088	3.95715921820652e-20
C7351	3.633454381292e-24	0.98054457396974	0.915	0.589	4.11089028699377e-20
C7797	3.6787338015561e-24	1.21063733417584	0.849	0.596	4.16211942308057e-20
C10726	3.89097087217891e-24	1.71334388719532	0.849	0.416	4.40224444478322e-20
C9894	3.99051910656493e-24	1.13967048498935	0.896	0.582	4.51487331716756e-20
C6975	4.61257078659555e-24	0.817702669700781	0.925	0.602	5.2186625879542e-20
C11176	5.28426582133764e-24	1.52548799620285	0.84	0.427	5.9786183502614e-20
C9619	5.3399344134142e-24	0.366792446599539	0.953	0.675	6.04160179533682e-20
C7433	5.83178580723365e-24	0.966958495068982	0.849	0.617	6.59808246230415e-20
C2189	5.88825871461854e-24	0.680043950578521	0.509	0.147	6.66197590971942e-20
C6987	6.5157472013762e-24	0.971964602023889	0.84	0.581	7.37191638363703e-20
C10598	6.80430009666605e-24	1.22825953379266	0.849	0.585	7.69838512936796e-20
C7281	6.88059631817124e-24	1.41503056874131	0.858	0.586	7.78470667437894e-20
C8432	6.94136527416895e-24	1.27638882020644	0.858	0.619	7.85346067119475e-20
C11169	7.31135470576834e-24	1.77284537140929	0.849	0.417	8.2720667141063e-20
C7504	8.4218425337407e-24	1.35278232232473	0.849	0.611	9.52847264267422e-20
C8479	9.05005745790859e-24	0.590065318430294	0.877	0.703	1.02392350078778e-19
C10923	1.01621809543615e-23	2.03975889312836	0.858	0.429	1.14974915317646e-19
C8307	1.05409184769154e-23	0.887912002002886	0.915	0.762	1.1925995164782e-19
C9862	1.11875214740425e-23	0.54725817609904	0.877	0.533	1.26575617957317e-19
C8773	1.21882306429335e-23	0.391879532583094	0.858	0.635	1.3789764149415e-19
C8272	1.24475627710902e-23	1.29126266451457	0.915	0.658	1.40831725192114e-19
C3209	1.42653503182925e-23	0.815780848133402	0.877	0.634	1.61398173501162e-19
C9098	1.57849548585027e-23	2.04060442332905	0.849	0.569	1.78590979269099e-19
C6775	1.70728255122897e-23	1.59232504842926	0.858	0.592	1.93161947846045e-19
C9261	1.73435874372063e-23	1.19817491017577	0.858	0.647	1.96225348264552e-19
C11049	1.75196261021954e-23	1.66776403163477	0.849	0.408	1.98217049720239e-19
C10759	1.76916489051759e-23	1.0759993205618	0.849	0.57	2.0016331571316e-19
C5073	1.8499019255229e-23	0.819416708680285	0.877	0.661	2.09297903853661e-19
C11219	1.93339650370361e-23	1.72275961363902	0.83	0.42	2.18744480429026e-19
C2295	2.03194461913851e-23	1.01108790070471	0.509	0.145	2.29894214209331e-19
C10272	2.30208458567166e-23	1.06084167235351	0.83	0.358	2.60457850022891e-19
C6664	2.30340356923496e-23	0.671789631467154	0.934	0.791	2.60607079823243e-19
C10568	2.31373823920998e-23	1.43022495179617	0.849	0.397	2.61776344384217e-19
C11129	2.6017921800997e-23	1.82412171533436	0.84	0.417	2.9436676725648e-19
C11003	2.82377785286049e-23	1.28914125845742	0.84	0.573	3.19482226272636e-19
C7864	3.29292025935745e-23	0.934540919595393	0.868	0.62	3.72560998143701e-19
C6997	3.33323879631961e-23	1.4216007913874	0.858	0.574	3.77122637415601e-19
C2553	3.37396414939417e-23	0.388402781061193	0.925	0.689	3.81730303862456e-19
C6580	3.41511044034049e-23	1.02662637657932	0.868	0.639	3.86385595220123e-19
C8677	3.51711759705382e-23	0.309729073132803	0.925	0.69	3.97926684930669e-19
C8164	3.88837849163817e-23	0.657083421271829	0.868	0.477	4.39931142543943e-19
C69	4.81061186514558e-23	0.894104866002971	0.481	0.138	5.44272626422571e-19
C2347	5.59859281181176e-23	1.03671409001562	0.717	0.298	6.33424790728383e-19
C11094	5.94559454205335e-23	1.79709118030896	0.84	0.416	6.72684566487916e-19
C8888	6.17425463428951e-23	0.50073915682536	0.896	0.618	6.98555169323515e-19
C8117	9.34073636724399e-23	0.822677426550592	0.943	0.754	1.05681091258999e-18
C7451	9.53432002390796e-23	1.08557556517174	0.858	0.563	1.07871296750495e-18
C10530	9.58279241378542e-23	0.989477521171366	0.849	0.446	1.08419713369568e-18
C6645	9.64930610773573e-23	1.13052337852458	0.84	0.561	1.09172249302922e-18
C10110	1.03584158320606e-22	4.15455189336526	0.83	0.371	1.17195116723934e-18
C7726	1.08784250894152e-22	0.99558371034923	0.858	0.595	1.23078501461644e-18
C8871	1.2304910384791e-22	2.30051511837789	0.868	0.672	1.39217756093526e-18
C7050	1.37501940252251e-22	1.60805188519419	0.84	0.613	1.55569695201396e-18
C10802	1.40012020375523e-22	2.05898083789937	0.84	0.403	1.58409599852866e-18
C669	1.41072523530362e-22	0.853319499734503	0.387	0.09	1.59609453122251e-18
C10642	1.44072813327417e-22	1.20552429642226	0.84	0.523	1.6300398099864e-18
C7582	1.58692946409592e-22	0.813444285055165	0.896	0.569	1.79545199567813e-18
C10991	1.82292144068684e-22	1.16069158991856	0.84	0.552	2.06245331799309e-18
C7215	1.99023632040127e-22	1.13378066210559	0.84	0.579	2.251753372902e-18
C10513	2.22471294921176e-22	1.45699595334455	0.83	0.378	2.51704023073818e-18
C8206	2.59861905283441e-22	1.02071175700341	0.84	0.569	2.94007759637685e-18
C7655	2.5987418170274e-22	0.909220859252206	0.877	0.642	2.9402164917848e-18
C8276	2.62534906556717e-22	1.0945540510364	0.84	0.584	2.97031993278269e-18
C7681	2.73905547266257e-22	2.8025650146292	0.887	0.541	3.09896736177043e-18
C10857	3.68429766596908e-22	1.80656698814485	0.84	0.394	4.16841437927742e-18
C980	3.82263410608525e-22	1.1668680356539	0.594	0.207	4.32492822762485e-18
C9066	3.8295792410868e-22	0.995627538722197	0.83	0.618	4.33278595336561e-18
C9678	3.89486433346896e-22	1.58582231475226	0.83	0.621	4.40664950688678e-18
C1334	4.54727067216789e-22	1.77809894695652	0.34	0.074	5.14478203849075e-18
C9311	5.44743867976613e-22	1.21971063881048	0.84	0.637	6.1632321222874e-18
C6739	5.87675620910005e-22	0.890945150017174	0.877	0.673	6.6489619749758e-18
C8971	6.98746986038164e-22	1.0276942511535	0.877	0.621	7.90562340003579e-18
C7723	9.73723583718877e-22	0.960602216656215	0.849	0.588	1.10167086261954e-17
C1683	1.03393727214233e-21	0.768306780992535	0.594	0.206	1.16979662970183e-17
C10661	1.28852712033883e-21	1.6512795483668	0.821	0.568	1.45783958395135e-17
C8859	1.32422512090059e-21	2.03606793389609	0.84	0.661	1.49822830178693e-17
C11159	1.41544334191407e-21	1.38261208004467	0.877	0.455	1.60143259704157e-17
C4987	1.49307759591546e-21	0.288049282165275	0.906	0.708	1.68926799201875e-17
C7557	1.69433710617984e-21	1.19224172619829	0.83	0.604	1.91697300193187e-17
C11260	1.72196187261124e-21	0.505259338372742	0.858	0.612	1.94822766267236e-17
C9565	1.77215438128099e-21	2.13361769521811	0.84	0.642	2.00501546698131e-17
C8229	2.4822883824067e-21	1.20712673505854	0.858	0.625	2.80846107585494e-17
C9519	2.6743424690105e-21	1.09972267578006	0.896	0.612	3.02575106943848e-17
C453	2.77133979213936e-21	0.714351107598866	0.415	0.114	3.13549384082647e-17
C10602	3.24856508541552e-21	1.19530384435625	0.83	0.47	3.67542653763912e-17
C9076	3.60688894976872e-21	0.684764887262092	0.868	0.727	4.08083415776832e-17
C8278	3.75255940986606e-21	1.37852010291542	0.84	0.597	4.24564571632246e-17
C7177	3.79613242845398e-21	0.943363821608249	0.868	0.662	4.29494422955283e-17
C6666	3.92964121766073e-21	0.881636853733151	0.858	0.577	4.44599607366134e-17
C11258	4.1941020682216e-21	1.22799908077682	0.811	0.534	4.74520707998592e-17
C7895	4.24633007775756e-21	0.918792984456277	0.877	0.54	4.8042978499749e-17
C8624	4.93236480883974e-21	0.593232999554379	0.858	0.621	5.58047754472128e-17
C9001	6.24819690791478e-21	0.606200707754025	0.84	0.64	7.06920998161478e-17
C9771	6.87156551075216e-21	0.959039182925608	0.896	0.616	7.774489218865e-17
C11089	8.40893280415533e-21	1.14978518626632	0.83	0.558	9.51386657462134e-17
C11041	8.71401514910776e-21	0.928532700871233	0.821	0.389	9.85903673970052e-17
C7385	9.07481371471417e-21	1.02069896302018	0.915	0.54	1.02672442368276e-16
C10865	9.14202042157396e-21	0.957023145378136	0.849	0.563	1.03432819049688e-16
C10856	9.46299835356354e-21	0.730291749871749	0.84	0.606	1.07064363372218e-16
C7849	9.65516801879009e-21	1.20314903555721	0.849	0.592	1.09238570964591e-16
C9309	1.0057802885982e-20	0.576449979475794	0.877	0.686	1.13793981852001e-16
C1567	1.18266587218032e-20	0.823447132138167	0.509	0.166	1.33806816778481e-16
C3566	1.23504712533549e-20	0.533114149149412	0.934	0.683	1.39733231760458e-16
C5234	1.29684102187669e-20	1.04015935141572	0.821	0.646	1.46724593215129e-16
C7073	1.39753302277903e-20	1.33878498032532	0.84	0.562	1.5811688619722e-16
C9615	1.43904761269244e-20	1.04487252096741	0.83	0.633	1.62813846900023e-16
C10479	1.65369781590683e-20	1.01746472332024	0.821	0.375	1.87099370891699e-16
C2466	1.95226044985432e-20	0.835429209227947	0.858	0.667	2.20878747296517e-16
C8008	2.04611190977316e-20	0.755337328005794	0.83	0.617	2.31497101471735e-16
C8197	2.31376104029222e-20	1.05998372938856	0.849	0.602	2.61778924098662e-16
C10589	2.31916661209783e-20	1.79056540137211	0.821	0.405	2.62390510492749e-16
C8852	2.41695101984782e-20	0.55141202639326	0.877	0.719	2.73453838385582e-16
C10883	2.51929120394962e-20	0.838680083033587	0.821	0.594	2.8503260681486e-16
C8238	2.65425224240701e-20	1.18829702715477	0.877	0.767	3.00302098705929e-16
C7428	3.11364693528271e-20	0.846030126336789	0.858	0.674	3.52278014257886e-16
C9651	3.11364703557343e-20	0.601999061906271	0.887	0.636	3.52278025604778e-16
C11100	3.16957364475639e-20	0.772682443772526	0.811	0.563	3.58605562167738e-16
C9118	4.30858649028552e-20	0.593031188805057	0.849	0.609	4.87473475510904e-16
C7924	4.39228657897934e-20	1.17135501417546	0.83	0.618	4.96943303545722e-16
C1488	4.80428638158696e-20	0.949059921551117	0.519	0.18	5.43556961212749e-16
C9000	4.98554988424277e-20	0.893304041597131	0.868	0.652	5.64065113903227e-16
C6723	5.11499853393388e-20	0.780696821210942	0.868	0.526	5.7871093412928e-16
C2177	5.26946397875019e-20	1.6773351983798	0.377	0.097	5.96187154555797e-16
C8979	5.45333592366936e-20	1.10133107511732	0.877	0.715	6.16990426403951e-16
C6905	5.53245883666191e-20	1.73999659792529	0.84	0.63	6.25942392779929e-16
C710	6.06781710655637e-20	1.12564475285107	0.547	0.186	6.86512827435788e-16
C9352	6.09946432520091e-20	0.384567472994826	0.887	0.652	6.90093393753231e-16
C11096	6.21778757223765e-20	1.66101464968955	0.811	0.397	7.03480485922968e-16
C479	6.30064141316385e-20	0.841632814422153	0.453	0.14	7.12854569485358e-16
C10447	6.34391147939545e-20	0.68992885007788	0.849	0.507	7.17750144778801e-16
C7463	7.73729098496095e-20	1.05059923636981	0.83	0.584	8.75397102038482e-16
C8528	8.45954133104477e-20	1.52396460082675	0.84	0.664	9.57112506194406e-16
C7127	9.45648708002963e-20	0.336755506810735	0.887	0.567	1.06990694823455e-15
C7894	9.62275726288206e-20	1.28298242222385	0.811	0.603	1.08871875672248e-15
C7618	1.01739627747173e-19	1.10794460340502	0.84	0.628	1.15108214833151e-15
C10860	1.12294500318408e-19	1.79794913292282	0.811	0.47	1.27049997660247e-15
C7216	1.30315696353004e-19	1.13080214501745	0.811	0.561	1.47439178853789e-15
C7257	1.32187319025769e-19	1.64440511227092	0.84	0.554	1.49556732745755e-15
C10929	1.33226651980189e-19	0.910708422293023	0.821	0.401	1.50732634050386e-15
C9183	1.38839352865641e-19	0.277865687274716	0.915	0.71	1.57082843832187e-15
C9480	1.50986847876452e-19	0.3714332122369	0.906	0.635	1.70826519687418e-15
C10943	1.54957650859467e-19	1.48384246189242	0.811	0.397	1.75319086182401e-15
C2356	1.57620447817569e-19	0.59523015823787	0.349	0.087	1.78331774660798e-15
C10007	1.79188340171435e-19	1.22594987580018	0.802	0.371	2.02733688069962e-15
C9397	1.99969915413038e-19	1.17863558406858	0.84	0.647	2.26245962298311e-15
C10721	2.15704336299681e-19	0.987667845682881	0.811	0.396	2.44047886089459e-15
C10621	2.20524984734446e-19	0.996545074822269	0.811	0.526	2.49501967728552e-15
C9751	2.36700942208866e-19	0.58661344573258	0.887	0.724	2.67803446015111e-15
C7517	2.4813366926438e-19	0.737993744901195	0.84	0.591	2.80738433405719e-15
C10792	2.60231594138138e-19	1.06961362163814	0.811	0.503	2.94426025607889e-15
C11022	2.93008425268699e-19	0.659386008085936	0.849	0.497	3.31509732349006e-15
C10766	2.9617674670344e-19	1.03474282820878	0.811	0.582	3.35094371220272e-15
C8439	3.08669920801615e-19	0.678928893657367	0.868	0.754	3.49229148394947e-15
C10687	3.10603750721001e-19	1.72934356329242	0.792	0.408	3.51417083565741e-15
C9399	3.21010020325247e-19	0.641315444193327	0.934	0.74	3.63190736995984e-15
C9561	3.73093212735025e-19	0.381248851755001	0.915	0.648	4.22117660888407e-15
C7803	3.86761763683833e-19	0.654972874973456	0.84	0.593	4.37582259431888e-15
C10543	4.05985888784334e-19	0.536424773616851	0.84	0.474	4.59332434570596e-15
C10716	4.07447653925352e-19	1.24243876483372	0.821	0.489	4.60986275651144e-15
C7095	4.31482023754929e-19	1.37169933314835	0.83	0.617	4.88178761676327e-15
C7200	4.59291157699683e-19	1.76694931256807	0.858	0.663	5.19642015821422e-15
C10926	4.59704016149204e-19	1.28223930187379	0.811	0.53	5.20109123871209e-15
C7684	4.73852323892315e-19	1.05460072319743	0.849	0.597	5.36116519251765e-15
C9962	4.75333284128987e-19	0.414661462569305	0.887	0.638	5.37792077663536e-15
C7378	5.05931448807097e-19	1.26670306978878	0.792	0.567	5.72410841180349e-15
C7347	5.21139364442996e-19	1.33386581396411	0.84	0.528	5.89617076930806e-15
C10798	5.77626371822573e-19	0.723582101852073	0.821	0.425	6.53526477080059e-15
C9812	7.40613242573063e-19	0.890191094167492	0.868	0.627	8.37929822647163e-15
C7767	7.97858315721039e-19	1.51129554474608	0.849	0.499	9.02696898406784e-15
C10852	8.07675471293123e-19	1.17679899823859	0.783	0.452	9.13804028221039e-15
C9091	9.84818931490422e-19	1.28907643197656	0.811	0.598	1.11422413908826e-14
C4632	1.05255633146579e-18	0.626799122804898	0.849	0.676	1.19086223342039e-14
C8716	1.06894407822816e-18	1.5568999878169	0.83	0.627	1.20940333010734e-14
C10796	1.09336135052418e-18	0.751356461321955	0.84	0.602	1.23702903198306e-14
C9713	1.34931987356234e-18	0.34501102690532	0.915	0.698	1.52662050494843e-14
C9578	1.37660158773516e-18	0.374117829542276	0.877	0.676	1.55748703636357e-14
C8696	1.44167904272772e-18	0.86791898988248	0.868	0.647	1.63111566894214e-14
C9256	1.67872208102966e-18	0.64857923940228	0.887	0.668	1.89930616247695e-14
C11114	1.73819697788171e-18	0.736148706750391	0.84	0.565	1.96659606077536e-14
C10203	1.76542847273495e-18	0.56460834097477	0.83	0.468	1.99740577405232e-14
C6704	1.88066951218119e-18	0.426612909728531	0.877	0.631	2.1277894860818e-14
C11216	2.09643433815064e-18	1.02735113879902	0.802	0.463	2.37190581018364e-14
C6727	2.22255156420884e-18	0.713208618867826	0.849	0.523	2.51459483974588e-14
C8676	2.32340898887893e-18	0.80468085183851	0.858	0.669	2.62870493001762e-14
C10368	2.40711706657284e-18	0.824696132994742	0.83	0.456	2.72341224912052e-14
C2218	2.54969966224932e-18	0.675666481035922	0.481	0.163	2.88473019786888e-14
C10103	2.64641720395175e-18	0.678432043109022	0.849	0.466	2.994156424551e-14
C7407	2.75294977117272e-18	1.62461220357852	0.821	0.586	3.11468737110482e-14
C10977	2.93827484180502e-18	0.981757488439557	0.811	0.586	3.3243641560182e-14
C8725	3.17713374646032e-18	1.08906598401905	0.792	0.626	3.5946091207452e-14
C9407	3.49729567021852e-18	0.411286148969348	0.896	0.646	3.95684032128523e-14
C7542	3.75079942654978e-18	0.606151832341795	0.84	0.586	4.24365447119843e-14
C9197	3.7677632486722e-18	1.01216525733446	0.811	0.601	4.26284733954773e-14
C9010	3.88427898129135e-18	1.31764934691348	0.849	0.689	4.39467323943304e-14
C11293	4.14969007185982e-18	0.614536667530246	0.83	0.582	4.6949593473022e-14
C11244	4.75162874540676e-18	0.987152344260037	0.783	0.534	5.37599276255321e-14
C7828	4.7749296401892e-18	0.453005411645245	0.877	0.516	5.40235539491006e-14
C11012	4.94967130353497e-18	1.55336206304676	0.811	0.588	5.60005811281947e-14
C6810	5.065631309383e-18	1.24891526839397	0.896	0.638	5.73125526343592e-14
C9049	5.58943524353392e-18	0.834271267199253	0.849	0.665	6.32388703453428e-14
C10837	5.59347732352527e-18	0.687336353579089	0.83	0.573	6.32846024383649e-14
C9430	5.86659466645509e-18	0.546366112532162	0.849	0.653	6.63746520562729e-14
C10891	5.92530370925379e-18	0.669315032510102	0.83	0.604	6.70388861664974e-14
C1452	6.68468375743997e-18	0.67659630064075	0.358	0.096	7.56305120316758e-14
C10892	7.291566653214e-18	2.10101369469627	0.802	0.403	8.24967851144632e-14
C8649	7.73275851223248e-18	0.362209607006804	0.849	0.609	8.74884298073982e-14
C6801	8.4126431448551e-18	0.999421170640511	0.802	0.605	9.51806445408906e-14
C1343	8.53760952911074e-18	0.706305071360873	0.481	0.163	9.65945142123589e-14
C9067	8.64402322436132e-18	1.10583825823434	0.84	0.694	9.77984787604239e-14
C10245	8.74835529131372e-18	1.07318252318563	0.811	0.422	9.89788917659234e-14
C1812	8.87178718140902e-18	0.781439587689185	0.453	0.149	1.00375400170462e-13
C8600	9.30495143694346e-18	0.620572283742535	0.906	0.704	1.05276220557578e-13
C10640	9.48152016788821e-18	1.17586701409695	0.802	0.578	1.07273919179487e-13
C11030	9.49846827581709e-18	0.81861581420029	0.821	0.603	1.07465670072595e-13
C9575	1.041432169808e-17	0.321661263371649	0.896	0.681	1.17827635692077e-13
C10047	1.19797823436614e-17	0.813474049529635	0.83	0.595	1.35539257436185e-13
C918	1.20840925524681e-17	0.710060594864343	0.425	0.129	1.36719423138624e-13
C9042	1.33550072736472e-17	0.296273890205457	0.896	0.656	1.51098552294044e-13
C4876	1.39886610478328e-17	0.896055538252198	0.821	0.709	1.5826771109518e-13
C4023	1.50063616164646e-17	0.307636578253234	0.858	0.688	1.69781975328681e-13
C10751	1.69111868837521e-17	0.972904635630492	0.811	0.503	1.91333168402772e-13
C7204	1.73174447678708e-17	1.13466958309727	0.821	0.64	1.9592957010369e-13
C11174	1.96268364513245e-17	0.788927033290207	0.802	0.495	2.22058027610286e-13
C7468	2.23689446874891e-17	0.922686269401847	0.84	0.527	2.53082240194252e-13
C8597	4.74664834266985e-17	0.986605817255985	0.821	0.63	5.37035793489667e-13
C8908	5.04152310218897e-17	0.555094433083388	0.849	0.668	5.7039792378166e-13
C8736	5.06379527129595e-17	0.298346018533435	0.887	0.693	5.72917796994423e-13
C9043	5.56273140247673e-17	0.300459545984288	0.858	0.69	6.29367430876218e-13
C7503	5.87299461601501e-17	0.781357979888017	0.896	0.772	6.64470610855938e-13
C11201	6.04934028134237e-17	0.803761206280367	0.792	0.461	6.84422359431075e-13
C10578	7.26691589975877e-17	0.585795889356048	0.83	0.565	8.22178864898707e-13
C11085	7.32682837459274e-17	0.797848237855033	0.774	0.426	8.28957362301422e-13
C3075	7.33681180417807e-17	0.332053927253224	0.868	0.712	8.30086887524707e-13
C7341	7.54329519395322e-17	1.28345781538859	0.792	0.602	8.53448418243868e-13
C9104	9.28015411357458e-17	0.680866103079453	0.858	0.618	1.04995663640983e-12
C10199	9.49104326410354e-17	1.00695154600625	0.783	0.386	1.07381663490067e-12
C9254	1.02908730099247e-16	1.31117003423477	0.83	0.718	1.16430937234288e-12
C10556	1.03831438789651e-16	1.11583437585167	0.783	0.432	1.17474889846611e-12
C11300	1.04549280983232e-16	0.487388025762486	0.792	0.626	1.18287056504429e-12
C11125	1.1567908736148e-16	0.898904940777626	0.811	0.563	1.30879319440778e-12
C8507	1.20749008223393e-16	1.06594435680317	0.84	0.71	1.36615427903947e-12
C8470	1.31910187688821e-16	1.16306215957715	0.783	0.615	1.49243186351132e-12
C8155	1.33655411886352e-16	0.753908460139693	0.84	0.746	1.51217733008218e-12
C7836	1.54260121732692e-16	1.70760555989964	0.792	0.616	1.74529901728368e-12
C9187	1.63446844851241e-16	0.31839204157026	0.84	0.691	1.84923760264694e-12
C9405	1.95773323236105e-16	0.296964210762101	0.906	0.646	2.2149793790933e-12
C6579	2.31693293478528e-16	1.32122793925593	0.774	0.565	2.62137792241607e-12
C10074	2.49104655151049e-16	0.52929469496411	0.849	0.51	2.81837006837897e-12
C8830	2.52576711478669e-16	0.537082052982884	0.83	0.659	2.85765291366966e-12
C7560	2.56968445540724e-16	0.418978073979076	0.896	0.64	2.90734099284775e-12
C10954	2.57250002007353e-16	1.05543088141608	0.802	0.568	2.91052652271119e-12
C10725	2.90720775931567e-16	0.557362095127988	0.821	0.495	3.28921485888975e-12
C8169	3.35014354314823e-16	0.590146118379052	0.887	0.77	3.79035240471791e-12
C9028	3.35974449813653e-16	0.803248917241842	0.858	0.668	3.80121492519167e-12
C1966	3.62243894271985e-16	0.588489553994401	0.5	0.188	4.09842741979324e-12
C9318	3.82103300813845e-16	0.481453586367516	0.849	0.658	4.32311674540785e-12
C10894	3.87440471228393e-16	0.62605316552115	0.811	0.602	4.38350149147804e-12
C8836	4.27701746311338e-16	0.489641658568832	0.877	0.636	4.83901755776648e-12
C8805	4.3881890260957e-16	0.54196648441786	0.858	0.645	4.96479706412468e-12
C9073	4.41327779547776e-16	0.889462209298462	0.83	0.72	4.99318249780353e-12
C11207	4.54141730133218e-16	0.853321037159443	0.783	0.472	5.13815953472723e-12
C10238	4.94534299669858e-16	2.79934506160528	0.887	0.646	5.59516106646477e-12
C7571	5.37865055068383e-16	0.950179408204758	0.811	0.627	6.08540523304369e-12
C1788	5.66462703919453e-16	0.639712301011014	0.491	0.18	6.40895903214469e-12
C7579	6.32337851223991e-16	1.08096031834763	0.802	0.624	7.15427044874824e-12
C11018	6.78569751483097e-16	0.994416529073501	0.764	0.548	7.67733816827976e-12
C8669	6.96288064317425e-16	0.617650292250144	0.84	0.605	7.87780315968735e-12
C10824	7.83036899746338e-16	0.90665532751072	0.792	0.502	8.85927948373006e-12
C7495	8.332080878326e-16	1.10524487869653	0.792	0.596	9.42691630573803e-12
C11253	9.45383460416606e-16	0.825443964283534	0.774	0.387	1.06960684711535e-11
C9071	1.1359884857982e-15	0.433658460577478	0.83	0.61	1.28525737283208e-11
C633	1.14843312641822e-15	0.578383640048008	0.538	0.224	1.29933723922957e-11
C9911	1.15206618164275e-15	0.733525730964138	0.821	0.644	1.30344767791061e-11
C1957	1.33201144842981e-15	0.973917012490619	0.387	0.126	1.50703775275349e-11
C6741	1.99957469835097e-15	1.58499230063236	0.84	0.66	2.26231881371429e-11
C8112	2.17080671851913e-15	1.08106967343553	0.783	0.574	2.45605072133255e-11
C10502	2.19222966151693e-15	0.357262188780253	0.887	0.665	2.48028863904026e-11
C7825	2.27275424863963e-15	0.969770025665627	0.792	0.588	2.57139415691088e-11
C10338	2.35312252971128e-15	0.60950906935801	0.811	0.505	2.66232283011534e-11
C7643	2.38938382487249e-15	1.03231521091937	0.783	0.589	2.70334885946074e-11
C8660	2.40616205981563e-15	0.505761343962758	0.849	0.731	2.7223317544754e-11
C10291	2.85142228385691e-15	0.395165784989477	0.792	0.463	3.22609917195571e-11
C7085	3.02927312387994e-15	0.38154745009649	0.858	0.582	3.42731961235776e-11
C8350	3.40732717783826e-15	0.571204915461675	0.858	0.511	3.8550499690062e-11
C10298	3.85693985847944e-15	0.422040463723396	0.802	0.491	4.36374175588364e-11
C8353	4.56456642442485e-15	1.14634459678645	0.811	0.579	5.16435045259428e-11
C11142	4.61489474175981e-15	1.72257918163265	0.774	0.427	5.22129191082705e-11
C8500	4.65334358087179e-15	0.529671119916016	0.84	0.627	5.26479292739834e-11
C7245	4.68546047079488e-15	0.355695406369448	0.858	0.574	5.30112997665733e-11
C10158	4.79908893747477e-15	0.320111547180815	0.802	0.475	5.42968922385896e-11
C10450	5.12417552682659e-15	1.01473094368238	0.783	0.404	5.79749219105161e-11
C10956	5.17388906534398e-15	1.07248651378279	0.774	0.458	5.85373808853017e-11
C2269	6.17071945817257e-15	0.385891036007695	0.509	0.209	6.98155199497645e-11
C7777	6.45056307167863e-15	1.07866569510963	0.83	0.63	7.29816705929721e-11
C2018	6.81627924807208e-15	0.266184279849799	0.538	0.217	7.71193834126875e-11
C8626	7.10835032414146e-15	0.517468555177886	0.849	0.732	8.04238755673365e-11
C10944	8.85912232420305e-15	0.598415069975561	0.821	0.598	1.00232109976033e-10
C9416	9.16094145575558e-15	0.384072525771946	0.84	0.579	1.03646891630419e-10
C8266	9.75255826511989e-15	0.775713566850081	0.811	0.682	1.10340444211566e-10
C8154	1.00349953417785e-14	0.453217808753907	0.849	0.596	1.13535937296882e-10
C6513	1.02974593262716e-14	0.842480537717804	0.849	0.708	1.16505454817437e-10
C1382	1.0711768950158e-14	0.53273497348562	0.377	0.121	1.21192953902088e-10
C9149	1.21676682706037e-14	0.256705998747338	0.84	0.677	1.37664998813611e-10
C10899	1.28046215914228e-14	2.09185169767312	0.745	0.549	1.44871488685358e-10
C9609	1.33411461755921e-14	0.300715669898564	0.896	0.693	1.50941727830649e-10
C10734	1.67900160265973e-14	1.8729472543543	0.755	0.429	1.89962241324921e-10
C7583	2.14981143015825e-14	0.489176061230373	0.858	0.757	2.43229665208105e-10
C8705	2.28976324167289e-14	0.435427628248446	0.821	0.747	2.5906381316287e-10
C8553	2.29591335554133e-14	0.306749195884968	0.849	0.673	2.59759637045946e-10
C8126	2.56598685801713e-14	0.681432951717202	0.821	0.718	2.90315753116058e-10
C9876	2.81786431527767e-14	0.546820939188497	0.821	0.733	3.18813168630515e-10
C7192	3.02460161464243e-14	0.619402853434573	0.84	0.558	3.42203426680645e-10
C10799	3.03728309779606e-14	0.987553243976496	0.764	0.559	3.43638209684647e-10
C11132	3.12940016684779e-14	0.969403435819733	0.764	0.472	3.54060334877159e-10
C10011	3.15647640264099e-14	1.77264975904838	0.736	0.374	3.57123740194801e-10
C8043	3.77347467523297e-14	1.09275424784794	0.821	0.763	4.26930924755858e-10
C8702	3.91142077510579e-14	0.834991749709422	0.802	0.704	4.4253814649547e-10
C7992	4.09740921021164e-14	1.26675731430025	0.755	0.582	4.63580878043345e-10
C11288	4.20782889066466e-14	1.53982184513145	0.755	0.452	4.760737606898e-10
C9960	4.41388030998979e-14	0.524474759934824	0.83	0.706	4.99386418272245e-10
C8759	4.6977215401062e-14	0.334945344741229	0.783	0.632	5.31500215047616e-10
C10826	4.89232550952561e-14	0.685285099699384	0.783	0.593	5.53517708147728e-10
C10413	6.19401153727104e-14	1.02017042265509	0.764	0.39	7.00790465326845e-10
C10811	6.74068904168535e-14	2.18814137272925	0.755	0.473	7.6264155817628e-10
C8823	6.82758842776778e-14	0.253005256777788	0.821	0.686	7.72473354717647e-10
C6635	6.9546308497223e-14	0.353477965520013	0.849	0.586	7.86846934337581e-10
C6738	7.69599269729661e-14	0.337399297993376	0.84	0.583	8.70724613772138e-10
C6912	1.00696296221163e-13	1.05058907504166	0.84	0.595	1.13927789544624e-09
C10471	1.14014251689599e-13	1.98302368201363	0.755	0.367	1.28995724361613e-09
C11268	1.26657015618235e-13	0.338953082480176	0.792	0.595	1.43299747470472e-09
C1427	1.28402001785394e-13	0.533532731583052	0.462	0.175	1.45274024819994e-09
C8019	1.36476339426301e-13	0.399820015804508	0.849	0.722	1.54409330426916e-09
C10671	1.42029460186496e-13	0.694289809150152	0.792	0.52	1.60692131255001e-09
C7336	1.4246326694426e-13	0.729819550590532	0.821	0.728	1.61182940220736e-09
C10975	1.4310111211148e-13	1.23014851929101	0.774	0.569	1.61904598242929e-09
C8354	1.46978744952891e-13	0.376887376158838	0.858	0.654	1.66291752039701e-09
C7999	1.48322043955589e-13	0.656478330035184	0.802	0.675	1.67811560531354e-09
C8791	1.51634775407717e-13	0.538995323930338	0.849	0.744	1.71559584896291e-09
C8847	1.51831713003101e-13	0.414259450232951	0.84	0.654	1.71782400091709e-09
C7569	1.83483589622451e-13	0.97111884216078	0.792	0.672	2.07593333298841e-09
C7645	1.86115246171746e-13	0.974857002837692	0.821	0.612	2.10570789518714e-09
C6689	2.74069643063833e-13	0.49847442332967	0.811	0.687	3.10082394162421e-09
C7874	2.98321301452609e-13	0.532213370193416	0.858	0.775	3.37520720463482e-09
C11070	3.05577917982476e-13	1.0182958291291	0.755	0.599	3.45730856405374e-09
C3639	4.53796429686203e-13	0.304804939100417	0.83	0.674	5.1342528054697e-09
C9614	4.67882957177665e-13	0.469288177924995	0.858	0.727	5.2936277775081e-09
C7890	5.29995232181595e-13	1.18360942196616	0.802	0.608	5.99636605690257e-09
C7735	5.32695385124687e-13	0.730473295260761	0.792	0.67	6.02691558730071e-09
C11121	5.44813670404487e-13	1.00158338492954	0.745	0.453	6.16402186695637e-09
C6747	5.88877565154727e-13	0.433457202825229	0.868	0.79	6.66256077216058e-09
C2326	6.42824576707729e-13	0.374627493074087	0.406	0.148	7.27291726087124e-09
C9693	7.1381562383653e-13	0.583984918422576	0.83	0.65	8.0761099680865e-09
C2748	7.21067366500124e-13	0.638399892861212	0.868	0.701	8.1581561845824e-09
C6970	7.68056341785251e-13	1.05973563532679	0.783	0.586	8.68978945095833e-09
C9597	8.08820790867983e-13	0.481291245204044	0.877	0.729	9.15099842788036e-09
C7010	8.84491395948866e-13	0.686305151538016	0.849	0.763	1.00071356537655e-08
C11276	9.05769608455626e-13	0.55073809041496	0.774	0.494	1.0247877350067e-08
C11237	9.5350031308936e-13	0.271022990590901	0.802	0.627	1.0787902542293e-08
C487	1.06990901040253e-12	0.497502247828253	0.415	0.157	1.21049505436942e-08
C10593	1.17136735834834e-12	0.464921325364691	0.792	0.559	1.32528502923531e-08
C8263	1.17757627461662e-12	0.566242186057514	0.783	0.585	1.33230979710125e-08
C7769	1.39926088071586e-12	0.446752401312445	0.792	0.514	1.58312376044192e-08
C11025	1.6269193279662e-12	0.670023378334348	0.792	0.671	1.84069652766096e-08
C10890	1.78307429513979e-12	0.540108213292715	0.774	0.57	2.01737025752115e-08
C8341	1.84000134876854e-12	0.48812080929256	0.83	0.769	2.08177752599673e-08
C7880	1.84228660399304e-12	0.427472366444933	0.802	0.593	2.08436306375773e-08
C1261	1.87843510125927e-12	0.304983486127658	0.34	0.111	2.12526147356474e-08
C11081	2.32635545858752e-12	0.444713390918754	0.774	0.49	2.63203856584593e-08
C2111	2.40555959336081e-12	0.40468786138376	0.368	0.129	2.72165012392842e-08
C10784	2.70268912338073e-12	0.767124291040131	0.745	0.476	3.05782247419296e-08
C7537	2.79460490851847e-12	0.428187668664092	0.83	0.766	3.1618159934978e-08
C10096	2.79477487833415e-12	2.07384831975332	0.745	0.37	3.16200829734726e-08
C6559	2.80149637697149e-12	0.527674183872035	0.83	0.775	3.16961300090554e-08
C10724	2.80599770836539e-12	0.263165780528132	0.802	0.457	3.1747058072446e-08
C7184	3.2951423707445e-12	0.873350158138006	0.811	0.671	3.72812407826032e-08
C10189	3.90769933663102e-12	0.294397273778209	0.792	0.502	4.42117102946434e-08
C6736	4.13318965335054e-12	0.671916963145528	0.802	0.689	4.6762907738008e-08
C11305	4.33258921790346e-12	1.20658099094706	0.745	0.541	4.90189144113598e-08
C8142	5.38472722957423e-12	0.791357403999316	0.84	0.6	6.09228038754029e-08
C8929	6.65841579034896e-12	0.44270620863168	0.792	0.709	7.53333162520082e-08
C10582	7.41304876524004e-12	1.51564036049328	0.745	0.594	8.38712337299258e-08
C11280	7.72929344419675e-12	1.51375113531167	0.736	0.449	8.7449226027642e-08
C717	8.46705243028417e-12	0.568737536640814	0.708	0.404	9.57962311962351e-08
C10966	8.72621450652414e-12	0.43381914003985	0.764	0.567	9.87283909268141e-08
C9501	1.10560108153281e-11	0.284793158632154	0.802	0.664	1.25087706364622e-07
C10006	1.10830265580742e-11	0.269587161267137	0.774	0.49	1.25393362478051e-07
C10794	1.39912336681891e-11	0.587948968508825	0.83	0.73	1.58296817721892e-07
C7330	1.57242873873115e-11	1.270899084223	0.764	0.578	1.77904587500042e-07
C10427	1.5993272384725e-11	0.300616857731562	0.83	0.652	1.80947883760778e-07
C9264	1.77292448769572e-11	0.307477935018216	0.783	0.555	2.00588676537893e-07
C11055	1.78874400263281e-11	2.28409698599456	0.736	0.559	2.02378496457876e-07
C7873	2.16319812426468e-11	0.442723401269982	0.811	0.742	2.44744235779306e-07
C8012	2.22016264595437e-11	0.963973442588331	0.755	0.603	2.51189201763278e-07
C1974	2.2467632773867e-11	0.302608536516066	0.34	0.117	2.54198797203531e-07
C8463	2.27053905426561e-11	0.40477202482073	0.83	0.769	2.56888788599611e-07
C1471	2.43264439654533e-11	0.893814676819559	0.462	0.206	2.75229387025138e-07
C8687	2.46307135175687e-11	0.396638338778125	0.783	0.629	2.78671892737773e-07
C7717	3.02591808611127e-11	0.274599474656318	0.83	0.731	3.42352372262629e-07
C10693	3.93650446895675e-11	0.602697307566662	0.764	0.558	4.45376115617767e-07
C10960	4.77662851026573e-11	1.41555735338514	0.755	0.614	5.40427749651465e-07
C9742	4.91200735215569e-11	1.52740710796381	0.774	0.693	5.55744511822894e-07
C6790	5.05666198356338e-11	0.375859583390108	0.802	0.654	5.72110736820361e-07
C8653	6.44809784470603e-11	0.261265585974031	0.811	0.606	7.2953779015004e-07
C9046	6.83099864175272e-11	0.355526023504435	0.83	0.664	7.72859186327903e-07
C8189	6.95014362913971e-11	0.866922572219648	0.802	0.757	7.86339250200866e-07
C8897	7.93363602925293e-11	0.441317392013806	0.821	0.618	8.97611580349676e-07
C9117	8.13671332020296e-11	0.317251358501641	0.858	0.766	9.20587745047763e-07
C10020	8.81179209286257e-11	0.386953234146153	0.774	0.64	9.96966157386471e-07
C10970	9.06242241605969e-11	0.727202547068141	0.764	0.556	1.02532247215299e-06
C7490	9.24140302436614e-11	0.345839018332607	0.84	0.776	1.04557233817679e-06
C7640	1.0373130686397e-10	0.73363382165587	0.811	0.795	1.17361600585896e-06
C7053	1.05523714833994e-10	0.392613880029926	0.83	0.739	1.19389530963181e-06
C11117	1.0696560467788e-10	3.43868756688413	0.717	0.546	1.21020885132554e-06
C1185	1.35368414113085e-10	0.510608843803378	0.453	0.203	1.53155823727544e-06
C9908	1.55320425674615e-10	0.30312296012719	0.783	0.68	1.7572952960826e-06
C11042	1.58491335918733e-10	0.621001073691815	0.764	0.542	1.79317097458455e-06
C10657	2.21437962197354e-10	1.00537927018557	0.726	0.447	2.50534910430086e-06
C11029	2.45787875484804e-10	3.02662209379998	0.717	0.448	2.78084402323507e-06
C1344	2.49442442969947e-10	0.432834944439728	0.377	0.156	2.82219179976198e-06
C10665	3.45492548465487e-10	3.27936770892081	0.726	0.445	3.90890269333851e-06
C20	3.88129764006883e-10	0.374808024622352	0.34	0.127	4.39130014997388e-06
C8288	4.95626853418078e-10	0.410806199784804	0.802	0.763	5.60752221957213e-06
C8252	5.20226916841123e-10	0.265710170487614	0.755	0.554	5.88584733714047e-06
C7920	5.4421986190174e-10	0.432273111355566	0.745	0.582	6.15730351755628e-06
C7794	5.90287233072561e-10	0.265423729447723	0.84	0.636	6.67850975498295e-06
C8804	6.17426567038801e-10	0.420131696624878	0.774	0.628	6.98556417947699e-06
C8746	7.28281630496829e-10	0.428623010574585	0.792	0.727	8.23977836744112e-06
C8568	7.46787974018381e-10	0.360875564102479	0.821	0.756	8.44915913804396e-06
C8516	1.01344622491279e-09	0.887736393316791	0.755	0.614	1.14661305886634e-05
C6913	1.16252814601154e-09	0.449594590699983	0.811	0.683	1.31528434439746e-05
C10595	1.2110899335031e-09	0.39746453877768	0.764	0.592	1.37022715076541e-05
C11136	1.32998907624144e-09	0.381029006350325	0.774	0.563	1.50474964085956e-05
C10990	1.51762041181245e-09	0.775786445192167	0.755	0.525	1.7170357339246e-05
C8036	1.58928989512671e-09	0.258443869852489	0.811	0.753	1.79812258734636e-05
C10905	1.86936618574999e-09	0.449462185664651	0.745	0.555	2.11500090255754e-05
C7220	1.97379097251384e-09	0.50425805157997	0.792	0.72	2.23314710630216e-05
C11281	2.29489356305128e-09	0.359845914280072	0.755	0.567	2.59644257723622e-05
C8688	2.4225903541183e-09	0.507483349249512	0.811	0.687	2.74091872664945e-05
C8892	2.85363386932263e-09	0.388428762360706	0.783	0.609	3.22860135975163e-05
C6520	2.91135424493058e-09	0.561203742643646	0.821	0.786	3.29390619271446e-05
C11313	2.92123734697682e-09	0.30855141901728	0.802	0.66	3.30508793436957e-05
C7018	4.26853058388651e-09	0.852522238435508	0.755	0.732	4.8294155026092e-05
C8832	4.76181364499514e-09	0.525129540208549	0.783	0.697	5.38751595794751e-05
C8816	5.0681471166885e-09	0.288976985526491	0.84	0.724	5.73410164782138e-05
C8576	5.07868156997869e-09	0.561323577745455	0.764	0.747	5.7460203282739e-05
C11092	6.85961088969106e-09	0.605818281050025	0.736	0.523	7.76096376059646e-05
C7140	9.15341982382633e-09	0.359755429802592	0.736	0.523	0.000103561791886771
C10269	9.17352617197177e-09	0.286572692800733	0.736	0.482	0.000103789275109689
C6594	1.05684572574453e-08	0.552577293986309	0.783	0.72	0.000119571525410736
C9011	1.06765168209862e-08	0.264859885009858	0.811	0.769	0.000120794111312638
C10623	1.15798315292307e-08	0.386574667174635	0.736	0.566	0.000131014213921716
C6755	1.34122131459139e-08	0.493037024945349	0.774	0.548	0.00015174577953287
C8895	1.35347419226993e-08	0.459175003469476	0.84	0.806	0.000153132070113419
C9684	1.684100146633e-08	0.626171116124203	0.774	0.565	0.000190539090590058
C2015	1.80329859933455e-08	0.3766231052161	0.283	0.108	0.000204025203528711
C10870	1.87491730861464e-08	0.398735880525075	0.726	0.552	0.00021212814429666
C8913	2.45634299231695e-08	0.348626545498036	0.774	0.685	0.00027791064615074
C1298	2.57630946987061e-08	0.362613543999122	0.377	0.172	0.00029148365342116
C8698	2.66710919765595e-08	0.33423758587439	0.755	0.72	0.000301756734622795
C9769	2.71508056697455e-08	0.575911050873014	0.745	0.727	0.000307184215347501
C8382	2.92702076479329e-08	0.62767545858759	0.764	0.698	0.000331163129328713
C7052	3.11787132997551e-08	0.385615766762915	0.783	0.591	0.00035275596227343
C10801	3.51848999676588e-08	0.494885185387264	0.745	0.581	0.000398081958234092
C11065	3.60634401964318e-08	2.47934364608858	0.802	0.721	0.000408021762382429
C1221	3.70129401332663e-08	0.558504393314962	0.377	0.169	0.000418764404667775
C8733	4.73302276279164e-08	0.480846648989976	0.774	0.771	0.000535494195382246
C6985	7.73996714735062e-08	0.315406737896047	0.726	0.61	0.000875699883051249
C7097	7.79208888835265e-08	0.269263615719963	0.774	0.523	0.000881596936828219
C6868	8.71527160568598e-08	1.07523811464235	0.755	0.787	0.000986045829467311
C6667	8.84102648518077e-08	0.883854447351592	0.783	0.724	0.00100027373653335
C10668	1.14187963552935e-07	0.525956673321811	0.717	0.554	0.0012919226196379
C8409	1.15159523928173e-07	0.554118336035884	0.726	0.653	0.00130291485372335
C7418	1.66696137359698e-07	0.25971642581241	0.736	0.519	0.00188600009808762
C10914	1.97375053867355e-07	0.67846607578983	0.717	0.562	0.00223310135945525
C7935	2.34731718161171e-07	0.581807670701915	0.783	0.779	0.00265575465927549
C11223	2.63395594122278e-07	0.47515727631743	0.726	0.506	0.00298005775189945
C11202	2.69261540591363e-07	0.470221055720327	0.717	0.495	0.00304642507025068
C7176	2.95246381307679e-07	0.359896194573438	0.755	0.771	0.00334041755811508
C362	6.06361331218217e-07	0.352364397103176	0.528	0.321	0.00686037210140291
C9230	1.19378915325043e-06	0.380549707951119	0.726	0.743	0.0135065304798753
C10898	1.19427238090082e-06	0.353882596587636	0.717	0.509	0.0135119977175119
C8421	1.22010224793168e-06	0.250366175258509	0.774	0.734	0.013804236833099
C8055	1.25023532813651e-06	0.613723274355463	0.755	0.7	0.0141451625025365
C9020	1.34967148656032e-06	0.47109873152864	0.717	0.647	0.0152701831989434
C7484	2.21126470238202e-06	0.59240871972044	0.698	0.574	0.0250182488427502
C9388	2.3073991740148e-06	0.507338408714076	0.764	0.62	0.0261059142548034
C6829	2.84183068104754e-06	0.514513111643722	0.755	0.739	0.0321524723253719
C10871	3.2472854314764e-06	0.586006588294516	0.689	0.5	0.036739787371724
