p_val	avg_log2FC	pct.1	pct.2	p_val_adj	geneCluster	cell	cellType
6.09380489934587e-117	2.83032622820172	0.535	0.036	1.1840262919429e-113	5	TCCACGTAGCCTCAAT	Glia
6.4570647086655e-110	2.89661882834659	0.478	0.029	1.25460767289371e-106	5	GAACACTCACCAGCTG	Glia
1.54423598121016e-106	2.91210167315666	0.459	0.027	3.00045051149135e-103	5	CGGACACGTATCTTCT	Glia
2.06698887055336e-106	2.73981452855692	0.553	0.047	4.01615937548518e-103	5	CCTGCATGTAATCAGA	Glia
2.08555963867886e-106	2.53082612615779	0.604	0.06	4.05224237795302e-103	5	AGACCATGTTAGCGGA	Glia
8.99780616334573e-104	3.09155120260567	0.503	0.039	1.74827373753808e-100	5	GAGTTACGTCCTTTGC	Glia
1.83796853339027e-103	2.64624173286405	0.516	0.041	3.57117286037729e-100	5	TGATCAGTCTATTCGT	Glia
1.58685711210502e-102	2.81805570582719	0.447	0.027	3.08326336882005e-99	5	TGCGATATCTAGGCAT	Glia
1.75663177541116e-101	3.005050336175	0.484	0.035	3.41313553962388e-98	5	GAGGCAAGTGGAATGC	Glia
7.16222075034115e-101	2.70380425947529	0.478	0.034	1.39161949179129e-97	5	CGTTGGGAGGTACAAT	Glia
1.46754046840469e-100	2.71993980633718	0.522	0.045	2.85143113011031e-97	5	TTGGATGCATCCTTCG	Glia
3.31698199319357e-100	2.68285430138384	0.497	0.039	6.44489601277511e-97	5	GTTATGGTCAATCTTC	Glia
9.49694323193995e-100	3.04917358226703	0.453	0.03	1.84525606996593e-96	5	CAGTGCGGTTCCTAGA	Glia
6.13186734478438e-99	3.16431864699261	0.472	0.034	1.1914218250916e-95	5	GGAACCCGTATTCCGA	Glia
2.70600741752883e-98	2.62185700891245	0.497	0.039	5.25777241225852e-95	5	GTTGCGGGTTGGTGTT	Glia
1.14621778845734e-97	2.88348404946641	0.528	0.049	2.2271011629726e-94	5	TACTTACTCCTACCGT	Glia
2.24780089952025e-97	2.63524308871549	0.503	0.042	4.36747714776784e-94	5	CTGTAGAGTGTATCCA	Glia
8.71603005842066e-97	2.79113260487468	0.472	0.035	1.69352464035113e-93	5	TGCATCCCACTACACA	Glia
1.04646832009303e-96	2.81005582703054	0.497	0.041	2.03328794594076e-93	5	ATTCTTGCAATCCTTT	Glia
1.4327840361232e-95	2.99479194807845	0.491	0.041	2.78389938218737e-92	5	CCTCACACAATGGCCC	Glia
3.00106852617829e-95	2.60120680266761	0.428	0.027	5.83107614636442e-92	5	TCTTTGAGTATATGGA	Glia
2.52463455721482e-93	2.85066523968998	0.491	0.042	4.9053649446684e-90	5	CTCTCGAGTTAAGACA	Glia
3.05144777213829e-93	2.55288445032526	0.44	0.03	5.9289630212647e-90	5	TTTCATGGTGTAGGAC	Glia
6.03801888599881e-93	2.42939357589793	0.453	0.034	1.17318706954957e-89	5	GTCTACCCACAATGAA	Glia
8.74957740864646e-93	2.74902463008518	0.44	0.031	1.70004289050001e-89	5	CTATCCGGTCAGGCAA	Glia
2.49594600046395e-92	2.52703792392763	0.459	0.036	4.84962307890145e-89	5	TTGACCCTCTCCGTGT	Glia
1.48104905161516e-91	2.63439325626832	0.44	0.032	2.87767830728826e-88	5	GCATGATTCGTCCTTG	Glia
4.4600736999839e-91	3.10941566578532	0.434	0.032	8.66592319906871e-88	5	TGAGTCACACGCTGAC	Glia
4.71602301898816e-91	2.67939079577139	0.478	0.04	9.16323272589399e-88	5	TCTCACGCAGGTTACT	Glia
6.66098474619116e-91	2.62863437329679	0.478	0.041	1.29422933618494e-87	5	AGACAAATCTTAATCC	Glia
3.9048689956245e-90	2.68466974487953	0.415	0.028	7.58716045849841e-87	5	CGGGCATGTTTCGTTT	Glia
6.37904904518191e-90	2.64114066837391	0.409	0.026	1.23944922947885e-86	5	TCTAACTTCAATCGGT	Glia
2.42006169325207e-89	2.71786507514013	0.453	0.036	4.70217986998877e-86	5	AACCCAATCACCGCTT	Glia
4.41916655434659e-89	2.76794655931296	0.465	0.039	8.58644061509542e-86	5	TAGCACATCACGTCCT	Glia
5.23107498996302e-88	2.86977019595229	0.434	0.033	1.01639787054981e-84	5	TTCGCTGGTTCTCTCG	Glia
1.4986281514066e-87	2.64553487395499	0.478	0.043	2.91183449818302e-84	5	TGGGCTGAGTACCATC	Glia
1.51176223600409e-87	2.74778929745027	0.434	0.034	2.93735402455595e-84	5	AGCCACGCACATGGTT	Glia
1.98576338515897e-87	3.03822741704912	0.453	0.039	3.85833825736388e-84	5	CGCCAGATCCGCGATG	Glia
2.17598855121546e-87	2.87338200510239	0.403	0.027	4.22794575501163e-84	5	CCCTCAAAGCAAACAT	Glia
4.91215982569407e-87	2.61092642637101	0.428	0.033	9.54432654132357e-84	5	TTCCAATCACTATCGA	Glia
1.4015568270113e-86	3.00276137465492	0.428	0.033	2.72322491488295e-83	5	GGGATGAGTGTCGATT	Glia
1.70851463457132e-86	2.66511484509758	0.478	0.045	3.31964393497208e-83	5	TACCGGGTCCACAGGC	Glia
4.87506218568737e-86	3.04199755936952	0.491	0.048	9.47224582679055e-83	5	GGCTTTCTCTATGCCC	Glia
3.5490061071031e-85	2.81535712225353	0.447	0.038	6.89571886610133e-82	5	CTTAGGATCTTAAGGC	Glia
4.51814093416409e-85	2.81136701795396	0.434	0.035	8.77874783508083e-82	5	ATGAGTCCAGCGTTTA	Glia
2.56942750643568e-84	2.33189597237246	0.503	0.052	4.99239764500452e-81	5	ATGTCCCGTCCGGACT	Glia
3.56827344444112e-84	2.65112970832051	0.447	0.039	6.93315530254909e-81	5	TCATGCCGTGTAACGG	Glia
4.94370668411479e-84	2.62270453091887	0.453	0.041	9.60562208723504e-81	5	CTATCCGCATATTCGG	Glia
3.68761053828203e-83	2.63983365392661	0.415	0.032	7.16502727588198e-80	5	TAGGTACTCTAGGAAA	Glia
4.78301280991665e-83	2.63008413205325	0.434	0.037	9.29339388966806e-80	5	ACAGAAACACGAGGAT	Glia
5.65849824896863e-83	2.65383295267819	0.396	0.028	1.0994462097746e-79	5	GGATGTTGTCTAATCG	Glia
1.22125136546089e-82	2.56830570693198	0.484	0.049	2.37289140309051e-79	5	AGACAGGTCCCAGGCA	Glia
1.70789754462119e-82	2.65828194293978	0.403	0.03	3.31844492919896e-79	5	GAAATGACAGAACTTC	Glia
1.73439456401566e-82	2.56218841847907	0.434	0.036	3.36992863788243e-79	5	TCCACCACAAATTAGG	Glia
3.53933424001082e-82	2.55960590592704	0.396	0.028	6.87692642834102e-79	5	ATCCCTGGTTGCGTAT	Glia
3.61249796518233e-82	2.60015099812259	0.421	0.034	7.01908354634927e-79	5	ACCTGAAGTACATACC	Glia
3.94601532805915e-82	2.64368816876259	0.421	0.034	7.66710778241893e-79	5	GATGTTGGTCTGTTAG	Glia
2.53275116637665e-81	2.32117391362326	0.447	0.04	4.92113551626984e-78	5	ACTTCCGAGTAGTCCT	Glia
2.89104562336883e-81	2.73004474370278	0.39	0.028	5.61730164620563e-78	5	GAACACTGTAGACACG	Glia
3.27447536101599e-81	2.68319546751655	0.415	0.033	6.36230562645406e-78	5	GAATCACGTGATTGGG	Glia
7.93073689645087e-81	2.63698650277772	0.453	0.043	1.5409421789804e-77	5	TTTAGTCAGCCTAACT	Glia
1.57472252663887e-80	2.50565977153671	0.447	0.041	3.05968586925933e-77	5	TCATTACTCAATCTTC	Glia
1.92312267771717e-80	2.53290677030469	0.484	0.052	3.73662736280445e-77	5	GTTCATTCAAGTGGAC	Glia
2.47250054876027e-80	2.36020386033989	0.447	0.041	4.80406856624121e-77	5	TAATTCCCAATACCTG	Glia
1.91054980216505e-79	2.53453461248517	0.384	0.028	3.71219826560669e-76	5	CAAGAGGAGTCTACCA	Glia
1.95937602202049e-79	2.75889183500774	0.403	0.032	3.80706761078581e-76	5	AGGAATAAGAATTGCA	Glia
5.98889763117527e-79	2.68662989748178	0.377	0.027	1.16364280973735e-75	5	CACCAAATCGGAACTT	Glia
9.51999617958507e-79	2.59985885206	0.472	0.049	1.84973525769338e-75	5	TTCCGTGAGTTGGCTT	Glia
1.1068050113308e-78	2.67477246422567	0.39	0.029	2.15052213701574e-75	5	AGTAGCTAGTCACACT	Glia
8.13920765664144e-78	2.3919408545776	0.478	0.052	1.58144804768543e-74	5	AAAGTGACATACCAGT	Glia
1.38580416065724e-77	2.55680623055187	0.465	0.05	2.69261748415702e-74	5	GCTACAAGTCATATGC	Glia
5.41025458831703e-77	2.82631857502288	0.352	0.023	1.05121246651e-73	5	TGGGCTGCAGAAATCA	Glia
7.4888965189483e-77	2.49452436717519	0.434	0.041	1.45509259363165e-73	5	CAACGGCGTTTGTGGT	Glia
1.94517299413603e-76	2.61520322484601	0.421	0.039	3.77947112760631e-73	5	ATCACTTTCCGAGGCT	Glia
2.11048869734747e-76	2.85561220518933	0.421	0.039	4.10067953894613e-73	5	AACCATGTCTAACGCA	Glia
5.39480365124051e-76	2.64870363071569	0.403	0.034	1.04821034943603e-72	5	GTATTTCTCCTGCTAC	Glia
5.99391229595194e-76	2.24318034470131	0.434	0.042	1.16461715910346e-72	5	CTACCTGCACGCTGTG	Glia
8.48799188620022e-76	2.4535083691124	0.453	0.047	1.6492168234887e-72	5	ATTTACCTCTCGTTTA	Glia
9.14612175870635e-76	2.54441739664134	0.415	0.037	1.77709145771664e-72	5	AGTCTCCAGTCTTCGA	Glia
1.13095415975254e-75	2.74398339581218	0.396	0.033	2.19744393239918e-72	5	GACTTCCCAGCTTTCC	Glia
1.24133930044139e-75	2.58994517324948	0.415	0.037	2.41192226075763e-72	5	AGTCAACAGGTTCAGG	Glia
2.62358298573082e-75	2.69348774336928	0.403	0.035	5.09762174127498e-72	5	GTCATTTAGGGATGTC	Glia
5.36271200220929e-75	2.54228750207545	0.396	0.034	1.04197494202927e-71	5	TTCTTCCAGGAGAGTA	Glia
1.65946607899927e-74	2.53818347335143	0.415	0.039	3.22434259149557e-71	5	CATGCGGGTTGGGACA	Glia
2.25547938624241e-74	2.69649794255379	0.396	0.034	4.38239644746901e-71	5	TGAACGTGTTTCGTAG	Glia
5.38769189747731e-74	2.55844811439467	0.346	0.023	1.04682853567984e-70	5	AATCGACGTGCTTATG	Glia
8.96431499784271e-74	2.51810387070241	0.409	0.037	1.74176640408084e-70	5	TTGCTGCCACTAACGT	Glia
1.09071399302953e-73	2.84065772688954	0.403	0.036	2.11925728845638e-70	5	TAGGTACCATGATAGA	Glia
2.41561115187683e-73	2.71489339520675	0.409	0.038	4.69353246809669e-70	5	CTATAGGCACATGACT	Glia
3.13473458744746e-73	2.52558195572315	0.371	0.029	6.09078930341042e-70	5	CTGTACCGTCATGCAT	Glia
4.01614159460076e-73	2.48801144249846	0.403	0.036	7.80336311830927e-70	5	GTAGATCCATCCGTTC	Glia
4.59897191552388e-73	2.45786579919518	0.421	0.041	8.93580243186291e-70	5	GGTGGCTTCCTAAACG	Glia
1.44280790228908e-72	2.382019452052	0.365	0.028	2.80337575414768e-69	5	AATTCCTTCCAAGCCG	Glia
2.12951402604526e-72	2.69283176498414	0.44	0.047	4.13764575260594e-69	5	AGCATCAAGCTTTCCC	Glia
1.13763039830486e-71	2.81473163838263	0.396	0.036	2.21041586390634e-68	5	TATTGGGCACTCCACT	Glia
1.26082673828458e-71	2.59214522922617	0.409	0.039	2.44978635248693e-68	5	TCCTCTTCAGGCAATG	Glia
3.17383065407852e-71	2.64614566085806	0.421	0.043	6.16675296087457e-68	5	TTACGCCTCTGGACCG	Glia
3.77903692030923e-71	2.63733624003088	0.384	0.033	7.34266873616084e-68	5	GAAGAATAGTTGGCTT	Glia
5.49157386241202e-71	2.70564787318899	0.371	0.031	1.06701280146665e-67	5	TGCAGATGTCCTATAG	Glia
9.45910606980683e-71	2.40253148472389	0.396	0.036	1.83790430936347e-67	5	TCTACCGCATGATCTG	Glia
2.08760146888107e-70	2.51431110214351	0.421	0.043	4.05620965403592e-67	5	AGTGCCGTCTCGCCTA	Glia
3.02618060574488e-70	1.84802962166518	0.459	0.052	5.87986891696231e-67	5	GACTATGGTATAGCTC	Glia
3.96428568521154e-70	2.65158891503334	0.371	0.031	7.70260708636602e-67	5	GGTGATTTCTGATTCT	Glia
4.77634091582183e-70	2.2985817024872	0.428	0.045	9.28043039944182e-67	5	ATTCAGGTCATCCTAT	Glia
6.23449641338096e-70	2.35218544379377	0.377	0.033	1.21136265311992e-66	5	AGAACCTGTAGACTGG	Glia
6.74506046746028e-70	2.43577654349828	0.453	0.053	1.31056524882753e-66	5	GCCAGGTCAACGGTAG	Glia
9.75220611419653e-70	2.34698924939173	0.365	0.03	1.89485364798839e-66	5	GAATCACAGGTAGGCT	Glia
1.03240984778214e-69	2.51245058450147	0.403	0.04	2.00597233424069e-66	5	AGAACAACACTATGTG	Glia
1.41849490133892e-69	2.64288465218728	0.365	0.03	2.75613559330151e-66	5	ACTTCGCTCACGTAGT	Glia
1.44211094881188e-69	2.53682834471758	0.384	0.035	2.80202157354148e-66	5	GGGTTATGTGTTCCTC	Glia
3.55165987179053e-69	2.34813562541109	0.39	0.036	6.900875130889e-66	5	GGGACTCAGCTCCCTT	Glia
8.37656448488448e-69	2.29894684948923	0.377	0.033	1.62756647941305e-65	5	TCTTCCTTCCACTGAA	Glia
2.18598715257178e-68	2.4810319972832	0.39	0.036	4.24737303744697e-65	5	CATTCTACATCCTAAG	Glia
2.44755714598409e-68	2.37250997491454	0.403	0.04	4.7556035346471e-65	5	AACCTGATCGAGCCAC	Glia
2.95508257239703e-68	2.66226602512858	0.39	0.038	5.74172543816744e-65	5	GCAACCGTCACCTTGC	Glia
3.29179942688391e-68	2.83063567396515	0.409	0.043	6.39596628643543e-65	5	GTCTCACTCTAGACAC	Glia
3.91903459362672e-68	2.5536333067866	0.396	0.039	7.61468421541672e-65	5	CAATGACAGTGCTACT	Glia
4.24076983041066e-68	2.5317283133926	0.358	0.03	8.23981578048791e-65	5	TGCTCGTGTAAGATTG	Glia
8.73539832417049e-68	2.68460518312367	0.365	0.032	1.69728789438633e-64	5	CAGGCCACAGCGTTTA	Glia
1.13963550472425e-67	2.5475768659035	0.377	0.034	2.21431178567922e-64	5	ATCGATGGTTCCTTGC	Glia
2.36921720483495e-67	2.59557018841678	0.365	0.032	4.60338902899431e-64	5	GTGCTTCCACGCTTAA	Glia
3.07489944543772e-67	2.3333932373151	0.403	0.041	5.97452962248548e-64	5	CCCTTAGAGTAGCCAG	Glia
5.05318625394094e-67	2.46832705091307	0.39	0.038	9.81834089140724e-64	5	ATCACGAAGCCTTGAT	Glia
5.92290890659633e-67	2.57979494219239	0.358	0.03	1.15082120055167e-63	5	ACCCTCAAGGCTTAGG	Glia
8.78022481019824e-67	2.52312770148474	0.358	0.031	1.70599768062152e-63	5	GGAGGTACAAGAGCTG	Glia
1.03517058673488e-66	2.56853967565583	0.34	0.027	2.01133645002587e-63	5	GTAATGCCAAAGCGTG	Glia
1.70348849144042e-66	2.39348659047379	0.403	0.042	3.30987813886874e-63	5	TTTACGTCAAGAGATT	Glia
2.04251629903926e-66	2.53927811165368	0.371	0.034	3.96860916903328e-63	5	GTAGGTTGTTATAGAG	Glia
4.67040399749634e-66	2.57309493181312	0.371	0.034	9.07459496713539e-63	5	TAACACGTCCGTATAG	Glia
1.36892403395258e-65	2.38764679443504	0.377	0.036	2.65981939796987e-62	5	GTGGGAAGTTGGGATG	Glia
2.29614461611453e-65	2.64659905792587	0.384	0.037	4.46140898911054e-62	5	TCATTCAAGGACAAGA	Glia
2.31915205207022e-65	2.73360424248558	0.34	0.028	4.50611243717244e-62	5	GCGTGCAAGGTCGTCC	Glia
2.45112604077311e-65	2.45155072173576	0.371	0.035	4.76253789722215e-62	5	TTCTAGTTCCACGTAA	Glia
2.5671899344964e-65	2.7149709372179	0.358	0.032	4.98805004272651e-62	5	TCAGGTACAACGGCCT	Glia
9.27969953964356e-65	2.18965999504217	0.371	0.035	1.80304562055274e-61	5	TACCCACCAGTGAGCA	Glia
1.29466797712255e-64	2.4807167133864	0.352	0.031	2.51553987954912e-61	5	ACTGATGTCTGCATGA	Glia
1.33360360718651e-64	2.49711707591108	0.409	0.046	2.59119180876339e-61	5	TCCTCGAAGCCTCAAT	Glia
4.00475603916366e-64	2.5409061982634	0.365	0.034	7.78124098409499e-61	5	GTGAGCCAGGGCTTCC	Glia
5.34805206596049e-64	2.72424232740044	0.327	0.026	1.03912651641612e-60	5	CCTGTTGAGGTCATTC	Glia
6.79297916359959e-64	2.4277732493351	0.371	0.036	1.3198758514874e-60	5	AGCCAATCAATCCAGT	Glia
7.94769481422682e-64	2.20101987513005	0.403	0.043	1.54423710240427e-60	5	TCTAACTCAGGTCAGA	Glia
1.045310979629e-63	2.46577927338817	0.365	0.035	2.03103923341914e-60	5	GCCGTGAGTGACAGCA	Glia
1.90161207738927e-63	2.0251370628363	0.396	0.042	3.69483226636735e-60	5	CAATGACGTATTTCTC	Glia
2.07413937481855e-63	2.00032749826646	0.44	0.055	4.03005280527244e-60	5	AGAACCTCAAGCGCTC	Glia
2.16637412699593e-63	2.81106466513708	0.371	0.037	4.20926492875309e-60	5	TCGCACTTCGAACGCC	Glia
3.84586822648769e-63	2.26034997532885	0.346	0.03	7.47252196406559e-60	5	CAACAACAGAGATTCA	Glia
4.79274146984704e-63	2.35923398929051	0.377	0.038	9.3122966759128e-60	5	CATTGAGAGTTGGAGC	Glia
5.66989868957578e-63	2.49431134110706	0.377	0.039	1.10166131538457e-59	5	TTACTGTTCCATCTCG	Glia
8.60060243735673e-63	2.55375822483479	0.352	0.033	1.67109705357841e-59	5	GGAATCTTCCTGCTAC	Glia
1.36015726899383e-62	2.40259556408442	0.34	0.029	2.64278557365501e-59	5	GTTCCGTGTCATCCCT	Glia
1.41855357654053e-62	2.46902798139361	0.358	0.034	2.75624959921825e-59	5	GTGACGCTCAGTGTTG	Glia
1.4673570219441e-62	2.60868450170372	0.346	0.031	2.85107469363739e-59	5	CATTGTTTCTGCGAGC	Glia
1.89286758917599e-62	2.61486041887331	0.34	0.03	3.67784172576895e-59	5	GGCTTTCTCGTCTACC	Glia
1.95268876512826e-62	2.66016288892633	0.358	0.035	3.7940742706442e-59	5	AGCTCAAGTGACGCCT	Glia
3.0069180050399e-62	2.2350484290758	0.358	0.034	5.84244168379253e-59	5	CTTCCTTTCATCTATC	Glia
1.72389338247277e-61	2.21962434173463	0.352	0.033	3.34952484214458e-58	5	GACTCTCCAGGTATGG	Glia
1.7854593855703e-61	2.52997024266972	0.371	0.038	3.46914758616308e-58	5	TATCCTAAGCGCATCC	Glia
2.31742575284255e-61	2.66244492329495	0.352	0.034	4.50275823777307e-58	5	GTAGGTTCATGGCCCA	Glia
7.58338249079127e-61	2.37007549680162	0.377	0.04	1.47345121796074e-57	5	CACACAATCTGGTTGA	Glia
9.46009523941134e-61	2.64419989447461	0.371	0.039	1.83809650501762e-57	5	CATGCTCAGTCACTCA	Glia
1.08993381532786e-60	2.2778752426208	0.365	0.037	2.11774140318204e-57	5	GGGCCATAGGCTGTAG	Glia
1.49195113927975e-60	2.30527697750429	0.34	0.031	2.89886106362055e-57	5	CCAATTTTCGGTCTAA	Glia
2.02479909747385e-60	2.21190264355725	0.39	0.043	3.9341846463917e-57	5	CAGATACCAAGAGGCT	Glia
3.13675307954041e-60	2.29940866375623	0.409	0.049	6.09471123354701e-57	5	AATGGAAAGTGTTGAA	Glia
3.18709493881678e-60	2.40451551676013	0.415	0.052	6.19252546612101e-57	5	TATTGGGCAACACACT	Glia
5.36030934360157e-60	2.38271729069212	0.415	0.052	1.04150810546179e-56	5	CTCACTGTCTACTATC	Glia
5.54383275643926e-60	2.57138988775608	0.403	0.048	1.07716670457615e-56	5	TTGCTGCCATGGAAGC	Glia
1.1464947107815e-59	2.25191419428854	0.346	0.033	2.22763922304845e-56	5	TTCGATTCACTACCCT	Glia
1.3086770419636e-59	2.09936531681689	0.358	0.036	2.54275949253527e-56	5	ATGATCGGTCGCACGT	Glia
4.38799830285059e-59	2.71994143205928	0.352	0.036	8.52588070243869e-56	5	TCCGATCTCAGCTTGA	Glia
6.59162159228534e-59	2.1727278591496	0.384	0.043	1.28075207538104e-55	5	CCTCACATCACTGGGC	Glia
1.70538428812313e-58	2.17702581533368	0.327	0.03	3.31356167182324e-55	5	GAAGCCCTCTCTCTAA	Glia
1.94294220312579e-58	2.29242810650711	0.371	0.041	3.7751367006734e-55	5	AAACCCACAATAGTGA	Glia
2.56424920178651e-58	2.28948486026123	0.403	0.05	4.9823361990712e-55	5	ACCACAATCAAATGAG	Glia
4.81000076557311e-58	2.56243484050257	0.371	0.041	9.34583148750855e-55	5	GTATTTCTCCCGAATA	Glia
8.88241116168699e-58	2.41095083837131	0.34	0.034	1.72585248871578e-54	5	GATGGAGTCAAATAGG	Glia
1.10180225992867e-57	2.45979721030303	0.352	0.037	2.14080179104141e-54	5	CTTCCTTAGCCTTTGA	Glia
1.29299074587855e-57	2.54924221197037	0.34	0.034	2.51228101924202e-54	5	GCAGGCTTCACATTGG	Glia
1.79939630354282e-57	2.03767769467364	0.566	0.111	3.4962270177837e-54	5	CATTGCCTCCTCGATC	Other2
1.94756897639653e-57	2.57350735968198	0.358	0.038	3.78412652113846e-54	5	GATCGTATCTCGGGAC	Glia
1.97354689335794e-57	2.05486256051695	0.34	0.033	3.83460161379447e-54	5	GTTCGCTAGCACTCGC	Glia
2.98432850417428e-57	2.38202350488202	0.358	0.039	5.79855028361063e-54	5	ATTACCTTCACCGCTT	Glia
4.25944308968669e-57	2.68894419618875	0.358	0.039	8.27609792326124e-54	5	TCCGAAAAGGAGGCAG	Glia
5.286652871319e-57	2.54256394558576	0.365	0.041	1.02719665289728e-53	5	TCAGCCTCAGACCGCT	Glia
6.96668738474058e-57	2.40711091328398	0.346	0.036	1.35362735885509e-53	5	TGATTCTCAACCGATT	Glia
1.14797307407775e-56	2.23938360101778	0.384	0.047	2.23051168293307e-53	5	ACCAACATCCCGAACG	Glia
1.46737081144917e-56	2.23226361422674	0.384	0.046	2.85110148664573e-53	5	CTACATTGTATCACCA	Glia
2.08809860374706e-56	1.95381439251773	0.346	0.036	4.05717558708053e-53	5	CACAGATGTGACAGCA	Glia
3.67778641262775e-56	2.2650858918989	0.327	0.032	7.14593899973573e-53	5	TGATCTTAGTATCCTG	Glia
3.68665765747086e-56	2.75405825102652	0.327	0.032	7.16317582846587e-53	5	CATACTTCACTACTTT	Glia
3.84415025557543e-56	2.61266490116303	0.346	0.036	7.46918394658307e-53	5	GCCCAGACAAGCGCAA	Glia
7.3554796730128e-56	2.46524685940879	0.327	0.032	1.42916970046639e-52	5	CATCGTCCATTCACCC	Glia
1.04895490047518e-55	2.43096254668602	0.377	0.046	2.03811937162328e-52	5	CTTCGGTCACAGACGA	Glia
1.28276003554707e-55	2.30288333689744	0.333	0.033	2.49240274906796e-52	5	TGTTCATCAGTAACCT	Glia
2.05941760009033e-55	2.3919723804096	0.34	0.036	4.00144839697551e-52	5	CTCTCAGCACAGCCAC	Glia
2.44439158590919e-55	2.50221352378289	0.358	0.041	4.74945285142155e-52	5	GTCGAATCAACCTAAC	Glia
2.81195928418978e-55	2.36133371239318	0.321	0.031	5.46363688918075e-52	5	ATCCACCGTACCGGAA	Glia
9.93084901307621e-55	2.67083126322911	0.333	0.035	1.92956396324071e-51	5	TGGGATTGTCAAACGG	Glia
1.32481937836148e-54	2.25167541544441	0.333	0.035	2.57412405215635e-51	5	CCATAAGAGCGTTCAT	Glia
1.53318295203811e-54	2.13446152670375	0.384	0.048	2.97897447581006e-51	5	ATCGCCTGTGACTGTT	Glia
3.85301159175274e-54	2.31458919781522	0.314	0.03	7.48640152277558e-51	5	GAGGGTATCACCATAG	Glia
2.35321252437019e-53	1.87481328708455	0.358	0.042	4.57229193485128e-50	5	TGTTACTTCAGGAAGC	Glia
3.92229958940367e-53	2.19871760096716	0.434	0.066	7.62102810221133e-50	5	AGCTCAAAGCACTTTG	Glia
6.14328515414985e-53	2.50226457475353	0.352	0.041	1.19364030545132e-49	5	AGCCACGAGAAGTCAT	Glia
1.29908615412905e-52	2.2925955608018	0.352	0.041	2.52412439747274e-49	5	ACAGAAAGTTGGGTAG	Glia
1.46091924984667e-52	2.289529936731	0.302	0.029	2.83856610245207e-49	5	CATGAGTTCGTGGGTC	Glia
1.67450490321903e-52	2.29550705675843	0.321	0.033	3.25356302695457e-49	5	TGTGAGTCACGCTATA	Glia
2.39367374652775e-52	2.41336909352882	0.308	0.03	4.65090808950342e-49	5	TGGAACTAGACGCCCT	Glia
4.45457016047062e-52	2.19155456145059	0.327	0.035	8.65522982179441e-49	5	ATACCTTCAATTGCGT	Glia
9.64909682485478e-52	2.16258808354819	0.371	0.048	1.87481951306928e-48	5	TCTAACTCAGGATTCT	Glia
1.48981322638999e-51	2.12026818138626	0.409	0.06	2.89470709887574e-48	5	TTCCACGGTTCTCGCT	Glia
2.0687840662794e-51	2.37657769935635	0.327	0.036	4.01964744078087e-48	5	CTACCTGGTGAAAGTT	Glia
2.27784386958667e-51	2.02007885426977	0.358	0.045	4.4258506386069e-48	5	CTTCCGATCATATGGC	Glia
2.28107347686465e-51	2.01885878257252	0.308	0.03	4.43212576554801e-48	5	CCTCTCCGTACTCCCT	Glia
2.44932854365604e-51	2.0370560806468	0.314	0.033	4.75904536032369e-48	5	TCCTGCACACCTTCGT	Glia
2.83379032320822e-51	1.79141708154376	0.365	0.046	5.50605459799358e-48	5	AGGTTACGTCGATTAC	Glia
3.98608621027527e-51	2.4403608725646	0.314	0.033	7.74496550656485e-48	5	GGGTAGAAGGACTTCT	Glia
1.12545760537065e-50	2.34316746624925	0.333	0.038	2.18676412723517e-47	5	GTTACCCAGAGTCTGG	Glia
1.96945992807447e-50	1.89740311251645	0.428	0.067	3.82666064024869e-47	5	CCGGTAGCAATGAAAC	Glia
4.02505761366886e-50	2.34199721288371	0.314	0.034	7.8206869433586e-47	5	GATTCTTTCCTTCTTC	Glia
6.24417858699434e-50	2.48431428116554	0.314	0.034	1.213243899453e-46	5	GGTGTCGAGTATGGCG	Glia
8.00719658760634e-50	2.5809830833294	0.352	0.045	1.55579829697191e-46	5	CTGAGCGGTACTTGTG	Glia
4.02249856312237e-49	2.00225775894632	0.327	0.037	7.81571470814676e-46	5	TAGTGCAGTGCCGTAC	Glia
5.15163542835771e-49	2.00866839016909	0.346	0.043	1.0009627637299e-45	5	GCCGATGTCAACGTGT	Glia
1.07565476434172e-48	2.23827853356717	0.314	0.035	2.08999720711597e-45	5	TGGTGATAGCCGATAG	Glia
2.39658871328381e-48	2.14784182104819	0.314	0.035	4.65657186991045e-45	5	CCGAACGAGCCATGCC	Glia
3.88574036284327e-48	2.20791836693643	0.302	0.032	7.54999352500448e-45	5	ATACTTCTCCACTGGG	Glia
1.69412189344253e-47	2.02500190420606	0.302	0.033	3.29167883895883e-44	5	CCTTTGGTCCCAGGCA	Glia
1.79378784888667e-46	2.21105961776782	0.27	0.026	3.48532979038681e-43	5	GGCAGTCCATGGCTAT	Glia
1.12511202359038e-45	1.62372359652273	0.333	0.043	2.18609266183611e-42	5	TCGCTTGGTGCGGCTT	Glia
6.93524409710581e-45	2.35368900481246	0.308	0.037	1.34751792806766e-41	5	GACTCTCCATCGATCA	Glia
6.99678428672502e-45	1.92995388952954	0.302	0.035	1.35947518691067e-41	5	TGTTGAGGTAGCTGTT	Glia
7.13758866545648e-45	1.99776811936354	0.327	0.043	1.38683347769819e-41	5	TTGGGATAGCTCTATG	Glia
8.22741747334471e-45	2.23995017285027	0.289	0.033	1.59858721507088e-41	5	TCTATACTCTAGTGAC	Glia
1.29251545084878e-43	1.86530594654722	0.34	0.048	2.51135752099918e-40	5	TGGGTTATCCGTGGTG	Glia
3.49492425089515e-43	2.62264468143772	0.302	0.038	6.79063781948928e-40	5	ACCTGAAGTATGAAGT	Glia
1.1902667542157e-42	2.20920653531349	0.321	0.044	2.3126883034411e-39	5	TTGTTGTGTTGCGAAG	Glia
3.42685520733737e-42	2.31794493345466	0.264	0.028	6.65837966785652e-39	5	TTACCGCGTCACGTGC	Glia
1.04645907087418e-41	1.95137769326583	0.321	0.045	2.03326997470854e-38	5	CAGATTGAGTAATTGG	Glia
4.28549234975319e-41	2.11908425575919	0.346	0.054	8.32671163557044e-38	5	TAGTGCAGTAAGCTCT	Glia
2.29465632293563e-40	1.92804879361399	0.302	0.04	4.45851723546394e-37	5	GCTTGGGGTGTACGCC	Her4
1.0182877864894e-39	1.50764794126465	0.277	0.034	1.97853316914891e-36	5	GCTCAAACACTCACTC	Glia
6.81786827440435e-39	2.04940297073187	0.308	0.044	1.32471180571677e-35	5	TCCTCTTAGGCTAAAT	Glia
2.36790247814312e-38	2.15475901820702	0.302	0.043	4.60083451503209e-35	5	ACGGTTAGTAGGAGTC	Glia
2.48177734601142e-38	2.16095396544366	0.321	0.049	4.8220933833002e-35	5	ACACGCGCAACAGCTT	Glia
1.11389235575791e-37	2.02278353089137	0.289	0.04	2.16429284723763e-34	5	TCGCTTGCACCTCTGT	Glia
1.34624999938364e-37	1.96598084289675	0.264	0.033	2.61576374880242e-34	5	ATGAAAGAGGGTTAAT	Glia
1.37634403982071e-37	1.14978357346147	0.491	0.117	2.67423646937165e-34	5	AGACCCGAGTACTGGG	Glia
3.96505820036084e-37	1.78348699975175	0.277	0.037	7.70410808330112e-34	5	TCCACGTCAGTTGAAA	Glia
4.72264435607803e-37	2.25446918838504	0.277	0.037	9.17609798385962e-34	5	TAAGTCGAGGGTTAAT	Glia
7.64054239324712e-37	1.51438083475385	0.321	0.052	1.48455738700792e-33	5	AGCTACACATGCCATA	Glia
7.9400975623313e-37	1.89330033497906	0.245	0.028	1.54276095636097e-33	5	GCTGAATAGACGGTTG	Glia
1.09444464653133e-36	1.72231546363752	0.264	0.034	2.12650594821037e-33	5	GTCAAACGTTAGGGTG	Glia
2.61004226204992e-36	2.13986321493084	0.258	0.032	5.071312115163e-33	5	TGCTCGTCAAGACGAC	Her4
3.1477343956739e-36	2.0546365450002	0.277	0.037	6.11604793079439e-33	5	TCGAACAAGCCGGAAT	Glia
4.81383316260346e-36	1.94267824269713	0.264	0.034	9.35327783493853e-33	5	GAGTGTTTCTCATTTG	Glia
1.15083078623837e-35	1.46567988656346	0.346	0.062	2.23606421766115e-32	5	GCTGCAGGTCTCGGGT	Glia
1.67147284581345e-35	1.83197032340259	0.377	0.074	3.24767173941553e-32	5	AAAGGGCAGAAATGGG	Glia
4.24718213178036e-35	2.34988831231166	0.289	0.044	8.25227488204924e-32	5	AGAACCTAGTAGCTCT	Glia
1.52657885115708e-34	1.75519960045394	0.358	0.07	2.9661427077982e-31	5	CTGTGGGGTAGACGTG	Glia
1.80044621341224e-34	1.899409679455	0.258	0.034	3.49826699265998e-31	5	TTTGACTGTGGGATTG	Glia
6.71744018633792e-34	1.8914595792041	0.258	0.035	1.30519862820546e-30	5	GATTGGTGTACTTGTG	Glia
4.97496359429562e-33	1.77729619413104	0.39	0.083	9.66635426371638e-30	5	GATCAGTCATGCGTGC	Glia
9.78166148106387e-33	1.83613131200773	0.252	0.034	1.90057682577071e-29	5	AGGACTTAGGTATCTC	Glia
1.05876994437142e-32	1.77223124731769	0.289	0.047	2.05719000191368e-29	5	CATCCGTCAAATTGCC	Glia
1.47385926178603e-32	1.76409567732877	0.384	0.084	2.86370854565026e-29	5	TCAGTCCCATCCGGCA	Glia
3.78210239271831e-32	1.93260790197892	0.352	0.071	7.34862494905167e-29	5	TACACCCGTTGCGGAA	Glia
2.36736205654155e-31	1.9228290376724	0.258	0.039	4.59978447586023e-28	5	TGCTCCACAACGGTAG	Glia
2.96018535297161e-30	1.86817438820479	0.195	0.021	5.75164014082385e-27	5	CTCACTGGTAGATTGA	Glia
4.41557021476498e-30	1.87274665048038	0.252	0.038	8.57945292728835e-27	5	TGTTCCGTCCATTTAC	Glia
3.09034229868218e-28	1.57069446042467	0.239	0.036	6.00453508633947e-25	5	TTAGGCAGTTAGCGGA	Her4
4.83316867641194e-28	1.94261516912797	0.252	0.042	9.3908467382684e-25	5	TTCGGTCGTGCAACAG	Glia
1.70955342197192e-27	1.62467993359296	0.553	0.193	3.32166229889145e-24	5	GCAACATTCCTCGATC	Other3
2.60330814841364e-27	1.37822496942469	0.34	0.076	5.05822773236771e-24	5	AACAGGGCACACCGAC	Chat1
9.13902366626185e-27	1.71130848724835	0.252	0.042	1.77571229835468e-23	5	TATGTTCTCTCGTTTA	Glia
6.80867043342141e-25	1.69065264743936	0.22	0.035	1.32292466521378e-21	5	TCATTCATCTGCCTCA	Glia
1.68064809390408e-24	1.05697629283222	0.509	0.178	3.26549924645563e-21	5	GTGCTTCGTCGAGTTT	Other3
2.77218892775583e-24	1.58052067726112	0.27	0.055	5.38636308662957e-21	5	GCCGATGGTTAAGTCC	Glia
3.69480738881498e-24	1.98381997385973	0.283	0.06	7.17901075646752e-21	5	AAGCGTTCAACGGCCT	Glia
1.79266704497979e-23	0.862631324238365	0.34	0.085	3.48315206839574e-20	5	ATGCCTCAGTTGCTCA	Glia
3.23539299006807e-23	0.677225034845192	0.478	0.156	6.28636857970225e-20	5	GCCATTCAGTTGCATC	Chat2
5.08764747109943e-22	1.45846705879477	0.239	0.047	9.88529903634619e-19	5	CTCCTTTCAAGAGTGC	Glia
2.72524604196179e-21	0.863286842387413	0.352	0.1	5.29515305953176e-18	5	GGGACCTTCCTTCTAA	Nos1
9.97440549637407e-21	2.01828450271194	0.283	0.07	1.93802698794548e-17	5	TATCGCCTCGTCAACA	Glia
9.97787332846585e-21	1.68313556843248	0.208	0.038	1.93870078772091e-17	5	GCCAGGTCAACGTAAA	Glia
5.03254229380633e-19	1.62182048865573	0.34	0.107	9.7782296768657e-16	5	CTCCGATGTTTGGGTT	Glia
1.47748705965555e-18	1.49433380647624	0.289	0.079	2.87075735691074e-15	5	GATCACAGTCATCGCG	Other2
1.92059638973806e-18	1.30683509641002	0.277	0.073	3.73171878526105e-15	5	AGATAGATCGAACCAT	Glia
7.43689564735728e-18	1.56174937716335	0.409	0.15	1.44498882428152e-14	5	TTCACGCGTACCCAGC	Other3
1.1914905403933e-17	0.866117159648873	0.415	0.154	2.31506611998419e-14	5	TGGAGGAAGTCCCGGT	Other3
1.34596136463763e-17	0.9002704268693	0.333	0.104	2.61520293149092e-14	5	GTTCCGTGTGGCCCAT	Chat1
3.99246324822613e-17	1.21748543821382	0.283	0.079	7.75735609130338e-14	5	GGAGCAATCTGAGAGG	Other3
7.40910103639317e-17	0.491262349060773	0.314	0.093	1.43958833137119e-13	5	GTCTACCCAATTCGTG	Other3
8.64778160495337e-17	1.6964296447897	0.258	0.07	1.68026396584244e-13	5	ACGATGTAGTGCACTT	Other3
4.8996370897526e-16	1.38820570492813	0.346	0.119	9.5199948653893e-13	5	AGAACCTTCCGTGCGA	Other2
1.00323483691023e-15	2.05379481496831	0.252	0.07	1.94928528811658e-12	5	ATCGGATTCAGACCGC	Glia
4.77450096459431e-15	1.56717390058892	0.176	0.038	9.27685537420675e-12	5	GAGATGGTCACCTGTC	Glia
6.1979536972575e-15	1.82578116557538	0.245	0.071	1.20426240337713e-11	5	ACGATGTGTCACCCTT	Glia
8.06613361573719e-15	0.296005607125723	0.453	0.182	1.56724976153774e-11	5	AAAGGTATCGAACTCA	5HT
1.17127732671057e-14	0.877459699815658	0.17	0.035	2.27579184579864e-11	5	TTAGGGTTCCATTGCC	Glia
2.23078934275249e-14	1.28714803758943	0.258	0.077	4.33442369296809e-11	5	ATCGCCTAGCATGCGA	Other3
6.53997022331353e-14	1.70108141638388	0.252	0.078	1.27071621438982e-10	5	ATCGTCCGTCCAAGAG	Other2
8.56820957392254e-14	1.24071189160456	0.22	0.06	1.66480312021315e-10	5	TGCTCCATCCAATCTT	Glia
9.40046599181534e-14	1.25730728600008	0.277	0.09	1.82651054220972e-10	5	TCCATCGAGGGAGGCA	Glia
1.19177598120777e-13	0.45925090638822	0.371	0.145	2.31562073148669e-10	5	GGGACCTGTATGCTAC	Nos2
3.965714577848e-13	0.795747519554819	0.415	0.185	7.70538342475867e-10	5	CTGTAGAAGAGTAACT	Other3
1.34939559288387e-12	1.69687664659783	0.189	0.051	2.62187563697336e-09	5	TCCTAATGTGGCAACA	Glia
2.70918395356619e-12	0.372249943696837	0.428	0.187	5.2639444217791e-09	5	TTTCAGTTCACACCGG	Other1
3.56760584032256e-12	1.15932454435145	0.245	0.081	6.93185814774673e-09	5	ACCATTTTCTCGCCTA	Other2
3.87466878648721e-12	1.20912381628003	0.258	0.087	7.52848145214465e-09	5	ATTACCTTCAGTCAGT	Other2
7.27066333624993e-12	1.22325609570042	0.214	0.063	1.41268988623336e-08	5	CTACCCAGTTTCTATC	Her4
1.30366171556793e-11	1.44288685366503	0.157	0.039	2.53301471334849e-08	5	ACGTACATCATTCTTG	Her4
1.7436193943537e-11	1.36571552113324	0.214	0.067	3.38785248322924e-08	5	AGACCATTCCGGACGT	Glia
1.11823805010212e-10	1.29077939080432	0.201	0.062	2.17273653134842e-07	5	GTTGTAGAGATGATTG	Glia
1.32746935821018e-10	0.63934485177351	0.302	0.121	2.57927296300238e-07	5	GGGCCATTCGACATCA	Other1
1.58002821072843e-10	1.5800573121682	0.195	0.06	3.06999481344533e-07	5	TTGACCCTCAATCTCT	Her4
1.62952600002217e-10	1.12653191192648	0.239	0.085	3.16616901804307e-07	5	CTTGATTAGTCTCCTC	Other2
1.88411411007037e-10	1.29410132293061	0.201	0.064	3.66083371586673e-07	5	AGTTCCCCATGAAGCG	Other2
3.32453830671399e-10	0.988869784092891	0.214	0.072	6.45957792994528e-07	5	GATGCTAAGACTCGAG	Other2
4.01817181116586e-10	0.838833419146517	0.245	0.089	7.80730782909527e-07	5	AAGTACCCAGAGTTCT	Other3
4.93459912137121e-10	0.886061281436063	0.214	0.072	9.58792609282426e-07	5	ATAGAGAGTATACCTG	Other2
6.13252457659248e-10	1.16856987690266	0.201	0.067	1.19154952523192e-06	5	CGGGACTCAACTGCCG	Other2
6.33348825244038e-10	1.454643889158	0.195	0.064	1.23059676744917e-06	5	TTGGGCGGTCCTCCAT	Other2
1.03217418159451e-09	1.27816760582297	0.245	0.095	2.00551443483813e-06	5	GAGTTACTCATGGGAG	Other2
1.48496114158625e-09	1.46785627850385	0.195	0.065	2.88527949810208e-06	5	GCACGGTCACTTCATT	Other2
2.15677753035928e-09	0.957770181859104	0.252	0.1	4.19061874148809e-06	5	TTGTTTGTCAGCAATC	Other2
2.16027519304917e-09	1.23707244170943	0.195	0.066	4.19741470009454e-06	5	CCTCACAAGTTGAAGT	Other2
3.34268525935331e-09	0.948645284048386	0.164	0.049	6.49483745892347e-06	5	TATACCTAGGCAATGC	Her4
4.70610327883927e-09	1.55845068780599	0.208	0.076	9.14395867078469e-06	5	CTTAGGAAGCTTTCCC	Other2
5.43104588472324e-09	1.21790411586221	0.201	0.072	1.05525221540172e-05	5	CGTTAGAGTATCCCAA	Other2
5.97167259180852e-09	1.32665178401684	0.182	0.061	1.1602959845884e-05	5	GCTACAAGTCTCAGGC	Other2
6.78266818787485e-09	1.2642244971168	0.182	0.061	1.31787242890408e-05	5	AGCTACATCGCTCTAC	Other2
7.37136717081551e-09	0.980573653470893	0.138	0.038	1.43225664128945e-05	5	TACAGGTAGGACTGGT	Her4
9.34979730451773e-09	1.40513405400582	0.201	0.073	1.8166656162678e-05	5	TCTCACGGTTAGCTAC	Other2
1.01271641283518e-08	0.485861133744549	0.283	0.121	1.96770799013876e-05	5	TGATTTCTCCTTGGAA	Chat1
1.41813983921576e-08	0.91086112339291	0.189	0.066	2.75544570759622e-05	5	CTCCCTCTCTGCGGGT	Other2
2.27269262275117e-08	0.607515247414896	0.27	0.116	4.41584176600552e-05	5	CATCGCTCATTGTAGC	Other3
3.99642422991837e-08	0.298150065144979	0.296	0.131	7.76505227873139e-05	5	GATGAGGCAGTGTATC	Other3
5.67319551853737e-08	1.09885083704062	0.201	0.078	0.000110230188925181	5	GTAGAGGGTCAACATC	Other2
6.4401960765956e-08	0.78030348627304	0.151	0.048	0.000125133009768252	5	GTTTACTTCCCAACTC	Glia
7.96518805694177e-08	0.463374585600183	0.308	0.146	0.000154763603946379	5	CTGGCAGGTGCGAGTA	Other2
1.60946734801037e-07	1.34022986286046	0.264	0.119	0.000312719505718414	5	CTAACCCTCTGGGCAC	Other3
4.95595759469486e-07	0.92995425615561	0.176	0.067	0.00096294256064921	5	CATGCCTTCAGCGCAC	Other2
1.1576437374375e-06	0.956761008236448	0.182	0.074	0.00224930178184106	5	TCCGAAAAGGTAGCCA	Other2
1.26063373188968e-06	1.21191444033424	0.195	0.083	0.00244941134106164	5	GAGACTTAGTCAAGCG	Other2
2.05690665213924e-06	0.691399392150529	0.164	0.062	0.00399656962510655	5	TGCGGGTTCGGTATGT	Other2
3.02098861060112e-06	0.465185676877527	0.208	0.091	0.00586978087039798	5	CACGTGGGTTAGAGAT	Other2
3.42775562598588e-06	0.979180698583585	0.182	0.077	0.00666012918129056	5	TAGAGTCAGGTCTACT	Other2
3.91640624344851e-06	0.587242438049882	0.157	0.06	0.00760957733102046	5	GAATAGAAGAATAACC	Other2
4.58740081188184e-06	1.10447629285363	0.182	0.079	0.00891331977748641	5	ATTACTCGTAATGCGG	Other2
4.74440412332364e-06	0.577739099757823	0.208	0.095	0.00921837721161784	5	CATTTCACAGACTCTA	Other3
5.29258134318757e-06	0.351272896537541	0.176	0.072	0.0102834855498134	5	TGATTCTCAACAAGTA	Other2
6.45746878966992e-06	1.12821872103236	0.119	0.041	0.0125468618583286	5	GATAGCTAGACCTCAT	Her4
1.64204321275921e-05	0.265468278264677	0.17	0.072	0.0319048996239115	5	TCCAGAAGTGATACAA	Nos1
1.87045060678973e-05	0.682061529710607	0.145	0.058	0.0363428552899244	5	ACATCCCCAGGACGAT	Other2
1.96568896345142e-05	0.516672028353234	0.252	0.129	0.0381933365598611	5	TGATGGTGTCATCCCT	Other3
2.17889127511865e-05	1.08994186586828	0.17	0.075	0.0423358574755554	5	GTCGTTCCACCTAAAC	Other2
2.52601786782253e-05	0.630271889589054	0.17	0.074	0.0490805271717917	5	CTAACTTAGGTGCCAA	Other2
