p_val	avg_log2FC	pct.1	pct.2	p_val_adj	geneCluster	cell	cellType
5.2813787420651e-107	3.62186497377569	0.621	0.05	1.02617188958325e-103	10	ACACCAATCTACCTTA	Other4
1.00646270688555e-102	3.55856616341562	0.75	0.092	1.95555703947862e-99	10	GTTGTCCCAGCCGTCA	Other4
2.30915332538623e-92	2.82173440975113	0.638	0.067	4.48668491122544e-89	10	GTGTGGCAGAGAGGGC	Other4
9.2524473206677e-91	2.87974768354453	0.621	0.064	1.79775051440573e-87	10	GTCCTCATCTGGTTGA	Other4
3.78628525389895e-85	2.17411829186214	0.612	0.066	7.35675224832567e-82	10	TGCGATATCTTCGTAT	Other4
1.84528829202343e-84	3.16994551406485	0.569	0.057	3.58539515140152e-81	10	CACAGGCGTAGGGTAC	Other4
2.29593943497213e-84	2.33614470257833	0.603	0.066	4.46101032215086e-81	10	ATGCATGTCATAGGCT	Other4
2.96359992528161e-84	3.31061060948683	0.621	0.071	5.75827465482217e-81	10	CTACAGAAGAGAGGGC	Other4
1.95624291324649e-83	2.88985666592258	0.586	0.062	3.80097998043792e-80	10	CATCAAGGTGCAATGG	Other4
5.29160784670178e-82	2.66848435134217	0.621	0.072	1.02815940461416e-78	10	GTAGAAAGTTTAGACC	Other4
1.14348640133336e-71	2.45471671141673	0.526	0.057	2.22179407779072e-68	10	CATCGCTAGGGAGGTG	Other4
3.93180954503308e-59	2.20361911398517	0.491	0.061	7.63950594599927e-56	10	CTCTGGTAGGCACTAG	Other4
8.39154876283521e-56	2.76027803544119	0.466	0.059	1.63047792461888e-52	10	GTCTAGACAGGTCTCG	Other4
4.04935103398655e-48	2.93534614965038	0.707	0.188	7.86788905903587e-45	10	CGTTCTGCAAGGGTCA	Other4
6.98337925825776e-45	2.4962770193978	0.483	0.082	1.35687058987948e-41	10	CACAACATCTAGGCCG	Other4
2.45392725423994e-16	2.01642272833208	0.345	0.104	4.7679806549882e-13	10	CTCCAACCACCTGAAT	Other3
1.95471645599958e-15	2.21951194631658	0.293	0.078	3.79801407400718e-12	10	ACCACAAGTAACACCT	Other2
3.10086244815919e-07	1.31972941926009	0.224	0.087	0.00060249757367733	10	ACCCTCACAGGAATAT	Nos1
2.45441305242016e-05	0.457529062664653	0.207	0.089	0.0476892456085238	10	CCGGTAGCAATGAAAC	Glia
