p_val	avg_log2FC	pct.1	pct.2	p_val_adj	geneCluster	cell	cellType
6.26767737547408e-64	1.35698999685898	0.773	0.175	1.21780971405461e-60	9	GCAGCTGGTGAGCTCC	Other1
1.84105069131021e-60	1.37389674926407	0.664	0.122	3.57716149321574e-57	9	GTAATGCTCTGCCCTA	Other1
1.15054460440043e-59	1.58776578401316	0.641	0.121	2.23550816635004e-56	9	GCGTGCAAGCACTTTG	Other1
9.29321942874447e-59	1.66514905296184	0.656	0.127	1.80567253500505e-55	9	CTCGAGGTCGATACGT	Other1
3.57788750035523e-58	1.48888754389253	0.695	0.146	6.95183541319022e-55	9	CTGGCAGGTCTACACA	Other1
8.45708391151637e-58	1.53076937410298	0.641	0.119	1.64321140400763e-54	9	CACATGATCGTGTGGC	Other1
8.93846854897891e-58	1.52102870308913	0.695	0.146	1.7367444390666e-54	9	ATTCACTCACCGGTCA	Other1
1.32663246944266e-57	1.43115531717939	0.68	0.14	2.57764688812708e-54	9	CATCAAGGTTGCTCGG	Other1
9.88240550271212e-56	1.47664278242425	0.633	0.121	1.92015138917696e-52	9	CAGCACGGTTCCGCGA	Other1
6.13525709985832e-55	1.31499311974998	0.648	0.128	1.19208045450247e-51	9	AAAGGGCGTGGTAACG	Other1
5.77416689270482e-54	1.37046031947622	0.594	0.108	1.12192062725255e-50	9	TCGCTTGCACATCATG	Other1
7.51009470248075e-54	1.52516057039431	0.641	0.13	1.45921140069201e-50	9	AGGTTACGTAACAGGC	Other1
4.2074466887266e-53	1.47692537138716	0.586	0.11	8.17506891619579e-50	9	GATCACATCGTAATGC	Other1
1.98793023155317e-52	1.5410331196733	0.609	0.122	3.86254843990781e-49	9	TGAGCGCCAAATCAAG	Other1
1.04182336050571e-51	1.55671249253213	0.562	0.102	2.0242627894626e-48	9	AGATGAAGTTGGCTAT	Other1
1.53092635413818e-51	1.68952580436541	0.555	0.1	2.97458990609048e-48	9	GTCGTAATCAAGTCGT	Other1
8.33147968306749e-49	1.33960438019885	0.602	0.125	1.61880650242001e-45	9	TAATTCCGTTATCTTC	Other1
1.37222671064638e-48	1.79203004982327	0.547	0.105	2.66623649878591e-45	9	GTAATGCAGGAACTCG	Other1
2.12069055927558e-47	1.52874756474307	0.617	0.139	4.12050175667246e-44	9	GGGACTCGTTGGACTT	Other1
1.46816691448986e-46	1.50828150616454	0.57	0.115	2.8526483148538e-43	9	TGTCCCATCCAGTACA	Other1
1.95273426721445e-46	1.27285713127708	0.688	0.174	3.79416268119768e-43	9	TTTCAGTTCACACCGG	Other1
1.1550926790536e-45	1.46146332479649	0.555	0.111	2.24434507540115e-42	9	GCAACCGTCAGCGCGT	Other1
4.43345639057489e-45	1.40204250720446	0.656	0.162	8.614205766887e-42	9	CACTTCGGTTCTCCAC	Other1
5.055672779861e-45	1.49971090156341	0.555	0.114	9.82317221126993e-42	9	GATTGGTAGCGTCTGC	Other1
5.90090497594598e-45	1.64115395494591	0.516	0.097	1.1465458368263e-41	9	AGACACTGTTGCAACT	Other1
3.01352082586852e-44	1.45498910506976	0.562	0.115	5.85527096466253e-41	9	GATGACTAGTGCCCGT	Other1
5.71373721431038e-44	1.61547704137773	0.562	0.122	1.11017914074051e-40	9	GAGTTGTTCACATACG	Other1
8.50985155716388e-44	1.49930545597124	0.477	0.084	1.65346415755694e-40	9	TCATGAGCATCTGGGC	Other1
3.02512172896705e-43	1.47205053799974	0.602	0.142	5.87781151938298e-40	9	CTCCACAAGTAGTCAA	Other1
3.24201678472994e-43	1.26634052235941	0.57	0.123	6.29923861273028e-40	9	TGCAGATTCCTATTTG	Other1
7.01649134495921e-43	1.47591061778951	0.578	0.13	1.36330426832558e-39	9	TCCACCACATAACGGG	Other1
1.20293128954676e-42	1.44169365292075	0.539	0.113	2.33729549558935e-39	9	ACTATTCTCGCTGTTC	Other1
1.49319902020732e-42	1.13951673612873	0.555	0.116	2.90128569626282e-39	9	ATCTCTAGTCCAAAGG	Other1
1.74770668113852e-42	1.60430698698592	0.539	0.115	3.39579408145215e-39	9	TTTGGTTTCTATTGTC	Other1
4.43053677686423e-42	1.25775073111248	0.539	0.11	8.6085329574472e-39	9	CTCAATTGTGCATTAC	Other1
4.47254700981334e-42	1.22415635902279	0.57	0.131	8.69015884006732e-39	9	CAGGTATCAATCCTTT	Other1
6.80008819387553e-42	1.44323476862412	0.57	0.129	1.32125713607001e-38	9	CGAAGGAGTGACTAAA	Other1
1.09906188933246e-41	1.38239861659674	0.555	0.123	2.13547725097297e-38	9	CGGGCATCATTATGCG	Other1
2.60823051433052e-41	1.35960260572715	0.547	0.12	5.0677918893442e-38	9	CTTCCGAGTATCGCTA	Other1
7.70201530757139e-41	1.37363759717105	0.57	0.131	1.49650157426112e-37	9	GAAGCCCCAAGAGCTG	Other1
1.59829841963713e-39	1.42351478209029	0.508	0.105	3.10549382935495e-36	9	TCGGTCTCAGTCGGTC	Other1
2.67923602371138e-39	1.28087292895315	0.625	0.162	5.20575559407121e-36	9	AGGTAGGAGGTACAAT	Other1
2.21997602392399e-37	1.43891393458666	0.445	0.085	4.3134134144843e-34	9	GACTATGAGGCCACTC	Other1
5.45172777126861e-37	1.11493898002868	0.523	0.117	1.05927070595749e-33	9	AAAGAACAGCCAAGGT	Other1
5.53466544817781e-37	1.33667718282753	0.453	0.088	1.07538549658095e-33	9	ATCCACCAGGTAACTA	Other1
1.46143525618364e-36	1.48686662499945	0.469	0.097	2.83956870276482e-33	9	GAGTCTAAGCGTCAAG	Other1
4.37673487483867e-35	1.49041217416957	0.414	0.079	8.50399586181154e-32	9	CCGGACATCGCTCTCA	Other1
6.69309854816231e-35	0.991616876693045	0.656	0.194	1.30046904790794e-31	9	ATTCACTTCTGTCGTC	Other1
8.04961041529732e-35	1.37189809147252	0.406	0.074	1.56403930369227e-31	9	TCTCCGAAGGGCTAAC	Other1
1.08859198683807e-34	1.44708690609518	0.422	0.081	2.11513423042636e-31	9	GAAGGACGTGATGAAT	Other1
1.64634426995126e-34	1.24538480798894	0.492	0.112	3.1988469165153e-31	9	TCATGTTGTCCAGCCA	Other1
4.37045791902605e-34	1.27305277503174	0.461	0.097	8.49179973666761e-31	9	AGGGAGTAGTTGCGAG	Other1
2.05574801248133e-33	1.53431716558391	0.438	0.092	3.99431838825123e-30	9	GCAGTTACACGCGCAT	Other1
5.76898297328569e-32	1.26434945210705	0.43	0.091	1.12091339170941e-28	9	TAGATCGTCTAGATCG	Other1
4.07208972181673e-31	1.2291123140256	0.453	0.105	7.91207032948991e-28	9	TTATTGCCACGAGAAC	Other1
1.38180296125467e-30	1.33241749107236	0.469	0.116	2.68484315371783e-27	9	AGCGTATCATGACAAA	Other1
1.61761861737523e-30	1.48541374259973	0.453	0.111	3.14303297356008e-27	9	TGTCAGACAAGACGGT	Other1
8.71047235134316e-30	1.09873920739815	0.438	0.101	1.69244477786598e-26	9	TTGTTGTTCTGCGTCT	Other1
9.43957908527406e-30	1.17922200892185	0.375	0.074	1.83411021626875e-26	9	TCGGGACAGCACCGTC	Other1
6.15652249987327e-29	1.23177328663905	0.445	0.11	1.19621232172538e-25	9	TGTTCTATCTTCCCAG	Other1
3.92938896271409e-28	1.24613397723704	0.422	0.1	7.63480275455347e-25	9	AATGACCCAGACACAG	Other1
1.77051446537756e-26	1.3336395816999	0.406	0.097	3.44010960622859e-23	9	TTCGGTCGTGGCTCTG	Other1
5.23373197261652e-26	1.18825878684433	0.422	0.103	1.01691412227939e-22	9	ATGGGTTGTTGCAAGG	Other1
1.18452326325966e-23	1.22232710209328	0.375	0.088	2.30152870051352e-20	9	AAGCCATGTAAGAACT	Other1
5.77721946547737e-23	1.26768194709521	0.367	0.09	1.12251374214225e-19	9	CAAGCTAAGCATATGA	Other1
2.12147347473258e-19	0.832922626928511	0.336	0.086	4.12202296140541e-16	9	TCAGTGATCGTGGACC	Other1
3.1646658140704e-19	0.980273286255248	0.344	0.089	6.14894567673879e-16	9	CAAGCTACAATCTGCA	Other1
3.7198551875266e-16	1.26290215634775	0.305	0.085	7.22767862936418e-13	9	GCGAGAAGTAACATGA	Other1
1.99889571218899e-08	0.720315747953373	0.188	0.058	3.88385436878321e-05	9	AGATGAAAGCGACTGA	Chat3
1.3437099804238e-05	0.501371382774656	0.133	0.045	0.0261082849196344	9	GGGCTACGTAGCTGCC	Chat3
