p_val	avg_log2FC	pct.1	pct.2	p_val_adj	geneCluster	cell	cellType
1.24644783494706e-91	2.59287383997862	0.594	0.063	2.42184814330213e-88	7	CACGTGGGTTAGAGAT	Other2
5.03211202395189e-82	2.34930575793624	0.514	0.05	9.77739366253853e-79	7	GTCGTTCCACCTAAAC	Other2
4.57003190355305e-81	2.48661970955612	0.507	0.051	8.87957198860357e-78	7	TTGTTCATCGAAGCCC	Other2
7.65328566720452e-81	2.74338474601474	0.551	0.062	1.48703340513784e-77	7	GATCACAGTCATCGCG	Other2
5.99923605481008e-77	2.4956299479405	0.536	0.063	1.1656515654496e-73	7	AGGATCTCAGATCATC	Other2
1.42003559369049e-76	2.58197988777629	0.471	0.045	2.75912915854061e-73	7	GTCCTCAGTAGGCAAC	Other2
7.96778025963026e-76	2.54059436557126	0.457	0.042	1.54813970444616e-72	7	GCTACAAGTCTCAGGC	Other2
2.40510992063542e-74	2.30533485597951	0.493	0.052	4.67312857579463e-71	7	CAGCACGGTTAAGAAC	Other2
1.88769338496534e-73	2.60069429483672	0.442	0.041	3.66778824698765e-70	7	ACGATGTGTAGGTTTC	Other2
3.32957330028063e-73	2.75993738272152	0.478	0.052	6.46936092244526e-70	7	CATTTCATCGGTGCAC	Other2
3.86520441159601e-73	2.49919097921116	0.428	0.038	7.51009217173104e-70	7	TTGAGTGCAAGAGGCT	Other2
5.09143338859697e-73	2.18093604220232	0.558	0.074	9.89265507404392e-70	7	GAGTTACTCATGGGAG	Other2
3.6089064100295e-71	2.66612976909427	0.449	0.045	7.01210515468731e-68	7	AACCAACAGATACGAT	Other2
3.98314757424567e-70	2.6750497737234	0.478	0.054	7.73925573675933e-67	7	TAGACTGCACAATCTG	Other2
1.22391724124713e-67	2.576645233626	0.435	0.043	2.37807119974318e-64	7	CACCAAAAGCGCTTCG	Other2
2.29429160911866e-67	2.47328382251322	0.5	0.062	4.45780859651756e-64	7	GAGACTTAGTCAAGCG	Other2
2.6149087291488e-66	2.93468531245959	0.413	0.041	5.08076766073612e-63	7	TTCACCGCACCCTAGG	Other2
5.49376157989276e-66	2.29245000746968	0.435	0.045	1.06743787497316e-62	7	TAGCACAGTCAGCTTA	Other2
2.34793667911085e-65	2.29274618433243	0.464	0.054	4.56204096751239e-62	7	CTAACTTAGGTGCCAA	Other2
6.37422560820681e-65	2.47232842732435	0.543	0.08	1.23851203567458e-61	7	TTGTTTGTCAGCAATC	Other2
2.63937269292544e-64	2.33306898887728	0.471	0.057	5.12830114235413e-61	7	TAGAGTCAGGTCTACT	Other2
9.12313193300729e-63	2.430967796605	0.507	0.071	1.77262453458332e-59	7	CACAGGCTCCAACCGG	Other2
1.84255718221721e-61	2.33867930909065	0.435	0.049	3.58008860504805e-58	7	CCTCACAAGTTGAAGT	Other2
3.01198860592222e-61	2.71452059613185	0.391	0.039	5.85229386130688e-58	7	CTGTATTAGTTTGAGA	Other2
4.48505464179503e-61	2.25966984415182	0.493	0.068	8.71446116900775e-58	7	CTTGATTAGTCTCCTC	Other2
2.80837412327226e-60	2.47676694176085	0.428	0.05	5.45667092151801e-57	7	ATGTCCCGTGGAGGTT	Other2
2.89025712619691e-59	2.50769034757805	0.442	0.055	5.61576959620059e-56	7	CGTTAGAGTATCCCAA	Other2
3.8469009892896e-59	2.3572058632271	0.478	0.066	7.47452862218969e-56	7	ACCATTTTCTCGCCTA	Other2
3.18147117822716e-58	2.38476875351977	0.406	0.046	6.18159849929536e-55	7	AGCTACATCGCTCTAC	Other2
1.14178177155068e-57	2.64864020222186	0.406	0.047	2.21848198212297e-54	7	GCAGCCACATTGGATC	Other2
1.31755909757745e-55	2.5501851349926	0.435	0.057	2.56001732659298e-52	7	GATGCTAAGACTCGAG	Other2
8.91015062402146e-55	2.11483366327838	0.435	0.057	1.73124226624737e-51	7	ATAGAGAGTATACCTG	Other2
1.00492791847406e-53	2.17862506005765	0.442	0.061	1.9525749455951e-50	7	ATTACTCGTAATGCGG	Other2
1.94037849166241e-53	2.2682248168802	0.42	0.055	3.77015540930005e-50	7	TGATTCTCAACAAGTA	Other2
3.01503429622096e-52	2.52481774939663	0.42	0.057	5.85821163755732e-49	7	TCCGAAAAGGTAGCCA	Other2
7.1347368381575e-52	2.5123692069738	0.399	0.051	1.386279367654e-48	7	AGTTCCCCATGAAGCG	Other2
4.52145714047382e-51	2.31474168733679	0.428	0.061	8.78519122394064e-48	7	CTTAGGAAGCTTTCCC	Other2
3.23106501425456e-49	2.39793870670598	0.391	0.052	6.27795932269661e-46	7	CTCCCTCTCTGCGGGT	Other2
3.47675382644393e-49	2.36635537815745	0.413	0.059	6.75533268478056e-46	7	TCTCACGGTTAGCTAC	Other2
4.91114604599148e-49	2.3851719088998	0.377	0.048	9.54235676736144e-46	7	TGCGGGTTCGGTATGT	Other2
4.93541468845855e-49	2.74395658027562	0.377	0.048	9.58951073967495e-46	7	CCGCAAGTCCTCACTG	Other2
2.01260977491058e-47	1.94910907861267	0.435	0.067	3.91050079265126e-44	7	ATCGTCCGTCCAAGAG	Other2
3.32704363007267e-47	2.27150820466583	0.362	0.046	6.46444577323119e-44	7	GAATAGAAGAATAACC	Other2
1.73013665563986e-45	2.31546936961833	0.377	0.052	3.36165552190825e-42	7	TTGGGCGGTCCTCCAT	Other2
1.8197842391252e-43	2.34257014068857	0.341	0.044	3.53584077662027e-40	7	ACATCCCCAGGACGAT	Other2
4.76982196818517e-37	2.13161514423341	0.355	0.057	9.26776408418379e-34	7	CGGGACTCAACTGCCG	Other2
7.78229075947426e-35	1.93980066658647	0.37	0.067	1.51209909456585e-31	7	GTAGAGGGTCAACATC	Other2
1.52339279696382e-34	1.96853275995232	0.341	0.056	2.95995220450071e-31	7	GCACGGTCACTTCATT	Other2
6.24987479743655e-34	1.47008843461508	0.399	0.078	1.21435067314192e-30	7	ATTACCTTCAGTCAGT	Other2
7.22074271676264e-31	1.10269206177906	0.5	0.135	1.40299030986698e-27	7	TCACACCTCGGTGTTA	Other2
7.6663705444763e-31	1.93017238396777	0.326	0.057	1.48957579679174e-27	7	CATGCCTTCAGCGCAC	Other2
1.70873102160212e-26	1.16151333475713	0.449	0.125	3.32006437497293e-23	7	CATTGCCTCCTCGATC	Other2
7.78089304691991e-25	1.35492432073719	0.449	0.137	1.51182751901654e-21	7	CTGGCAGGTGCGAGTA	Other2
4.47741199763242e-22	0.737411027579146	0.413	0.117	8.69961151139979e-19	7	AGAACCTTCCGTGCGA	Other2
1.74607607018521e-17	0.534195650766543	0.399	0.137	3.39262580436986e-14	7	TTGTGGAGTCTACGAT	Other2
3.54207976116757e-17	0.368760702478972	0.319	0.089	6.8822609759486e-14	7	CACAACATCTAGGCCG	Other4
5.83932412710284e-15	1.17777569890596	0.246	0.065	1.13458067789608e-11	7	CTCCACACAGCTGCCA	Other2
1.00806534085839e-13	0.614989819568707	0.37	0.134	1.95867095728786e-10	7	TTAATCCGTCGTTGGC	Other2
1.73750121343311e-11	1.51525756131566	0.188	0.05	3.37596485770053e-08	7	GTCGCGATCACCATCC	Other2
7.40226336995379e-07	0.553308863585283	0.254	0.11	0.00143825977278202	7	CGGACACGTAAGGAGA	Other2
1.10142107993692e-06	0.790776843656662	0.196	0.076	0.00214006115831744	7	AGGGAGTGTATAGCTC	Other2
