p_val	avg_log2FC	pct.1	pct.2	p_val_adj	geneCluster	cell	cellType
1.8858801914496e-19	1.41547255366259	0.426	0.154	3.66426521198657e-16	6	TGGAGGAAGTCCCGGT	Other3
2.21609264285062e-12	1.65840088545884	0.271	0.097	4.30586800505876e-09	6	GTCTACCCAATTCGTG	Other3
2.94599866963559e-09	0.872127746858178	0.387	0.188	5.72407541510195e-06	6	CTGTAGAAGAGTAACT	Other3
8.92681024107196e-09	1.79574475643768	0.219	0.085	1.73447922984028e-05	6	GGAGCAATCTGAGAGG	Other3
1.00015018602522e-07	0.802097446376662	0.2	0.075	0.0001943291811447	6	ACGATGTAGTGCACTT	Other3
1.28303112091596e-07	1.12760689804803	0.245	0.107	0.000249292946793971	6	CTCCAACCACCTGAAT	Other3
4.54092848877106e-07	0.987719040386401	0.252	0.115	0.000882302405368217	6	CTCCGATGTTTGGGTT	Glia
9.81463510423785e-07	0.674564522185556	0.206	0.085	0.00190698360075341	6	TGGATCAGTCAGATTC	Other3
1.05889918390724e-06	0.647696834453726	0.239	0.108	0.00205744111433176	6	CACGTGGCACGCGTCA	Other3
1.7054319320586e-06	0.350365355550808	0.31	0.159	0.00331365424398987	6	TTCACGCGTACCCAGC	Other3
5.52028900723678e-06	0.642824541926898	0.245	0.121	0.0107259215410611	6	CTAACCCTCTGGGCAC	Other3
8.03509361035925e-06	0.523698125941434	0.161	0.065	0.015612186884928	6	TAGGTTGTCTTCGGAA	Other3
8.15628567826103e-06	0.460171820301458	0.258	0.128	0.0158476630728612	6	TGATGGTGTCATCCCT	Other3
1.02370013067852e-05	1.02235962351821	0.161	0.066	0.0198904935390837	6	GTTGTAGAGATGATTG	Glia
1.86459422757087e-05	1.06575614991631	0.174	0.078	0.036229065841702	6	ACGATGTGTCACCCTT	Glia
