p_val	avg_log2FC	pct.1	pct.2	p_val_adj	geneCluster	cell	cellType
2.34639624581739e-98	1.76148537059255	0.704	0.114	4.55904790562319e-95	2	GTCTCACGTGACCTGC	5HT
2.76059205058167e-96	1.74654145351457	0.656	0.096	5.36383035428018e-93	2	TCGGGCACATCAGTCA	5HT
1.02152164976116e-88	1.56935734934976	0.672	0.113	1.98481656548593e-85	2	TTACAGGTCGTTTACT	5HT
4.6052684071342e-88	1.57731020660688	0.677	0.116	8.94803651506174e-85	2	CATCCACAGCTGGCTC	5HT
1.69999617453323e-84	1.75222524950185	0.656	0.115	3.30309256711807e-81	2	TTCACCGAGGGAGGTG	5HT
1.26584108278654e-83	1.78403199322962	0.598	0.091	2.45952922385425e-80	2	GTTTGGAAGGTGATCG	5HT
2.72197719512154e-83	1.69817077774198	0.683	0.129	5.28880169012115e-80	2	TCATTTGTCCAGTGTA	5HT
6.14453515309541e-83	1.5728173538424	0.619	0.097	1.19388318024644e-79	2	CTGGTCTGTCTCTCAC	5HT
4.7931452070457e-82	1.70739349737687	0.635	0.11	9.31308113728979e-79	2	TCGCTCAGTACTCCGG	5HT
7.69198495666875e-82	2.04481556628442	0.608	0.099	1.49455267708074e-78	2	GGAACCCGTTTCACAG	5HT
3.0848245446771e-81	1.5059048891782	0.635	0.109	5.9938140903076e-78	2	AGGGTTTAGTAAACTG	5HT
1.36728305769096e-80	1.62276420326687	0.751	0.172	2.65663098109353e-77	2	CAATCGAGTGCGTTTA	5HT
1.74932386471502e-80	1.79825408731574	0.661	0.124	3.39893626914129e-77	2	TGATTTCAGTGGATAT	5HT
3.31727384180601e-80	1.63796249869548	0.693	0.144	6.44546307462907e-77	2	CCAAGCGGTTCCTAGA	5HT
7.24095620406432e-80	1.93293309272092	0.688	0.141	1.4069177904497e-76	2	ACTTTCAAGTCTAACC	5HT
4.25836019627715e-78	1.72052591750708	0.646	0.118	8.2739938613665e-75	2	GCCAGTGAGTAACGAT	5HT
7.84577686062469e-78	1.49214599507048	0.656	0.124	1.52443444401938e-74	2	TTCGCTGAGGTCATTC	5HT
1.70770830205106e-77	1.88012030793161	0.677	0.139	3.3180772308852e-74	2	TACTGCCGTCTCGACG	5HT
2.11762877959155e-77	1.48381808668517	0.698	0.15	4.11455271874638e-74	2	AGGTCATTCTATACTC	5HT
1.29387749704561e-76	1.67311346677041	0.624	0.113	2.51400397675961e-73	2	GACGTTAGTACTAACC	5HT
1.50457955231145e-76	1.91509836124747	0.614	0.109	2.92339807014116e-73	2	TGTTTGTAGCATATGA	5HT
2.73872783519656e-76	1.75018670681653	0.571	0.092	5.32134818378692e-73	2	GGACGTCGTTGCAAGG	5HT
2.33020456570437e-75	1.39726208507626	0.667	0.132	4.52758747116359e-72	2	ACTTATCGTGAGCCAA	5HT
5.52673084447982e-75	1.61782925560879	0.651	0.128	1.07384380308243e-71	2	ATCGGATGTCGATGCC	5HT
1.01786505706865e-74	1.44434862934416	0.709	0.15	1.97771180588438e-71	2	TGAGTCACATAATCCG	5HT
1.23356582872283e-74	1.53941942697471	0.64	0.122	2.39681840520846e-71	2	ATACCTTCATGGGATG	5HT
1.44195555698464e-74	1.49860081215405	0.608	0.107	2.80171964722115e-71	2	ATTTACCTCGATCCAA	5HT
5.25153146994863e-74	1.68017703231439	0.619	0.112	1.02037256461102e-70	2	ACTTCCGAGTCAGCCC	5HT
1.11970304213235e-73	1.5987712497747	0.577	0.096	2.17558301086315e-70	2	TGCACGGTCTCGCGTT	5HT
4.75820399755987e-73	1.64691518994957	0.64	0.123	9.24519036725883e-70	2	AAGACTCAGTTCCGGC	5HT
8.3447766691476e-73	1.55308645806515	0.624	0.115	1.62139010681538e-69	2	TAGTGCATCCTTGACC	5HT
1.40458058748296e-72	1.57211273412914	0.656	0.133	2.7291000814794e-69	2	GTACAACGTATTGCCA	5HT
1.44724924810415e-72	1.74252107615653	0.571	0.098	2.81200528906637e-69	2	TACCTCGTCGACGAGA	5HT
2.41344101520156e-72	1.68177973699924	0.646	0.134	4.68931589253664e-69	2	GCCTGTTCAATACGCT	5HT
2.44300479061871e-72	1.79287769772298	0.508	0.072	4.74675830817215e-69	2	GTGCTGGGTTTCGTTT	5HT
2.62735148165621e-72	1.4630961221111	0.651	0.134	5.10494392885801e-69	2	TCAATCTCAACAGTGG	5HT
7.0260471756852e-72	1.58065602473098	0.619	0.119	1.36516096623563e-68	2	GATCAGTAGTTTCGGT	5HT
1.02703646858815e-71	1.67207536381583	0.608	0.115	1.99553185846677e-68	2	GATAGAAGTTACTCAG	5HT
1.75399739459308e-71	1.71858420925346	0.635	0.127	3.40801693769436e-68	2	CTCCTCCCATACATCG	5HT
2.02827031453556e-71	1.70422406999189	0.608	0.114	3.94092922114259e-68	2	GTGACGCTCTCGGGAC	5HT
8.45718680823812e-71	1.61217291170621	0.672	0.142	1.64323139684067e-67	2	CGTTCTGGTGTTCGTA	5HT
8.78958250854513e-71	1.65013237922736	0.582	0.103	1.70781588141032e-67	2	AGCTTCCGTCAAGCGA	5HT
1.23932072653658e-70	1.60663194942568	0.603	0.115	2.40800017166057e-67	2	TAGCACACAGTCAGCC	5HT
1.94572060389516e-70	1.53541701543105	0.608	0.117	3.78053513336829e-67	2	AGTGCCGGTGGATCAG	5HT
2.95874021222563e-70	1.57920081592111	0.593	0.11	5.74883223235439e-67	2	GATCAGTCAGACATCT	5HT
3.75686859198185e-70	1.50916249004225	0.624	0.124	7.29959567422074e-67	2	GCATGATCAGTTAGAA	5HT
7.00403673630365e-70	1.46561117867625	0.677	0.152	1.3608843378638e-66	2	GTTGCGGAGCAAGTGC	5HT
1.36741791909742e-69	1.66427913515819	0.577	0.103	2.65689301680629e-66	2	CCTCTAGAGGTCACCC	5HT
1.63221866497581e-69	1.84694923676788	0.603	0.119	3.171400866048e-66	2	AACCACAGTATCGCTA	5HT
2.39076383732987e-69	1.7427509299068	0.566	0.099	4.64525413593194e-66	2	CGTCCATCAAACGTGG	5HT
2.55369250779185e-69	1.50743808625534	0.63	0.13	4.96182454263957e-66	2	TGCTCGTGTTCGATTG	5HT
3.27443162716145e-69	1.56241243746531	0.64	0.132	6.36222065157471e-66	2	CTGTGGGTCAGATTGC	5HT
3.41277075683407e-69	1.69236892943043	0.603	0.118	6.63101358052859e-66	2	AGGGCTCTCTACTGAG	5HT
4.9211877453108e-69	1.70586870289201	0.571	0.102	9.56186778913889e-66	2	GTTGTAGAGTCGAAGC	5HT
7.86442585320059e-69	1.83848671364786	0.545	0.094	1.52805794327688e-65	2	TCGGTCTCAAGTTCGT	5HT
9.83482044555757e-69	1.74278180309829	0.55	0.095	1.91090561257184e-65	2	CGTCAAATCTAGTGTG	5HT
6.15733754082516e-68	1.51326702390196	0.624	0.128	1.19637068418233e-64	2	CGTGATATCGCATTAG	5HT
1.01515176656792e-67	1.52067176564532	0.593	0.113	1.97243988244146e-64	2	ACATCGATCAATGTCG	5HT
1.26047670304531e-67	1.64621413686349	0.529	0.088	2.44910623401703e-64	2	TGAATGCAGCTACTGT	5HT
1.39942044937543e-67	1.5899216858455	0.561	0.101	2.71907393313646e-64	2	GTTTACTCAATCGCCG	5HT
1.53181494563382e-67	1.49989939430662	0.63	0.131	2.97631643936652e-64	2	GATCAGTAGGTAACTA	5HT
1.75374376141354e-67	1.53894819645806	0.545	0.091	3.40752412842651e-64	2	CCGTAGGAGCGAGTCA	5HT
2.89652945297438e-67	1.58704141300175	0.587	0.11	5.62795672712923e-64	2	CACTGTCCACCGGTCA	5HT
3.17703945586866e-67	1.69804421991649	0.582	0.106	6.17298766275281e-64	2	GCCGATGAGTCATAGA	5HT
4.36790800292209e-67	1.70784540779758	0.577	0.109	8.48684524967762e-64	2	TGGGAGAGTGCTCTCT	5HT
6.30507754524923e-67	1.52319648088796	0.603	0.123	1.22507656704193e-63	2	TCTACCGCAGCAGTTT	5HT
1.16171383306308e-66	1.56555112593596	0.63	0.134	2.25720997764156e-63	2	TTCTTGAGTACTCGCG	5HT
1.6420972924823e-66	1.64897165911864	0.556	0.101	3.19059503929311e-63	2	AGGGTTTAGCAGAAAG	5HT
4.31003370992658e-66	1.71391921042922	0.529	0.091	8.37439549838734e-63	2	GGTAGAGAGGAAAGTG	5HT
4.75174987303559e-66	1.49537284897477	0.608	0.123	9.23265000330816e-63	2	GCGGAAATCCCGAATA	5HT
5.15749445175738e-66	1.62564956563691	0.556	0.102	1.00210117197646e-62	2	TTTGGTTGTGCAATGG	5HT
1.3113077719622e-65	1.6954089597296	0.481	0.071	2.54787100092255e-62	2	TGCCGAGAGCCGCACT	5HT
1.83214784659096e-65	1.45944260317711	0.571	0.105	3.55986326592623e-62	2	GCATGATGTACAGCGA	5HT
2.28286875523236e-65	1.41357300054462	0.63	0.135	4.43561399141648e-62	2	ATATCCTCAGGCAATG	5HT
3.83063420737244e-65	1.73098030949984	0.513	0.086	7.44292226492466e-62	2	TGTACAGGTACCCACG	5HT
6.88459688159865e-65	1.52143135064251	0.571	0.108	1.33767717409462e-61	2	TTCCGGTGTTGCTAGT	5HT
2.00629160979575e-64	1.69248650433689	0.55	0.103	3.89822459783314e-61	2	CGGACACAGGCTAAAT	5HT
5.58155435094809e-64	1.34335698130717	0.614	0.133	1.08449601038921e-60	2	ATTCCCGCAAGCTGCC	5HT
1.55121737926892e-63	1.65310272050235	0.603	0.126	3.01401536791952e-60	2	ACTATGGAGCGCCATC	5HT
1.58262025492631e-63	1.56616075452355	0.497	0.083	3.07503115532181e-60	2	GAGTCTAGTGAGTCAG	5HT
1.79516683712649e-63	1.57465700322434	0.593	0.125	3.48800916453676e-60	2	TACATTCCACGGTAGA	5HT
2.00273392220547e-63	1.59749996008376	0.566	0.112	3.89131201084523e-60	2	AGAACAACAACGTAAA	5HT
2.29679042506394e-63	1.60507804316913	0.614	0.14	4.46266379589923e-60	2	ATGAAAGAGAGCTGAC	5HT
4.82155796064715e-63	1.50764795550429	0.54	0.096	9.36828711753741e-60	2	TGGTACACAAGTGGTG	5HT
5.22853593451117e-63	1.66890110519916	0.608	0.135	1.01590453207552e-59	2	CCCAACTCAGAAGTTA	5HT
8.99386369128892e-63	1.64590907939796	0.54	0.098	1.74750771521744e-59	2	GTAGTACCAACGGGTA	5HT
2.2496099397286e-62	1.51299276046477	0.545	0.103	4.37099211289267e-59	2	CTCAAGACAGTCGAGA	5HT
2.2634106344599e-62	1.54413257261675	0.503	0.086	4.39780686275558e-59	2	AAATGGACATCATCCC	5HT
3.49627792317562e-62	1.60086852171375	0.534	0.098	6.79326800473023e-59	2	GCAACCGTCGGTTAGT	5HT
3.52557494584662e-62	1.63576225419651	0.598	0.128	6.85019211977999e-59	2	CGCATGGTCGACATTG	5HT
4.28277571517421e-62	1.46285893980354	0.619	0.135	8.32143321458348e-59	2	AGAACAAGTCTCAAGT	5HT
9.14888761412389e-62	1.62398720910166	0.534	0.099	1.77762886342427e-58	2	TCATGGAGTACTCGCG	5HT
3.44479421684511e-61	1.42639585919811	0.582	0.122	6.69323516333004e-58	2	CGAGTTAAGTTAACGA	5HT
4.61386069300514e-61	1.53892279059122	0.619	0.142	8.96473132650898e-58	2	AAGTACCGTACTCCGG	5HT
5.34746881628389e-61	1.40164283242981	0.55	0.105	1.03901319100396e-57	2	TAGATCGGTGATAGTA	5HT
8.45466984017455e-61	1.72243639138306	0.497	0.086	1.64274234994591e-57	2	CGGAGAATCTTCGCTG	5HT
1.17751962972233e-60	1.57021685636317	0.566	0.115	2.28792064055049e-57	2	CTAGGTATCAGGAGAC	5HT
2.64670198173329e-60	1.55314463680473	0.561	0.114	5.14254195050777e-57	2	CAGATCACAGGTCCCA	5HT
2.87141181661149e-60	1.82532771012935	0.54	0.105	5.57915315967613e-57	2	CGATCGGAGGCATGGT	5HT
4.09849364424647e-60	1.55175564360711	0.593	0.129	7.96337315077089e-57	2	CACTGGGGTCCGTACG	5HT
4.91287414698471e-60	1.65067760111356	0.545	0.107	9.54571446759128e-57	2	TCGTCCACATGGCCAC	5HT
1.07046020812613e-59	1.54875274221713	0.503	0.088	2.07990418438906e-56	2	CAAGCTATCACAAGAA	5HT
2.01304302868402e-59	1.55889012489894	0.593	0.135	3.91134260473306e-56	2	TTATTGCGTGTATTGC	5HT
2.19593061061437e-59	1.92716263972574	0.492	0.084	4.26669317642372e-56	2	TCGGGCATCCTGGCTT	5HT
2.2292373279516e-59	1.71866748711383	0.497	0.088	4.33140812820996e-56	2	TCGGGCACACTCCGGA	5HT
3.25388476032067e-59	1.59560106962672	0.487	0.086	6.32229808930306e-56	2	TGAACGTAGCTTTCCC	5HT
3.97073349902992e-59	1.36321265005368	0.54	0.105	7.71513518861514e-56	2	CAGCAATTCTCTGAGA	5HT
6.30690634750707e-59	1.3720823772187	0.651	0.166	1.22543190332062e-55	2	CCTACGTCAACCGTGC	5HT
1.14094124811932e-58	1.64023121972762	0.529	0.101	2.21684884509584e-55	2	AGCGATTAGAGTGGCT	5HT
2.49238681322974e-58	1.43067532572246	0.524	0.1	4.84270757810539e-55	2	CCTAAGATCAGCCCAG	5HT
2.75558707263137e-58	1.65375726331557	0.571	0.127	5.35410568212274e-55	2	GATCATGCAAGGTCTT	5HT
4.29316776101604e-58	1.75907926344534	0.556	0.118	8.34162495965416e-55	2	TGAACGTCAACTCGTA	5HT
5.1762191279794e-58	1.54668198616117	0.566	0.121	1.0057393765664e-54	2	TCATGGAAGGCATGCA	5HT
5.5335155348015e-58	1.5383606376793	0.577	0.125	1.07516206841193e-54	2	ACTTCCGAGAAGTGTT	5HT
8.66914492143776e-58	1.74358044778564	0.466	0.08	1.68441485823536e-54	2	GGAGAACAGTTAGTGA	5HT
1.26161533510774e-57	1.33235694003075	0.608	0.142	2.45131859611433e-54	2	TGCGATAGTTAAGAAC	5HT
8.11462055833571e-57	1.22751462667922	0.503	0.093	1.57667077448463e-53	2	ACCATTTAGGCTCAAG	5HT
9.11352803255885e-57	1.29799831377782	0.529	0.104	1.77075849672618e-53	2	ATGCGATTCAAGAGTA	5HT
9.19860202997234e-57	1.63163114123725	0.577	0.132	1.78728837442363e-53	2	TTGACCCAGTCTGCAT	5HT
1.50692904569265e-56	1.3459068252715	0.513	0.099	2.92796313578081e-53	2	TACTTGTTCAATCTCT	5HT
1.85468657323149e-56	1.60498742832815	0.513	0.1	3.60365601178879e-53	2	CTCCTTTCATGACGAG	5HT
3.22847297021164e-56	1.5467583465461	0.571	0.13	6.27292298112121e-53	2	CTACTATCATGACCCG	5HT
3.45530975608629e-56	1.39722436239196	0.529	0.107	6.71366685607566e-53	2	ATCTCTAAGGTTATAG	5HT
5.42132936330674e-56	1.75358493587587	0.492	0.092	1.0533642952905e-52	2	CACTGGGGTCACGTGC	5HT
1.48736104117273e-55	1.38162675841689	0.492	0.092	2.88994250299861e-52	2	TGCTCGTAGGCACTAG	5HT
2.29783160232577e-55	1.65604010580094	0.54	0.115	4.46468680331896e-52	2	GACTCAACACGTGTGC	5HT
4.54305718187969e-55	1.41761284792229	0.545	0.117	8.82716010439223e-52	2	AGAAATGGTCATCGCG	5HT
6.09385983707189e-55	1.60906165907874	0.481	0.089	1.18403696634307e-51	2	GACTCTCCATCTGCGG	5HT
6.38550487671993e-55	1.5552219599171	0.503	0.098	1.24070359754668e-51	2	ACTTATCTCGGCTGTG	5HT
6.40912296156118e-55	1.469937019265	0.545	0.118	1.24529259143134e-51	2	TTGTTTGTCAAACCTG	5HT
9.68469886439002e-55	1.60551929277351	0.603	0.151	1.88173698935098e-51	2	CACTAAGAGGCCTAAG	5HT
1.86826554807095e-54	1.18534271042601	0.545	0.114	3.63003995990187e-51	2	TCATTGTCAATTTCGG	5HT
2.74451279151797e-54	1.34210684061186	0.577	0.136	5.33258835391942e-51	2	GTAGGTTGTATGCGGA	5HT
3.00653778718576e-54	1.31456932044481	0.529	0.107	5.84170292050194e-51	2	GACTATGCATGTGGTT	5HT
2.33079135960274e-53	1.48219738090738	0.587	0.148	4.52872761170812e-50	2	AGGTAGGCACATTACG	5HT
6.25446970479395e-53	1.24837592048208	0.577	0.137	1.21524346364147e-49	2	TCTCTGGCACACCTGG	5HT
6.83503626905467e-53	1.33139248372556	0.481	0.091	1.32804754707732e-49	2	CCTCACACATGACCCG	5HT
8.63805052968485e-53	1.45434945637061	0.529	0.114	1.67837321791777e-49	2	TAAGTCGCAGGGAATC	5HT
4.07505706436396e-52	1.84792621701477	0.46	0.087	7.91783587605917e-49	2	CGGGTGTGTGCATGAG	5HT
6.32858012494911e-52	1.29143330967218	0.418	0.068	1.22964311827761e-48	2	CACTAAGCACTTGGGC	5HT
6.86655525084404e-52	1.32266882934105	0.476	0.091	1.334171685239e-48	2	GTTCATTTCATGGGAG	5HT
7.16851531323153e-52	1.5956932616021	0.429	0.075	1.39284252536089e-48	2	TTACCGCAGCGCCTAC	5HT
8.73862259105583e-52	1.55229877248935	0.556	0.133	1.69791436944215e-48	2	AGACTCAGTGTGTACT	5HT
2.84594697398701e-51	1.40978485097535	0.476	0.092	5.52967497045676e-48	2	CTAGACAAGCCTCGTG	5HT
4.31033653452245e-51	1.68738176804988	0.46	0.088	8.37498388657713e-48	2	GGGTTATTCAAGCCGC	5HT
1.11988010302596e-50	1.62004638310062	0.503	0.107	2.17592704017945e-47	2	GGGTAGAGTCCCACGA	5HT
1.42145298589357e-50	1.63430732882794	0.519	0.115	2.7618831515912e-47	2	GGTGTTACAAGTGCTT	5HT
7.33208986292096e-50	1.79956111559399	0.455	0.089	1.42462506036554e-46	2	CTGAGCGAGGTCCCGT	5HT
2.04982020029465e-49	1.31199531322365	0.46	0.089	3.9828006491725e-46	2	CCTCCAAGTGCATCTA	5HT
2.06321269103618e-49	1.58952387347659	0.45	0.085	4.00882225868329e-46	2	CTATCCGAGCCTCGTG	5HT
6.79470726790663e-49	1.43923977979792	0.455	0.087	1.32021162215426e-45	2	GAAACCTCACTCAGAT	5HT
1.2088788210057e-48	1.7051728887015	0.413	0.073	2.34885154921407e-45	2	ATCTCTATCGTGGCGT	5HT
1.60799110539978e-48	1.39767213604167	0.508	0.112	3.12432671779177e-45	2	GGGTAGAGTAGCGTAG	5HT
4.95649100810179e-48	1.38902487593284	0.476	0.098	9.63046202874178e-45	2	CCCATTGAGCCATTGT	5HT
6.63842804070768e-48	1.4250702187308	0.429	0.078	1.2898465683095e-44	2	CTGTATTAGAGCAGCT	5HT
1.08101554728087e-47	1.59125008794985	0.524	0.121	2.10041320836673e-44	2	GATTGGTAGAGTCCGA	5HT
2.8085194598545e-47	1.26330470564473	0.503	0.112	5.45695331049729e-44	2	TGCATGATCAGCTTGA	5HT
2.81158751200909e-46	1.61555657569208	0.466	0.099	5.46291453583367e-43	2	AGTAGCTGTTCAGTAC	5HT
4.09937210229828e-46	1.55653264702543	0.444	0.091	7.96507999476555e-43	2	ATTCTACAGTCTTGGT	5HT
5.98897948257122e-46	1.38587266056335	0.476	0.105	1.16365871346359e-42	2	GACCTTCAGCGGTAAC	5HT
8.76424761109863e-46	1.44252577474841	0.434	0.085	1.70289331083646e-42	2	TGATCTTAGGACATCG	5HT
4.76343063183242e-44	1.30287129957857	0.497	0.117	9.2553457176504e-41	2	GTCCTCATCTCAATCT	5HT
4.93294222786557e-44	1.1434206527451	0.593	0.173	9.5847067487428e-41	2	CCACCATAGCTCGAAG	5HT
5.32133481907176e-43	1.7395278239037	0.429	0.092	1.03393535534564e-39	2	CATGCGGTCGCTTAAG	5HT
1.04420439579739e-42	1.45101330436405	0.434	0.092	2.02888914103432e-39	2	GGAATCTCATAGAAAC	5HT
1.64049776260055e-42	1.09958690142003	0.571	0.159	3.18748715273287e-39	2	GCCAACGAGGGAGGAC	5HT
1.09915495717714e-41	1.19527298231967	0.46	0.105	2.13565808179518e-38	2	GACCAATGTTTAGTCG	5HT
1.5721511540462e-41	1.37261507914526	0.566	0.166	3.05468969231177e-38	2	AAAGGTATCGAACTCA	5HT
2.39208133309788e-41	1.70211384441598	0.354	0.061	4.64781403020918e-38	2	CCGAACGTCCACGTAA	5HT
8.48085284754969e-41	1.51615068311879	0.439	0.1	1.6478297082789e-37	2	TCGGGACCAGTTGAAA	5HT
4.69169302684772e-40	1.37737688578543	0.455	0.108	9.11595955116513e-37	2	AGGATCTAGCGTACAG	5HT
2.902732299312e-39	1.77230914344577	0.439	0.105	5.64000885756321e-36	2	ACTCCCAAGCAATTAG	5HT
1.6519567734882e-38	1.17428663113831	0.492	0.134	3.20975201088758e-35	2	GTCCTCACACGGGCTT	5HT
5.09348154914231e-38	1.56511865628444	0.423	0.099	9.89663464998351e-35	2	TTTGGTTCATCCTCAC	5HT
5.12641450048609e-38	1.1589416759418	0.45	0.108	9.96062337444446e-35	2	GGGTGTCGTGCATTTG	5HT
4.06059280282387e-37	1.37234811182196	0.534	0.162	7.88973181588677e-34	2	GACGTTAAGACGGTTG	5HT
5.64508271643133e-37	0.937591900957583	0.55	0.164	1.09683957180261e-33	2	CTTCGGTGTATCTTCT	5HT
1.81459104421254e-36	1.45176693456325	0.386	0.083	3.52575039890496e-33	2	GGGAGATAGTGCGACA	5HT
7.85393652938069e-36	1.2335750373633	0.434	0.108	1.52601986765867e-32	2	GAAGAATTCAGCTGAT	5HT
7.17386149195343e-35	1.5327323605075	0.386	0.088	1.39388128788655e-31	2	TGGAGAGTCGAGTGGA	5HT
3.50557780113507e-34	1.46103048148689	0.333	0.065	6.81133766760543e-31	2	GAGACTTAGCGCCCAT	5HT
1.07108271659051e-33	1.3449357050281	0.37	0.083	2.08111371833536e-30	2	ATTCAGGAGACGAGCT	5HT
1.48092893769452e-33	1.55814715384848	0.307	0.057	2.87744492594045e-30	2	AGGTTACAGGTACAGC	5HT
1.05142694813856e-32	1.41592336074273	0.328	0.066	2.04292256023322e-29	2	AACCTGATCGGTCAGC	5HT
2.0810137473951e-32	1.34223402270894	0.397	0.1	4.04340971118868e-29	2	TTGAGTGGTACCATAC	5HT
1.01602764525835e-31	1.30188321785445	0.402	0.103	1.97414171473698e-28	2	GCAGCCAGTAACAGGC	5HT
3.03115769178182e-29	0.676187421588943	0.439	0.127	5.88953939513208e-26	2	GTTGCGGTCTTCGCTG	5HT
3.75365006760171e-28	0.69640019491466	0.487	0.156	7.29334208135012e-25	2	CAGCGTGGTGGCGCTT	5HT
3.92868657501068e-28	1.51458822123861	0.286	0.058	7.63343801524576e-25	2	TGTCCCAAGACTGTTC	5HT
1.45291989783328e-24	1.18716476621793	0.312	0.077	2.82302336149006e-21	2	TCTTTGAAGAGGCGTT	5HT
2.60105539720247e-24	1.38090278846538	0.275	0.062	5.05385063676441e-21	2	CAAGCTATCAAAGAAC	5HT
5.33352817647085e-22	1.03521247051191	0.291	0.074	1.03630452468829e-18	2	GAAGCCCCAGTCTCTC	5HT
3.13342108913608e-21	0.544597896856362	0.46	0.173	6.08823717619141e-18	2	CCGATGGGTATGGGAC	5HT
7.84519828639592e-20	1.30490311990517	0.328	0.106	1.52432202704673e-16	2	TTCCTTCAGGTTAAAC	5HT
4.05062528271061e-18	0.79387738619883	0.307	0.093	7.87036492430671e-15	2	GTCTACCTCAAGGTGG	5HT
4.92638237039009e-18	1.3621907074587	0.212	0.049	9.57196094566794e-15	2	AGTGCCGGTGAACGGT	5HT
7.00664700891096e-18	1.47980303959714	0.206	0.047	1.3613915138314e-14	2	CTAGACACAGAAACCG	5HT
8.2721779706743e-15	1.31878085608102	0.175	0.041	1.60728417970202e-11	2	GGGTGTCGTAGTGATA	Nos1
2.0462957897117e-12	0.42846823762524	0.307	0.121	3.97595271940984e-09	2	GATTTCTGTTCGGCTG	5HT
1.78953148155963e-10	0.984025869303514	0.175	0.054	3.47705966867036e-07	2	TCACTCGCATGGAAGC	Nos1
4.65128358078339e-10	1.1960654631762	0.19	0.065	9.03744399746213e-07	2	TTAATCCAGTACCCTA	Nos1
3.804084612256e-08	1.13763367039242	0.148	0.05	7.3913364016134e-05	2	TCGTGGGTCCACGGAC	Nos1
5.07064996583413e-08	0.945880092990246	0.175	0.067	9.85227288361572e-05	2	AGGAATAGTTAAGAAC	Nos1
