p_val	avg_log2FC	pct.1	pct.2	p_val_adj	geneCluster	cell	cellType
3.15923027919414e-99	1.7847555802748	0.533	0.067	6.13838443247421e-96	1	CAGATTGAGCCTATTG	Chat2
1.26860061903121e-97	1.97663488803327	0.516	0.062	2.46489100277764e-94	1	AGGAATAAGGTTACCT	Chat2
2.17490428389402e-94	1.87154131825789	0.537	0.075	4.22583902360607e-91	1	AGACACTTCCTAGAGT	Chat1
4.6960541966488e-93	1.99089405762542	0.488	0.056	9.12443330408861e-90	1	AATTTCCGTCACGTGC	Chat2
3.08510617157866e-91	2.11691509930313	0.553	0.085	5.99436129137734e-88	1	CTGTCGTCAGCCTACG	Chat2
3.88442157009936e-91	1.93809544440826	0.463	0.051	7.54743111070305e-88	1	CGTGCTTAGAGTATAC	Chat2
3.36970194940776e-90	1.94940719821689	0.471	0.054	6.54733088769929e-87	1	TCTGTCGTCGATACGT	Chat2
1.69950764646201e-88	1.93573357450795	0.529	0.077	3.30214335707568e-85	1	CAGATCAGTCATTCCC	Chat2
3.94534409675637e-88	2.13121677748296	0.545	0.086	7.66580357999764e-85	1	CATTTCATCATTCACT	Chat2
4.10367251159664e-88	1.96770032860022	0.484	0.061	7.97343569003227e-85	1	TCTGGCTTCCATTTGT	Chat2
2.74139211794431e-87	1.93952629444224	0.426	0.043	5.3265248851658e-84	1	TGCGATAAGCCTCTGG	Chat2
3.12189126156849e-87	2.03726905995278	0.463	0.055	6.06583472122757e-84	1	GACTGATTCCGGTTCT	Chat1
4.03313523043717e-87	1.8059338725875	0.455	0.052	7.83638175273942e-84	1	GACAGCCAGATGCTGG	Chat1
1.48418886616178e-86	2.1349281555951	0.467	0.058	2.88377896695235e-83	1	TCTTAGTGTAGACACG	Chat2
7.99566117307498e-86	1.97065679775887	0.414	0.041	1.55355696592847e-82	1	CATGAGTGTACGTGTT	Chat2
1.54779191733485e-85	1.79965465842435	0.5	0.07	3.00735969538161e-82	1	CTTCCTTGTGCAACGA	Chat2
1.79168621400891e-85	1.82632552052235	0.484	0.065	3.48124631381931e-82	1	TCAGCCTGTTAAAGTG	Chat2
2.94199489734898e-85	1.6595716766529	0.537	0.084	5.71629608554907e-82	1	TCGCACTGTACCCAGC	Chat2
1.03906159230436e-84	1.97881273350301	0.414	0.042	2.01889667384737e-81	1	CGCCATTGTGCGACAA	Chat1
3.74962203813125e-84	1.93603785923046	0.451	0.055	7.28551562008902e-81	1	CGCATGGTCCTGCCAT	Chat2
2.13205919720052e-83	1.74247505547348	0.389	0.035	4.14259102016061e-80	1	ACAGAAAGTGATTGGG	Chat1
6.09228162767067e-83	1.77089911605801	0.43	0.048	1.18373032025641e-79	1	GGGCCATCAGATAAAC	Chat1
2.51995222019845e-82	1.80563402252669	0.447	0.055	4.89626716384558e-79	1	CAACGATGTGAGTTTC	Chat2
5.06203640967766e-82	2.03323899890125	0.43	0.05	9.8355367440037e-79	1	TCAGCCTCACTACAGT	Chat2
1.99379186639771e-80	1.79206855205589	0.471	0.066	3.87393759641075e-77	1	TGCAGTATCAAGTGGG	Chat2
4.45787363109857e-80	1.91524567979004	0.463	0.062	8.66164846522452e-77	1	TCGCTTGGTTATGTCG	Chat2
5.04033441220963e-80	1.79495596575833	0.516	0.084	9.79336976292332e-77	1	AAGTCGTCACAGCTTA	Chat2
8.85655398501656e-80	1.66139034717975	0.475	0.069	1.72082843928872e-76	1	ACGCACGAGGATACCG	Chat2
8.91488677177686e-80	2.26406231482462	0.422	0.05	1.73216249975624e-76	1	TCATACTGTGGAACAC	Chat2
1.75110942173352e-79	2.00020145992656	0.5	0.08	3.40240560642823e-76	1	GGAACCCGTTATAGCC	Chat2
3.27781545603219e-79	2.04579601492633	0.475	0.069	6.36879543107055e-76	1	ACTGTCCGTATCCCAA	Chat2
2.57975038234875e-78	1.93552506451085	0.459	0.064	5.01245499290363e-75	1	GAGACCCTCACCTGGG	Chat3
3.56169994083459e-78	1.79797773814632	0.484	0.074	6.92038298504161e-75	1	TCACACCGTGCTCTCT	Chat1
5.68701501254844e-78	2.03920766648982	0.463	0.065	1.10498701693816e-74	1	CAAGCTATCTGCGAGC	Chat2
7.27153647695258e-78	1.83949069440521	0.467	0.069	1.41285953747189e-74	1	TAACGACAGCAGAAAG	Chat2
7.50560418092663e-78	1.93205585339071	0.377	0.037	1.45833889235404e-74	1	CCAATTTTCCTCGATC	Chat1
1.266036399566e-77	1.76487673927311	0.48	0.072	2.45990872435674e-74	1	AGGCATTTCGACATTG	Chat2
2.65536386559711e-77	1.95737173409067	0.373	0.036	5.15937199085518e-74	1	GTGGTTACAGGCTACC	Chat1
2.79495712909895e-77	1.83245790419142	0.41	0.048	5.43060170183927e-74	1	GTCTTTAGTCGGATTT	Chat2
3.06149620613079e-77	2.2570982084483	0.463	0.066	5.94848712851212e-74	1	GTAAGTCGTTGCATTG	Chat2
3.39504205863901e-77	1.81432537465791	0.422	0.052	6.5965667199356e-74	1	CACTGAAAGAGAGGGC	Chat1
6.70297013066718e-77	1.74359981936524	0.414	0.049	1.30238709638863e-73	1	TACCGGGAGACGAAGA	Chat1
8.32292408086213e-77	1.98226287157795	0.402	0.045	1.61714414891151e-73	1	TACTTCAAGAGCATCG	Chat2
9.09987069457563e-77	1.92497637814517	0.418	0.052	1.76810487595605e-73	1	CAACCTCGTACAGGTG	Chat1
9.42198172683124e-77	1.73215393862494	0.422	0.051	1.83069104952331e-73	1	TATCAGGCATCACGGC	Chat2
1.83184450576637e-76	2.01672231394613	0.43	0.056	3.55927387470405e-73	1	TATTCCATCGCCAATA	Chat3
1.91841384537214e-76	1.97361300482112	0.443	0.059	3.72747810155806e-73	1	TCTTGCGAGTTGTCAC	Chat2
4.41764271866919e-76	1.78957314266015	0.496	0.078	8.58347980237423e-73	1	GGTAGAGGTGAGAACC	Chat2
4.58450019623886e-76	1.86806939896525	0.463	0.068	8.9076838812921e-73	1	ACATGCATCAGACATC	Chat2
5.19150381998614e-76	1.89065712465444	0.41	0.049	1.00870919222331e-72	1	GTACAACAGGTATAGT	Chat2
2.2494080853411e-75	1.69125298463718	0.475	0.073	4.37059990981776e-72	1	CTTCCGACACGCCAGT	Chat2
4.96052382575278e-75	1.81112088151546	0.471	0.072	9.63829779343766e-72	1	CACATGAGTCCGCAGT	Chat1
4.10786683328688e-74	1.66963285756047	0.488	0.079	7.98158525707642e-71	1	GACCGTGAGAGTTGAT	Chat2
4.37411182709677e-74	1.96620277743942	0.373	0.039	8.49889928004903e-71	1	AACAGGGAGCTGGCTC	Chat2
4.93131133703098e-74	1.74100868343887	0.414	0.052	9.58153792785119e-71	1	TGTACAGTCACGAACT	Chat2
7.7801961569339e-74	2.28173722851282	0.369	0.038	1.51169211329226e-70	1	TTGTGGACAACCAACT	Chat1
9.41252447247276e-74	1.87430328262266	0.43	0.059	1.82885350500146e-70	1	TGAGGTTTCCTTGAAG	Chat2
1.16803076557184e-73	2.06383542180793	0.508	0.091	2.26948377750609e-70	1	CATTCATTCCTATTTG	Chat2
1.168267962133e-73	2.00642220698695	0.385	0.044	2.26994465042443e-70	1	ACGTCCTGTACTCGCG	Chat2
2.66065015155149e-73	1.85527836056447	0.381	0.042	5.16964324446455e-70	1	CCCATTGCAACTTGCA	Chat1
3.17678289041061e-73	1.98223541881838	0.352	0.034	6.17248915606781e-70	1	GTCGTAAGTAGCTTTG	Chat1
3.72698251211079e-73	2.03152433676834	0.369	0.04	7.24152702103126e-70	1	TTCCACGTCGTGGACC	Chat1
3.88407751392342e-73	1.94362785089241	0.434	0.062	7.54676260955321e-70	1	TTACCATGTTGGACCC	Chat2
4.56872032659718e-73	1.90431183742612	0.393	0.046	8.87702359457832e-70	1	CCGGGTAAGCTAGAAT	Chat1
5.80003052475883e-73	1.90315131713566	0.393	0.047	1.12694593096064e-69	1	GCCAGCATCTTACTGT	Chat3
8.43957051588004e-73	1.87341489695631	0.475	0.077	1.63980855123549e-69	1	GCAGTTAGTTCATCGA	Chat2
1.03081688503366e-72	1.73390439393481	0.402	0.05	2.0028772076204e-69	1	AACCACAAGCATTGAA	Chat2
1.30116711856513e-72	1.63682067714242	0.381	0.043	2.52816771137204e-69	1	TGCACGGCATCAGCTA	Chat1
1.31702884007708e-72	1.71321472094157	0.422	0.055	2.55898703626977e-69	1	TCAGCAACAAATGCTC	Chat1
5.90037915834083e-72	1.75378274844304	0.385	0.046	1.14644367046562e-68	1	CGGAACCGTAGCGTCC	Chat2
6.52482019763231e-72	1.7787649795673	0.398	0.048	1.26777256439996e-68	1	CTCAATTTCGAACGGA	Chat1
6.79515987482388e-72	1.96413609201415	0.43	0.061	1.32029956367828e-68	1	GCACTAAGTAACACCT	Chat2
1.4207978225975e-71	2.03389625829582	0.439	0.064	2.76061016930695e-68	1	TAATTCCTCTCTGACC	Chat3
1.81309479960843e-71	1.79140839461949	0.426	0.059	3.52284319563919e-68	1	TTAGTCTCAGCAGTGA	Chat3
2.10147459233424e-71	1.93593645599204	0.422	0.059	4.08316513290542e-68	1	ACAAGCTCATGCGGTC	Chat2
2.18523431875642e-71	1.64013359699505	0.422	0.056	4.24591028134373e-68	1	GGTCTGGTCATTCGTT	Chat1
3.25319670272946e-71	2.03276870940168	0.426	0.06	6.32096119340334e-68	1	GTGTTAGAGAGAAGGT	Chat2
3.59306646072982e-71	2.0562849502084	0.398	0.049	6.98132813319804e-68	1	CTAACCCCAACTTCTT	Chat3
6.041881457196e-71	1.75765503662558	0.467	0.076	1.17393756713318e-67	1	TTACCGCGTGGCTAGA	Chat2
6.68336409791428e-71	1.89236233899848	0.393	0.048	1.29857764422474e-67	1	GCAACCGGTCTCTCCA	Chat1
6.99018345107435e-71	1.88205032867864	0.471	0.079	1.35819264454375e-67	1	TAATCTCTCCCGTGAG	Chat2
7.36798193116615e-71	1.94817448903181	0.459	0.072	1.43159888922558e-67	1	GCGTTTCTCCATTCGC	Chat2
9.11201406457394e-71	1.77262892662418	0.426	0.061	1.77046433274672e-67	1	TGATTTCAGACTTCAC	Chat1
1.1678082199961e-70	1.82994838831577	0.41	0.054	2.26905137145242e-67	1	GTGGAAGCATTATGCG	Chat2
1.40754891193968e-70	1.71340068089134	0.393	0.049	2.73486753589879e-67	1	GTTAGACCACCATTCC	Chat1
1.5091012627286e-70	1.79926381992251	0.361	0.038	2.93218375348168e-67	1	GCTACAATCGCATTAG	Chat1
1.55584000600013e-70	1.81818950863897	0.369	0.041	3.02299713165825e-67	1	ATTGTTCCATTGCAAC	Chat1
1.99477792691526e-70	1.69906379116648	0.471	0.079	3.87585351199635e-67	1	CTCATGCCATGTTTGG	Chat2
2.25712263164969e-70	1.69489356587064	0.377	0.043	4.38558927329535e-67	1	CAACCAAGTGCGAACA	Chat3
2.29233585453569e-70	1.95353697343118	0.484	0.084	4.45400856536284e-67	1	GCGTGCAAGGCTCCCA	Chat2
2.95539714292879e-70	1.59586580557743	0.451	0.071	5.74233664871063e-67	1	CTCAATTTCGTCAAAC	Chat1
4.01557072802647e-70	1.94538979632964	0.369	0.042	7.80225392455543e-67	1	CTATCCGGTTGTAGCT	Chat1
5.52618851843816e-70	1.74534898969116	0.414	0.056	1.07373842913254e-66	1	CACTTCGTCCGTGACG	Chat2
5.54928187133057e-70	1.91635696590199	0.381	0.046	1.07822546759953e-66	1	TCAGCCTAGGACAACC	Chat1
1.36110029950461e-69	1.90151095141486	0.385	0.047	2.64461788193745e-66	1	TCAGCCTCAAATTAGG	Chat1
2.8311713112628e-69	1.71466355512117	0.439	0.066	5.50096585778362e-66	1	AGATGAACAGTCTACA	Chat1
3.79327160295081e-69	1.85086473886125	0.385	0.048	7.37032672453341e-66	1	CGAATTGCAGAGGTAC	Chat1
3.87443299699459e-69	1.71595546484993	0.41	0.055	7.52802331316048e-66	1	TCAATTCCATTGCAAC	Chat1
6.610097650406e-69	1.78969961915053	0.377	0.046	1.28434197347389e-65	1	TCTAACTCAGGTCAAG	Chat2
7.27934677828563e-69	1.96933747669373	0.385	0.05	1.4143770790209e-65	1	ATAGGCTAGGTATAGT	Chat1
7.48488491442155e-69	1.98353540764803	0.471	0.085	1.45431313887211e-65	1	AACCATGCAAACTGCT	Chat2
9.35363723929003e-69	1.90210439396278	0.406	0.055	1.81741171559405e-65	1	AACAAGATCGCTGACG	Chat2
1.13802289481827e-68	2.12764957608066	0.381	0.047	2.2111784846319e-65	1	ACGTAACTCCCATGGG	Chat2
2.40313373957866e-68	1.89996886145915	0.389	0.051	4.66928885600134e-65	1	AGGTCATGTGACGCCT	Chat2
3.62104758273537e-68	1.75900792309833	0.402	0.055	7.03569545325482e-65	1	TTTAGTCTCCGACAGC	Chat1
4.1100555912884e-68	1.66730397357707	0.385	0.049	7.98583801387337e-65	1	AACAGGGGTCGTGCCA	Chat1
4.25706552585445e-68	1.61732388758021	0.504	0.096	8.2714783167352e-65	1	AACCTTTGTCGCATTA	Chat1
9.00671384790127e-68	1.55251749985311	0.439	0.069	1.75000450064722e-64	1	AGGCCACGTATCTTCT	Chat2
1.17456319819337e-67	1.71598598021276	0.357	0.041	2.28217629408972e-64	1	GACCTTCCATGAAGGC	Chat1
1.34480862345552e-67	1.58160629396648	0.439	0.069	2.61296315537408e-64	1	CCTCACACACCCAACG	Chat1
1.34490627755107e-67	1.66932855756739	0.365	0.042	2.61315289728173e-64	1	AGGGCTCGTGTCCAAT	Chat1
1.39931460058605e-67	1.87770671227227	0.369	0.044	2.7188682689387e-64	1	AGCGCCAAGATACCAA	Chat3
1.50596113394517e-67	1.67720322954392	0.48	0.085	2.92608248325546e-64	1	CCGCAAGGTCATAGTC	Chat2
1.67182233087937e-67	2.00994736061885	0.389	0.051	3.24835078889862e-64	1	ACTGTGAAGGACAACC	Chat1
2.22861393836492e-67	1.90570798500795	0.398	0.054	4.33019688224305e-64	1	AGATCCAAGCAGGGAG	Chat1
2.30392935112041e-67	2.24038696339057	0.389	0.051	4.47653472922696e-64	1	GGGATCCCAAGAGGTC	Chat1
2.46786730061832e-67	1.71390007139064	0.418	0.062	4.79506616510139e-64	1	TTACGCCCACAGCTTA	Chat2
2.64076016808119e-67	1.4768866760039	0.459	0.076	5.13099700658176e-64	1	ACTCCCAAGGTGAGAA	Chat1
4.4045098073419e-67	1.84636193509371	0.381	0.05	8.55796255566532e-64	1	CCGATCTGTCTAACGT	Chat1
4.9061425503256e-67	2.04310056682316	0.443	0.072	9.53263497528264e-64	1	GGATGTTGTTCTTAGG	Chat2
4.94466705189912e-67	2.04998805806699	0.361	0.042	9.60748808183998e-64	1	GCTGAATCAGCGACCT	Chat3
5.44898562059332e-67	1.68413762581685	0.344	0.036	1.05873790608128e-63	1	GACTATGGTTCCGCGA	Chat1
7.79835955847666e-67	2.03491838573809	0.352	0.039	1.51522126221201e-63	1	ACGGTCGCAGGACGAT	Chat1
1.08023170910238e-66	1.897999549138	0.41	0.059	2.09889021078592e-63	1	AATCACGAGATACAGT	Chat2
1.08910444940133e-66	1.68431327415323	0.41	0.059	2.11612994518678e-63	1	CGTAAGTGTGATGAAT	Chat1
1.18909068755601e-66	1.6661377380388	0.414	0.06	2.31040320592133e-63	1	GATCAGTAGCCTCAGC	Chat3
1.36325206385507e-66	2.10153599074498	0.307	0.027	2.64879876007039e-63	1	TACGGGCTCCGATAAC	Chat1
1.49918681939311e-66	1.6949991999377	0.357	0.041	2.91291999008082e-63	1	ATTCACTTCTCACTCG	Chat1
1.7109212444604e-66	1.7950746121165	0.398	0.055	3.32431997798657e-63	1	TGACTCCAGTCTTCCC	Chat1
1.71455061389001e-66	1.48353954935808	0.422	0.063	3.3313718427883e-63	1	ATCGTAGGTCTCAAGT	Chat3
2.82289430946566e-66	1.71906404158318	0.373	0.047	5.48488364329178e-63	1	AGACCATGTTCGAACT	Chat1
3.5315509867667e-66	1.68590938253332	0.398	0.055	6.86180356728769e-63	1	GTAGAGGGTGACACAG	Chat1
3.7078513383006e-66	1.5905599861108	0.422	0.064	7.20435515031806e-63	1	TATTCCACAGCAGTGA	Chat2
4.24755593445755e-66	1.83262171180376	0.365	0.045	8.25300118065102e-63	1	AAGCGAGAGGTGCTTT	Chat1
5.16236876316615e-66	1.9385533113671	0.373	0.047	1.00304825068318e-62	1	GTTAGACGTGGCAACA	Chat1
6.96116473678049e-66	2.21107886521064	0.357	0.042	1.35255430835645e-62	1	CACTTCGGTCCTTAAG	Chat1
7.07201873692365e-66	1.81631751736385	0.496	0.096	1.37409324058426e-62	1	ATAGACCTCGTCAGAT	Chat3
7.42390788860423e-66	1.57893418169872	0.43	0.068	1.4424653027558e-62	1	GACACGCCACTGCACG	Chat1
9.90204750735301e-66	2.08783950401911	0.41	0.062	1.92396783067869e-62	1	TGTTCCGCAACGGGTA	Chat2
1.00024176748781e-65	1.59722582087086	0.434	0.068	1.94346975422881e-62	1	ATTACCTTCCATAGAC	Chat1
1.78382650122985e-65	1.74872694569386	0.402	0.056	3.4659748918896e-62	1	GACTATGCAACGCCCA	Chat2
2.15822048269356e-65	1.80901405425102	0.348	0.04	4.19342239787358e-62	1	CCGGACAGTGTATCCA	Chat1
2.34359744297714e-65	1.86828808978733	0.373	0.049	4.55360983170459e-62	1	TGTAAGCGTTCATCGA	Chat1
2.80971570058685e-65	1.63974339348836	0.426	0.067	5.45927760624025e-62	1	ATTCTACCAGGTTCAT	Chat2
3.00490592586981e-65	1.97399626910985	0.426	0.066	5.83853221396505e-62	1	TCAATCTCAGCGTAGA	Chat2
3.32593624516715e-65	1.87624314322581	0.303	0.027	6.46229412435977e-62	1	GCCATGGAGTTAGTAG	Chat1
3.58769225745691e-65	1.84038263079754	0.348	0.04	6.97088605623878e-62	1	GTGTTAGTCAGCGTCG	Chat1
3.67571343839708e-65	1.79820424250897	0.406	0.059	7.14191121080553e-62	1	TCACATTTCGGAGATG	Chat2
4.45695943954254e-65	1.69429880919017	0.422	0.065	8.65987219103115e-62	1	TTCCTAAGTTCGGGTC	Chat3
6.77281441748962e-65	1.6475350362578	0.525	0.11	1.31595784131823e-61	1	TTCCAATAGTATGAAC	Chat2
7.51783728924365e-65	2.02748670820864	0.357	0.043	1.46071578530004e-61	1	CACGGGTTCATGCCGG	Chat2
9.33176412968317e-65	1.68285197614818	0.381	0.052	1.81316177039744e-61	1	GGTTAACCATCATCCC	Chat1
1.35144689781919e-64	1.86285495888701	0.332	0.036	2.62586132246269e-61	1	CGTAATGAGTAAACTG	Chat1
1.39940210973099e-64	1.74495931151478	0.398	0.056	2.71903829920731e-61	1	AACCTTTAGAGGTATT	Chat2
1.70601085798181e-64	1.96490680266912	0.365	0.047	3.31477909705866e-61	1	GACGCTGGTCTGATCA	Chat1
1.77405828720277e-64	1.80566787266077	0.41	0.063	3.44699525203498e-61	1	CCATCACGTTTGTTCT	Chat3
2.00877955491632e-64	1.86637286133984	0.422	0.067	3.90305867520241e-61	1	ACTTAGGGTATGGTTC	Chat3
2.41241597734922e-64	1.94223550378768	0.357	0.044	4.68732424398953e-61	1	AGGGTTTTCTGACGCG	Chat2
2.46983536702677e-64	1.65625069462192	0.389	0.054	4.79889011813301e-61	1	TTCCACGGTTAGAAAC	Chat1
2.56696985619888e-64	1.75463472864961	0.418	0.067	4.98762243059443e-61	1	TTCGATTAGTGCACTT	Chat1
3.12799547600793e-64	1.46987884499865	0.447	0.076	6.07769520988341e-61	1	AGTAACCCATGCCATA	Chat1
3.16475045310536e-64	1.76830714842173	0.369	0.048	6.14911013038371e-61	1	ATGGGTTCATAATCCG	Chat1
3.29659252472384e-64	1.52462679586554	0.361	0.045	6.40527927553843e-61	1	AGAAGCGGTCCACTCT	Chat1
3.46256103305603e-64	1.69411233303948	0.414	0.064	6.72775608722787e-61	1	CTCAGTCAGACTCCGC	Chat1
4.11956813812706e-64	1.40195305698916	0.439	0.073	8.00432089238088e-61	1	GTGCACGTCGGCACTG	Chat2
4.20595762542398e-64	1.83780418591431	0.385	0.054	8.17217566619879e-61	1	CCGTTCACAGAGAATT	Chat2
4.3245578344019e-64	1.73360854515654	0.377	0.05	8.40261587224289e-61	1	ATTTACCGTGGGACAT	Chat1
6.09258063083075e-64	1.84847844596908	0.389	0.055	1.18378841657041e-60	1	CCCGGAAGTTGCATCA	Chat3
6.44020754737305e-64	1.69639831903585	0.402	0.06	1.25133232645458e-60	1	TTCCTAACAACGTAAA	Chat2
7.13462217782497e-64	1.60056588263337	0.373	0.049	1.38625708915139e-60	1	TTTCGATAGTTCTCTT	Chat1
8.04537882279489e-64	1.75974944807151	0.369	0.049	1.56321710526905e-60	1	GTTCGCTCAGACCTAT	Chat1
8.56878413567078e-64	1.82376048204439	0.377	0.052	1.66491475756083e-60	1	GGAGGATTCATTACCT	Chat2
9.30796683023574e-64	1.83641597226459	0.34	0.039	1.8085379551148e-60	1	GGTAGAGCATGAGGGT	Chat1
1.04358530804167e-63	2.02139096617468	0.254	0.016	2.02768625352497e-60	1	GAGAAATCAACTCGAT	Chat1
2.1119395972172e-63	1.72975511452869	0.398	0.059	4.10349863739303e-60	1	AGCGCTGAGGCATGCA	Chat2
2.74695993168712e-63	1.59083579156065	0.381	0.052	5.33734314726807e-60	1	GATGCTACAGAGGCAT	Chat2
2.755195725908e-63	1.8713007932633	0.406	0.064	5.35334529543924e-60	1	CCACGTTAGAATAACC	Chat1
4.42766833659443e-63	1.77332705984427	0.398	0.06	8.60295957800297e-60	1	AAATGGAAGCTAATGA	Chat1
5.71891489003742e-63	1.96370370328944	0.43	0.073	1.11118516313427e-59	1	TAGATCGTCTTGCGCT	Chat2
1.20375949635122e-62	1.75173787540105	0.422	0.07	2.33890470141042e-59	1	TCCTTCTTCAGTCTTT	Chat2
1.40576637435065e-62	1.75215381974478	0.393	0.059	2.73140406536331e-59	1	CACAGGCTCCATACTT	Chat2
1.60957901834861e-62	1.58636981674819	0.414	0.065	3.12741203265136e-59	1	CCCGGAACAATAGTCC	Chat1
2.45469083602819e-62	1.73716769241427	0.365	0.048	4.76946429440277e-59	1	GAGGCAATCGACGAGA	Chat1
2.94238688356351e-62	1.35152362058385	0.426	0.071	5.7170577147639e-59	1	TTCCGGTAGAAGTCAT	Chat1
3.90760543790303e-62	1.66300783146711	0.357	0.046	7.59247736584558e-59	1	GCCATTCAGAAATCCA	Chat3
5.35202246253079e-62	1.85864606090437	0.402	0.062	1.03989796446973e-58	1	TCTCCGATCCTGCTAC	Chat2
6.31329865810553e-62	1.75271126722541	0.361	0.047	1.2266739292699e-58	1	GAGAGGTGTGGAGAAA	Chat1
8.17990924271338e-62	1.8082754133404	0.434	0.075	1.58935636585921e-58	1	TTGCTGCGTGCTTCAA	Chat2
1.18167070429054e-61	1.96221668225373	0.357	0.047	2.29598617843653e-58	1	TACATTCAGTCCCAAT	Chat1
1.19335463900086e-61	1.88377432822358	0.328	0.037	2.31868806357868e-58	1	CAGCAGCTCGCGTAGC	Chat1
1.96141053720882e-61	1.94515355466079	0.377	0.054	3.81102067379674e-58	1	AACAAAGTCCCAATAG	Chat1
2.22232108276426e-61	1.71211381444889	0.41	0.065	4.31796986381097e-58	1	ACAACCATCAAGCTGT	Chat1
3.03877252152645e-61	1.84985951621114	0.332	0.038	5.9043350093259e-58	1	TCTCAGCAGTGAGTGC	Chat1
4.1921296112113e-61	2.16673524660204	0.336	0.04	8.14530783458356e-58	1	ATCAGGTCAATGGCCC	Chat1
4.2107804556698e-61	1.63451890966504	0.389	0.059	8.18154642536642e-58	1	CACACAAAGCATCTTG	Chat1
4.29055380638318e-61	1.72937664128997	0.32	0.035	8.33654604580252e-58	1	CGAAGGATCCTTCAGC	Chat1
6.0160418931327e-61	1.93107674083213	0.34	0.042	1.16891693983568e-57	1	AAGTACCGTAGAAACT	Chat3
6.02228240410049e-61	1.73798053847317	0.348	0.044	1.17012947111673e-57	1	CATTCTATCTCGTCAC	Chat1
6.38849663933547e-61	1.75522116158983	0.373	0.052	1.24128489702288e-57	1	AGGGTCCGTGCACAAG	Chat2
1.00365801672183e-60	1.79369271144298	0.352	0.046	1.95010752649052e-57	1	AGCGATTGTAAGTCAA	Chat2
1.07527893405213e-60	1.74361350182835	0.422	0.071	2.08926696886328e-57	1	GCGTTTCTCGCCGAAC	Chat2
1.17373087774713e-60	1.83490702915506	0.32	0.036	2.28055909546268e-57	1	TTAATCCAGATGTTCC	Chat2
1.44386636377201e-60	1.22519342259827	0.414	0.067	2.80543234480901e-57	1	ACGTTCCCACTTTAGG	Chat1
1.51260028330764e-60	1.60794428589585	0.336	0.04	2.93898235046675e-57	1	GTAGAGGCAGGCATTT	Chat1
1.69793565242382e-60	1.70142858060306	0.369	0.052	3.29908897265947e-57	1	CATCGTCAGATGTAGT	Chat1
2.62398565375002e-60	1.83854239867706	0.369	0.053	5.09840412523628e-57	1	GGGACAATCAAGCCGC	Chat1
2.9382700671974e-60	1.97610681761393	0.361	0.049	5.70905874056455e-57	1	GTCTGTCTCTTTGCGC	Chat3
2.96485680947135e-60	1.56312043634562	0.381	0.056	5.76071678080283e-57	1	GTCCCATTCTGGGCAC	Chat1
3.72739980060903e-60	1.87507938430088	0.381	0.058	7.24233781258335e-57	1	ATCCTATTCATTACTC	Chat2
4.14374969275103e-60	1.77042469924019	0.414	0.071	8.05130565301525e-57	1	TACCCGTCACATCATG	Chat3
6.28993594380497e-60	1.1136056661008	0.414	0.067	1.22213455388131e-56	1	GGTTGTACAGTAGAAT	Chat1
6.32396814295565e-60	1.84717244259315	0.357	0.049	1.22874701017628e-56	1	TATTGCTTCGAGCACC	Chat1
7.4429319391042e-60	1.71457549813356	0.361	0.05	1.44616167576795e-56	1	TCAAGTGAGGTCCCGT	Chat1
1.0345202363767e-59	1.82940546249302	0.32	0.036	2.01007281927992e-56	1	GCGATCGTCACGACTA	Chat2
1.11963383566812e-59	1.66967590573438	0.414	0.071	2.17544854270315e-56	1	TTCTTCCGTATGATCC	Chat1
1.15019203174027e-59	1.5999972042868	0.393	0.062	2.23482311767134e-56	1	ACTTTCACACCAGTAT	Chat1
1.51939890694081e-59	1.51388184886672	0.344	0.044	2.95219207618599e-56	1	TACCCGTTCGCATGAT	Chat1
2.07203225271494e-59	1.78147420003347	0.344	0.045	4.02595866702513e-56	1	GAGACCCAGTGGATTA	Chat1
2.33789804022064e-59	1.48140454948937	0.385	0.06	4.5425358921487e-56	1	AAGACTCTCTCACGAA	Chat1
2.39999472190046e-59	1.90675217205187	0.43	0.081	4.66318974465259e-56	1	AAGACTCCATCACGGC	Chat1
3.72431091872111e-59	1.8070582728892	0.406	0.067	7.23633611507512e-56	1	GAGAGGTAGTCAGCGA	Chat2
4.42484173089204e-59	1.6822561329404	0.365	0.052	8.59746748312322e-56	1	TCATGAGAGCACACAG	Chat1
4.79178946623307e-59	1.75769662068352	0.369	0.055	9.31044693289085e-56	1	TCAGTCCTCAAGTCTG	Chat1
5.64708777560299e-59	1.77304685824018	0.369	0.054	1.09722915479966e-55	1	TTGCATTCAGCTTCCT	Chat1
5.69359632833617e-59	1.74529752624882	0.369	0.054	1.10626576659572e-55	1	GAGGGTACAATCACGT	Chat1
5.83852131514299e-59	1.73008830933217	0.393	0.063	1.13442469153228e-55	1	ACTTATCGTTACCTTT	Chat1
6.33023633820805e-59	1.63662470440257	0.414	0.071	1.22996492051382e-55	1	TCATGGACAATCGCAT	Chat2
7.75817052413826e-59	1.70139553825631	0.381	0.059	1.50741253284006e-55	1	CATTCATCAATCGAAA	Chat1
1.02803502075426e-58	1.62064054499384	0.381	0.058	1.99747204532552e-55	1	TGCGACGCACCAAATC	Chat1
1.29894188295884e-58	1.57818692290065	0.352	0.048	2.52384407858902e-55	1	AGACCCGCAGAGGTAC	Chat3
1.92583538082294e-58	1.68685184721077	0.299	0.031	3.74189814493898e-55	1	TGGATGTGTAGGATAT	Chat1
2.11929483707439e-58	1.95217746008598	0.328	0.04	4.11778986843554e-55	1	TTCCAATCATCAGTCA	Chat1
2.34974936854597e-58	1.70384488518882	0.385	0.06	4.56556302308482e-55	1	TCCGTGTCAATGTCTG	Chat1
2.43278256063494e-58	1.86252117818323	0.307	0.034	4.72689651531368e-55	1	ATCCTATCAGTCGGAA	Chat1
2.9137096338891e-58	1.65356623872572	0.385	0.06	5.66133781864653e-55	1	CTACAGACAACCAATC	Chat1
3.34371219796784e-58	1.77900864627421	0.352	0.05	6.49683280065151e-55	1	AGTACTGAGTGTACCT	Chat1
3.59073187778291e-58	1.93340235988327	0.311	0.036	6.9767920385322e-55	1	ATCAGGTAGAGTCGAC	Chat1
5.32458968470631e-58	2.12941822773879	0.34	0.046	1.03456777573844e-54	1	TCTCTGGGTGGTCCGT	Chat1
6.14286655437406e-58	2.0121082900361	0.287	0.028	1.19355897151488e-54	1	TCCGATCCAATCCTTT	Chat1
9.37637866233738e-58	1.80539877953167	0.291	0.03	1.82183037409215e-54	1	GTTAGTGCAAATTAGG	Chat1
9.7590430422961e-58	1.79803803012807	0.402	0.068	1.89618206311813e-54	1	CTACCCACATCATCCC	Chat1
1.24282655299854e-57	1.82409278690767	0.373	0.056	2.41481199247616e-54	1	GGGTCTGGTACCTTCC	Chat3
1.91865403318525e-57	1.78860476993877	0.344	0.047	3.72794478647893e-54	1	TCATTGTGTTTGGAGG	Chat1
2.06339752565028e-57	1.76156542662815	0.357	0.051	4.00918139233849e-54	1	TTCAGGAGTGTTTCTT	Chat1
2.32445252015529e-57	1.76643114739906	0.475	0.1	4.51641124666173e-54	1	TATATCCTCCCGAAAT	Chat2
2.36738823560665e-57	1.82454380509246	0.316	0.038	4.59983534178371e-54	1	TCGTGCTCAGATTAAG	Chat1
2.5993223574812e-57	1.66501817516861	0.32	0.038	5.05048334058597e-54	1	AGATCGTAGTCTGCAT	Chat1
2.85747309340696e-57	1.72093463864156	0.344	0.046	5.55207022048972e-54	1	CGGACACCAGCGTTGC	Chat1
2.95179535685646e-57	1.60473836884379	0.373	0.058	5.7353383783721e-54	1	GCACTAACATCCAACA	Chat1
4.00450519006215e-57	1.78570346583457	0.32	0.04	7.78075358429076e-54	1	CGTTCTGTCATACGGT	Chat1
4.18573853351812e-57	2.3766464704774	0.266	0.024	8.13288997062571e-54	1	GCAGTTAGTTGTGCCG	Chat1
5.17044206936615e-57	1.3748842373854	0.389	0.063	1.00461689407784e-53	1	CGCATGGGTAATGCGG	Chat3
7.7752420632305e-57	1.92606039511306	0.291	0.031	1.51072953288569e-53	1	GATCGTATCTGAGAAA	Chat2
8.21929711416961e-57	1.81758819771573	0.439	0.085	1.59700942928315e-53	1	GTTACAGAGGTAACTA	Chat2
9.96673932090197e-57	1.72005419095053	0.336	0.044	1.93653745005125e-53	1	GCATCTCGTGATAGAT	Chat3
1.31497181526117e-56	1.70929304817777	0.348	0.05	2.55499023705244e-53	1	ATGGATCTCTCGGGAC	Chat1
1.43659955765116e-56	1.7727923592811	0.32	0.039	2.7913129405162e-53	1	GAAGGACTCGGCTATA	Chat3
1.45289427514338e-56	1.70677298463556	0.336	0.045	2.82297357660358e-53	1	CCCTGATCAATGTGGG	Chat1
1.55856283782917e-56	1.68128442939811	0.402	0.07	3.02828759390208e-53	1	AGAAATGTCTATACTC	Chat2
1.82233890914135e-56	1.82101858910187	0.336	0.046	3.54080450046164e-53	1	CCATAAGGTCGTTATG	Chat1
1.96299061568191e-56	1.65407014245135	0.361	0.055	3.81409076626995e-53	1	ATCCTATCAGGCACAA	Chat1
1.97196234931824e-56	1.56814763122797	0.357	0.052	3.83152284472533e-53	1	CTAACTTAGGAGTCTG	Chat1
2.22439360823805e-56	1.65366761351123	0.369	0.058	4.32199678080653e-53	1	CGAAGTTGTGGTCTAT	Chat2
2.41359730634831e-56	1.47467790853979	0.32	0.039	4.68961956623477e-53	1	AAGCGTTGTATGAGGC	Chat1
2.66054794670553e-56	1.65069844862795	0.377	0.062	5.16944466044884e-53	1	AGACAGGAGGTAAGGA	Chat1
2.91382138114498e-56	1.29480660849957	0.385	0.062	5.66155494356469e-53	1	CACTGTCCATAGAATG	Chat1
3.54468030932688e-56	1.76611689061675	0.299	0.034	6.88731384102213e-53	1	ACGTAGTTCTTGGAAC	Chat1
3.87540680736493e-56	1.59801013130003	0.299	0.033	7.52991542671006e-53	1	AAGACTCGTGGCTAGA	Chat1
4.87949677666883e-56	2.00333653544148	0.357	0.052	9.48086223706754e-53	1	AGAGCAGAGTGGACTG	Chat3
5.48789665890967e-56	1.68582651479381	0.34	0.047	1.06629832082615e-52	1	CGGGTCATCTGCAGCG	Chat1
5.80687356912639e-56	1.78538274718349	0.344	0.048	1.12827553448126e-52	1	TCCGTGTGTCTACACA	Chat1
6.22029945010378e-56	1.80974765203541	0.406	0.072	1.20860418315516e-52	1	ACAGCCGTCGGACTGC	Chat2
6.56039786857449e-56	1.84094569596274	0.344	0.05	1.27468530586402e-52	1	TCGGGCACACTTTATC	Chat1
7.12526376520136e-56	1.63538046799093	0.324	0.042	1.38443874957862e-52	1	GCTACAATCGACCATA	Chat1
7.34796704429521e-56	1.80389330613197	0.385	0.065	1.42770999670656e-52	1	CGCCATTGTCTTCAAG	Chat1
7.67958438641602e-56	1.75497554242723	0.344	0.049	1.49214324628063e-52	1	GTTCCGTCAACTGCCG	Chat1
9.65414701116764e-56	1.70128177143788	0.352	0.053	1.87580076426987e-52	1	AGTGCCGTCCATGAGT	Chat1
1.10477394437097e-55	2.22319039222135	0.381	0.064	2.14657577391279e-52	1	TTCTGTACAGCGAGTA	Chat2
1.12291900240707e-55	1.48049211969073	0.357	0.053	2.18183162167694e-52	1	CACACAAGTCTAGGTT	Chat1
1.68542042343981e-55	1.78493782810262	0.463	0.098	3.27477188274354e-52	1	GTGCTGGCAGTCGGTC	Chat3
2.10058582392478e-55	1.52455653470736	0.377	0.062	4.08143825588584e-52	1	CCTGCATGTGTTGCCG	Chat1
2.71245770648695e-55	1.76023724389907	0.295	0.033	5.27030532370415e-52	1	CGTCAAATCGGCTGGT	Chat1
2.81869738027979e-55	1.53333842917563	0.369	0.058	5.47672900988363e-52	1	CCCGGAAAGGTAGATT	Chat1
3.23075438459482e-55	1.45470985473994	0.373	0.059	6.27735576926774e-52	1	TCATCCGCACATCCCT	Chat1
3.3892762841574e-55	1.70263519496575	0.324	0.042	6.58536382011783e-52	1	TCCCACAGTAGATTAG	Chat1
3.71331351678264e-55	1.72898670721114	0.283	0.03	7.21496816310867e-52	1	CATGAGTGTGCTAGCC	Chat1
6.36880148534985e-55	1.87138401145766	0.307	0.038	1.23745812860348e-51	1	AGGTGTTCAGCACAGA	Chat1
7.40107318532591e-55	1.8265683200296	0.34	0.049	1.43802851990882e-51	1	TATTGCTGTAATGATG	Chat1
7.40735193295662e-55	1.57739297585569	0.504	0.121	1.43924848057347e-51	1	AACCTTTAGTCAGCCC	Chat2
7.72532802478853e-55	1.63607534800174	0.336	0.047	1.50103123521641e-51	1	TCCGATCGTAGCGTAG	Chat1
7.76888083229657e-55	1.84936572579523	0.336	0.047	1.50949354571522e-51	1	TCGTCCACATGTTCGA	Chat1
8.45432177417402e-55	1.74762094028444	0.357	0.056	1.64267472072201e-51	1	CATCAAGCAAGCACAG	Chat1
9.19326063424533e-55	2.03890318800144	0.328	0.045	1.78625054123387e-51	1	AGGGTGATCAGGCGAA	Chat1
9.54625357662498e-55	1.50566072927294	0.48	0.108	1.85483706993823e-51	1	CTACCCAGTTTGATCG	Chat2
1.02104546885159e-54	1.94611469570251	0.295	0.034	1.98389134597865e-51	1	GTATTTCGTAAGATTG	Chat1
1.28056097750851e-54	1.77064858653166	0.332	0.046	2.48812997929903e-51	1	TCGATTTCATGACCCG	Chat3
1.32553381022079e-54	1.59261235106153	0.373	0.061	2.575512193259e-51	1	CTGTACCCAGTGTGCC	Chat3
1.45504087285037e-54	1.88529189565151	0.344	0.05	2.82714441594827e-51	1	CATTCTATCTCCGTGT	Chat1
1.54885468116886e-54	1.71222630708465	0.332	0.046	3.0094246455111e-51	1	TGGATCATCGCTACAA	Chat1
1.64304516295423e-54	1.67295730499171	0.332	0.046	3.19243675162007e-51	1	TTCACCGTCCTAGCCT	Chat1
1.72678360640504e-54	1.79284669959529	0.32	0.041	3.35514054724499e-51	1	ACATCGAGTAAGGAGA	Chat1
1.89828171364159e-54	1.68817429771373	0.303	0.036	3.68836136960562e-51	1	GTAGAAATCGAGAAGC	Chat1
2.02077358824563e-54	1.68591238538855	0.258	0.023	3.92636308196126e-51	1	CGCATAAAGGCGTTAG	Chat1
2.63450713066479e-54	1.80580979008058	0.307	0.038	5.11884735488168e-51	1	GTAGAGGAGAGCATCG	Chat1
2.84612159067427e-54	1.73870976357322	0.311	0.039	5.5300142506801e-51	1	TACCGGGTCAGTGGGA	Chat1
2.96364206683253e-54	1.76165850049527	0.357	0.055	5.7583565358556e-51	1	GTCGTAATCATGCTAG	Chat1
3.06522341880259e-54	1.77472397198403	0.311	0.04	5.95572910273342e-51	1	CACAACAAGCATTGAA	Chat1
3.67540044249899e-54	1.477012025312	0.348	0.052	7.14130305977555e-51	1	CCTATCGGTTGCATTG	Chat1
6.19471470559921e-54	1.8391233093049	0.336	0.049	1.20363306729793e-50	1	CGTAATGAGTAGGTTA	Chat1
6.36365819016403e-54	1.75873963600614	0.361	0.056	1.23645878634887e-50	1	GTAGATCGTAGCTGCC	Chat3
7.54908323826046e-54	1.72691828530153	0.328	0.046	1.46678687319401e-50	1	GAGCCTGGTTAATGAG	Chat1
8.46815547864471e-54	1.63312753237501	0.348	0.053	1.64536260950067e-50	1	TCGCAGGGTTCATCGA	Chat1
1.10257548191382e-53	1.45215387769204	0.32	0.042	2.14230416135856e-50	1	CCTCACAAGTGGCAGT	Chat2
1.61168349961805e-53	1.60206495792066	0.373	0.062	3.13150103975787e-50	1	CAAGAGGCACCTATCC	Chat1
1.87981491356015e-53	1.61003332224897	0.377	0.064	3.65248037704738e-50	1	GTAGAAAGTCCCTAAA	Chat1
1.96676234699499e-53	1.42289212467299	0.336	0.049	3.82141924021126e-50	1	GCAGGCTCAGCATTGT	Chat1
1.97730552570091e-53	1.85756697074018	0.303	0.038	3.84190463643687e-50	1	AGGGCCTGTCAACCAT	Chat1
2.1998534595756e-53	1.62129027012247	0.398	0.073	4.27431527195539e-50	1	AAGCGAGGTGAATATG	Chat2
2.30231187684167e-53	1.75432839857141	0.332	0.048	4.47339197670337e-50	1	CCTCACAAGGAACGAA	Chat1
2.31155705050518e-53	1.54307391085757	0.389	0.07	4.49135534913157e-50	1	TGTTGAGGTCTTGTCC	Chat1
2.39948773379161e-53	1.86806391935221	0.279	0.03	4.6622046667571e-50	1	GTGAGTTCACCGCTGA	Chat1
2.73305440680619e-53	2.08600715536279	0.332	0.048	5.31032471242443e-50	1	CAAGACTGTCGTCGGT	Chat3
2.86383014717123e-53	1.77695492237248	0.348	0.055	5.5644219759537e-50	1	GAGATGGAGCGGTAGT	Chat1
3.00272672946437e-53	1.75065035539284	0.279	0.031	5.83429803534926e-50	1	TCCGTGTCATGTGGTT	Chat1
3.10288724093371e-53	1.77406541818967	0.316	0.042	6.02890990913419e-50	1	TGTTACTAGATGCCGA	Chat1
3.3153752570352e-53	1.68859624940802	0.332	0.047	6.44177412441938e-50	1	AGTGATCTCCGATCTC	Chat1
3.70078740825138e-53	1.51802372050642	0.393	0.072	7.19062993423242e-50	1	ACGTTCCTCACTCTTA	Chat1
4.44279097670534e-53	2.00011812967728	0.352	0.055	8.63234286773847e-50	1	AGCTACATCATCCTGC	Chat3
5.12475708557305e-53	1.69853471761812	0.398	0.073	9.95740301726844e-50	1	TACTTCATCTTCGCTG	Chat1
5.9982110527997e-53	1.81078890411423	0.303	0.038	1.16545240755898e-49	1	CTCCTTTGTCGCGTCA	Chat3
6.9532205175781e-53	1.72236561568965	0.32	0.043	1.35101074656543e-49	1	TCAAGTGAGATCCGAG	Chat1
1.11145605379746e-52	1.79677451403179	0.238	0.019	2.15955911252847e-49	1	CGTGTCTGTGCTCTCT	Chat1
1.11332597717154e-52	1.96225403070372	0.344	0.054	2.1631923736443e-49	1	TCCATCGTCTGAGCAT	Chat2
1.19254738399145e-52	1.74303614301368	0.357	0.058	2.31711956709538e-49	1	TCTGCCATCCGATCGG	Chat1
1.2008672446392e-52	1.52300766421122	0.336	0.05	2.33328505633396e-49	1	GCCTGTTCACTGTTCC	Chat1
1.21318287872237e-52	1.68435711306313	0.328	0.047	2.35721433335756e-49	1	AATGCCAAGATTAGCA	Chat1
1.22222093594602e-52	1.62687887690068	0.361	0.059	2.37477527854312e-49	1	CTTTCGGTCTCTCGAC	Chat1
1.43412918628085e-52	1.3330926079051	0.348	0.053	2.78651300894369e-49	1	GTGTTAGGTACTCCGG	Chat1
1.49852745858075e-52	1.80974030434048	0.32	0.044	2.91163885202239e-49	1	TTGTTTGGTGGCTTGC	Chat1
1.55844862293806e-52	1.57449473083733	0.332	0.048	3.02806567436865e-49	1	GCCAACGTCGGTCAGC	Chat1
1.58410891896369e-52	1.61478355672898	0.316	0.042	3.07792362954644e-49	1	GACACGCGTTCGAAGG	Chat1
1.67629549983114e-52	1.57735164768963	0.332	0.048	3.2570421561719e-49	1	GCAACATCAATTGTGC	Chat1
1.91492806070878e-52	1.59772985045628	0.311	0.042	3.72070522195716e-49	1	GCCCAGAGTCAGATTC	Chat1
2.01795014619136e-52	1.68177940359482	0.344	0.052	3.9208771340498e-49	1	CGGAGAAGTGAGAGGG	Chat1
2.20908235281886e-52	1.68696902076455	0.299	0.038	4.29224701152705e-49	1	ACAGAAACAAATGCTC	Chat1
2.21875683153017e-52	1.68866640463643	0.344	0.054	4.31104452366313e-49	1	GACTATGGTTGCGTAT	Chat1
2.59689313420499e-52	1.95328586949355	0.324	0.047	5.0457633597603e-49	1	GACACGCTCGTGAGAG	Chat1
2.94725082451456e-52	1.85512803685291	0.299	0.038	5.72650835203178e-49	1	ACAAAGATCGCTGTTC	Chat1
3.14034216434626e-52	1.85559450168349	0.332	0.05	6.10168482532478e-49	1	TCCTGCACATTCCTAT	Chat1
3.30846434293943e-52	1.55002567096719	0.324	0.046	6.4283462183313e-49	1	ATCCTATCATAGATGA	Chat1
3.96387951853571e-52	2.03623034191671	0.361	0.059	7.70181790451488e-49	1	CTGCATCGTCCGGTCA	Chat2
6.2239922696494e-52	1.93420295071322	0.287	0.034	1.20932169799288e-48	1	CTAGGTACATGATCTG	Chat1
8.3673901448932e-52	1.92293960651631	0.32	0.045	1.62578390515275e-48	1	CCGTTCACACTATGTG	Chat3
8.77441830958435e-52	1.83670215916701	0.307	0.04	1.70486947755224e-48	1	CTGCCTACACGCAAAG	Chat2
8.80511234594574e-52	1.39587061641387	0.426	0.085	1.71083332881726e-48	1	TCTATACCAAGTCGTT	Chat2
9.36029833580014e-52	1.57759917453966	0.512	0.136	1.81870596664597e-48	1	GCCATTCAGTTGCATC	Chat2
1.12864292520765e-51	1.98270235583461	0.307	0.04	2.19295320367847e-48	1	AACGAAAAGGAACTAT	Chat3
1.14362274650757e-51	1.69056263811284	0.303	0.039	2.2220589964642e-48	1	AAACGCTAGCGACAGT	Chat1
1.58017816102485e-51	1.67394199505425	0.311	0.042	3.07028616687128e-48	1	ACGGAAGCAAATGAGT	Chat1
1.85393729234644e-51	1.63842276525398	0.283	0.032	3.60220015902914e-48	1	CATGAGTAGCAAGCCA	Chat1
1.96755052624053e-51	1.46190961786285	0.422	0.087	3.82295067248535e-48	1	GCAACATTCTAGTTCT	Chat2
2.26166349556302e-51	1.51282360193308	0.307	0.04	4.39441217187895e-48	1	CCACAAAAGGACAACC	Chat1
2.79526709565339e-51	1.5786138735568	0.303	0.04	5.43120396685453e-48	1	TTCATGTAGGAATTAC	Chat1
3.65009842020271e-51	1.59639073477362	0.377	0.068	7.09214123045386e-48	1	CCCAACTGTACTGCCG	Chat1
4.39660242157359e-51	1.77985344684103	0.266	0.028	8.54259850511748e-48	1	GCCCGAAGTGTTCGTA	Chat1
4.74154937719062e-51	1.36393380697846	0.369	0.064	9.21283043988137e-48	1	AATGCCAAGCTGACAG	Chat3
5.21853321959423e-51	1.81888783751941	0.336	0.051	1.01396100456716e-47	1	TTGCGTCCAAGCTCTA	Chat3
5.43066647130414e-51	1.63382187743673	0.418	0.085	1.05517849537439e-47	1	ACCTGAAAGTTGCGAG	Chat2
6.1515477322713e-51	1.64359311041321	0.373	0.065	1.19524572438031e-47	1	CCCATTGTCGAGAATA	Chat3
6.36169012571435e-51	1.71006009803307	0.369	0.063	1.2360763914263e-47	1	AGTACTGGTCCCTAAA	Chat3
6.40424487334878e-51	1.81445050782042	0.234	0.02	1.24434477889167e-47	1	AGGGTTTCAGGCGAAT	Chat1
6.50879175153326e-51	1.60303770954455	0.307	0.042	1.26465823732291e-47	1	GCAACCGTCCGAGGCT	Chat1
7.00717064605939e-51	1.47670359796257	0.455	0.101	1.36149325652934e-47	1	TCGCTTGAGAGTGTTA	Chat2
7.65689840071673e-51	1.73883450218686	0.299	0.039	1.48773535925926e-47	1	GAACTGTAGGCCCAAA	Chat1
7.9713571497633e-51	1.40541190836224	0.34	0.053	1.54883469419901e-47	1	TATGTTCGTCCAAATC	Chat1
9.06221637682503e-51	1.66010524106447	0.32	0.047	1.7607886420171e-47	1	ACTATCTCACACAGAG	Chat1
9.17071913173091e-51	1.5931379454355	0.369	0.065	1.78187072729532e-47	1	TGCAGTAAGCCTAACT	Chat1
9.77454592560828e-51	1.58584834299214	0.332	0.05	1.89919427334569e-47	1	GTGTGATCAAGAATGT	Chat1
1.12695615881852e-50	1.58346029068924	0.332	0.05	2.18967581658439e-47	1	GTCTTTACATGACCCG	Chat1
1.26437106646208e-50	1.57295783316018	0.299	0.039	2.45667298213583e-47	1	TACAACGTCGGAACTT	Chat1
1.31655757545273e-50	1.53065177615397	0.336	0.052	2.55807136910465e-47	1	GGGTAGAAGTCATTGC	Chat1
1.43753278713687e-50	1.62770765537941	0.316	0.045	2.79312620540693e-47	1	GGGCCATCACGTCGGT	Chat1
1.618929685854e-50	1.76460540653738	0.34	0.055	3.14558037961432e-47	1	CTCAATTGTATGTCCA	Chat1
1.65520552053523e-50	1.63353868427846	0.32	0.047	3.21606432639995e-47	1	CGTAGTACACCCTGAG	Chat1
1.77803271455655e-50	1.77548359908998	0.303	0.041	3.45471756438337e-47	1	GGAGATGTCATGCATG	Chat1
1.91008821788533e-50	1.81719419064208	0.357	0.061	3.7113014073512e-47	1	GGTTGTACACGTTCGG	Chat1
2.0165238586177e-50	1.64516275676778	0.344	0.055	3.91810585729419e-47	1	CTATCCGGTCCTACGG	Chat1
2.19686653270193e-50	1.7262837066479	0.352	0.059	4.26851167303985e-47	1	TACCTCGAGAGTGACC	Chat2
2.19786755908518e-50	2.34372960390465	0.283	0.034	4.2704566673025e-47	1	TGGGCGTTCGGAGTGA	Chat1
3.03573389112095e-50	1.67471608357045	0.299	0.039	5.898430950448e-47	1	GTTAGACCAAAGACTA	Chat1
3.29241111452367e-50	1.17007474458743	0.529	0.142	6.39715479551948e-47	1	TTGAGTGTCCTGTAAG	NosChat
4.07102487200083e-50	1.77565376350388	0.303	0.042	7.91000132629761e-47	1	GTTCTATTCGAACCAT	Chat1
4.30878335517482e-50	1.28029371497769	0.336	0.052	8.37196605910468e-47	1	AATGGCTCATCTTCGC	Chat1
5.4356557360737e-50	2.14114968098264	0.27	0.031	1.05614790951912e-46	1	CAATACGTCGTCTACC	Chat1
6.7406035430075e-50	1.46993631305197	0.295	0.038	1.30969926840636e-46	1	CAACAACGTGGATCGA	Chat1
8.03261517277395e-50	1.22208870879322	0.357	0.06	1.56073712806998e-46	1	ACAACCACAGTAACGG	Chat1
1.06501241022969e-49	1.56660409466731	0.381	0.071	2.06931911307629e-46	1	CATTGAGGTACTAACC	Chat1
1.14111401191794e-49	1.68126177940329	0.328	0.051	2.21718452515656e-46	1	TTCGCTGGTGCAATGG	Chat1
1.14295394086447e-49	1.66791095995204	0.336	0.055	2.22075950709967e-46	1	CATTCTAGTCTACAGT	Chat1
1.30346395415671e-49	2.11899536568428	0.385	0.073	2.53263046292649e-46	1	CCGTTCACATGACTAC	Chat2
1.30466070497178e-49	1.61647122743081	0.324	0.049	2.53495574976016e-46	1	CAGTTAGAGTCTACCA	Chat1
1.57042806090042e-49	1.78685121461576	0.324	0.049	3.05134172232952e-46	1	ATTCTTGAGCAGTCTT	Chat3
1.67690242874796e-49	1.82784486648846	0.344	0.058	3.25822141905728e-46	1	CCGTGAGTCACCCTCA	Chat1
2.22605873942837e-49	1.94517711148428	0.357	0.063	4.32523213070933e-46	1	TGGGAGACACAAACGG	Chat1
2.28461439388979e-49	1.68542690964438	0.275	0.033	4.43900576732785e-46	1	AAAGTCCCAATAGTCC	Chat1
2.63980453536642e-49	1.44331137499662	0.311	0.044	5.12914021221695e-46	1	GGGCCATGTCGGCTAC	Chat1
3.04982601498461e-49	1.92054026958613	0.352	0.062	5.9258119471151e-46	1	AACCAACGTCAGATTC	Chat3
3.99439795196414e-49	1.79290504769348	0.361	0.065	7.76111522066632e-46	1	CTCAGAAGTCAATCTG	Chat1
4.00639281198289e-49	1.77044335160255	0.287	0.037	7.78442123368275e-46	1	GATGCTACACCCTGAG	Chat1
4.21715512291731e-49	1.57107893948406	0.324	0.05	8.19393240382832e-46	1	GAACGTTGTCAGGTGA	Chat1
4.46484688294708e-49	1.69926846583162	0.352	0.061	8.67519749356619e-46	1	GATCCCTCACACGGTC	Chat1
4.67661152976146e-49	1.30581466972746	0.336	0.054	9.08665620232651e-46	1	GACTATGAGCACTCCG	Chat1
5.41619302817706e-49	1.77912694644021	0.283	0.036	1.0523663053748e-45	1	AGCCAATTCTCGGGAC	Chat1
5.58205455693426e-49	1.78923969834288	0.32	0.049	1.08459320041233e-45	1	TCACAAGAGTCGGGAT	Chat2
6.42512897259911e-49	1.61297988147504	0.283	0.035	1.24840255937601e-45	1	CGAGGAAAGTGGTGAC	Chat3
6.68142000332551e-49	2.14288336380825	0.357	0.063	1.29819990664615e-45	1	CACGGGTGTTTACCTT	Chat1
8.01939250390699e-49	1.54707585219375	0.418	0.092	1.55816796350913e-45	1	CAACGATGTACGATCT	Chat2
8.04179136240412e-49	1.59885546884734	0.328	0.052	1.56252006171512e-45	1	TGTGCGGTCGCCTTGT	Chat1
9.42341093580004e-49	2.03814632705715	0.311	0.046	1.83096874482595e-45	1	CTGTACCGTCGGCCTA	Chat3
9.88370556221494e-49	1.47810052503095	0.307	0.044	1.92040399073836e-45	1	TCCGATCGTACGGATG	Chat1
9.93154729201152e-49	1.75640717918194	0.311	0.046	1.92969963883784e-45	1	GAGGGATCACTACCCT	Chat1
1.35852882896073e-48	1.93732913934387	0.242	0.024	2.63962151467069e-45	1	AATCACGTCTGATGGT	Chat1
1.5772151621086e-48	1.69930905509887	0.311	0.046	3.064529059977e-45	1	AACCATGCACACTTAG	Chat1
2.67584490251314e-48	1.57775517943002	0.283	0.036	5.19916664558304e-45	1	CATCGTCCAGTGTATC	Chat1
2.92968430962818e-48	1.49955010179915	0.348	0.06	5.69237661360754e-45	1	GGTAACTGTCGCTTAA	Chat1
3.19045945756992e-48	1.62817351044152	0.324	0.051	6.19906272605835e-45	1	GATTCTTAGAAGTATC	Chat1
3.87631520725727e-48	1.49355560234482	0.41	0.086	7.53168044770088e-45	1	CTACGGGCAAGGTACG	Chat2
5.63253923116918e-48	1.7567021575218	0.254	0.028	1.09440237261617e-44	1	TGGTACACATCTAGAC	Chat1
5.75168675083474e-48	1.86828994657659	0.283	0.037	1.11755273568719e-44	1	AAACCCAGTTTCGTAG	Chat3
6.68748843998681e-48	1.70721181521905	0.266	0.032	1.29937900388944e-44	1	GAGAGGTCAAGACGAC	Chat1
8.58798654544429e-48	1.68939844350772	0.303	0.044	1.66864578577983e-44	1	ACACGCGTCATGGAGG	Chat1
1.06468928219714e-47	1.61430541192183	0.307	0.046	2.06869127530903e-44	1	TCATGCCAGAAGAACG	Chat1
1.18133865299555e-47	1.72793630176167	0.328	0.054	2.29534100277035e-44	1	TTCCACGGTTAAGACA	Chat1
1.30907877117346e-47	1.99577522734632	0.234	0.023	2.54354005239003e-44	1	AAAGGGCAGGCTGAAC	Chat2
1.48967535269762e-47	1.80350295309357	0.369	0.07	2.89443921029148e-44	1	TAATTCCGTGTGAATA	Chat1
2.39753494924418e-47	1.83080992532027	0.262	0.031	4.65841040638144e-44	1	TGCAGATCAAATCAGA	Chat1
3.03934630794177e-47	1.58230822646695	0.381	0.076	5.90544987633086e-44	1	TCCCACATCGATTGAC	Chat1
3.42540693588308e-47	1.42508700398851	0.299	0.042	6.65556567642083e-44	1	TTCAATCTCGCAGAGA	Chat1
3.56736981066825e-47	1.53110626906582	0.303	0.044	6.9313995421284e-44	1	AGGCATTGTTCTCGTC	Chat3
4.21522451039766e-47	1.51134292025239	0.389	0.077	8.19018122370265e-44	1	AACAAGATCAGCCTCT	Chat3
5.69506255201002e-47	1.68962654320501	0.307	0.047	1.10655065385555e-43	1	CCCGAAGTCATCACTT	Chat1
5.81224342667661e-47	1.42796584733951	0.316	0.048	1.12931889780327e-43	1	CGTGAATAGGTAGATT	Chat1
6.91136235718443e-47	1.68764550492596	0.316	0.05	1.34287770600093e-43	1	TGTAGACCAAATAAGC	Chat1
7.92815813855384e-47	1.3834916571966	0.307	0.046	1.54044112632101e-43	1	AGCGCTGTCGGCTCTT	Chat1
9.50556111344193e-47	1.65912610863077	0.299	0.044	1.84693052434177e-43	1	ACGGTTACAGAGAAAG	Chat1
9.91652829944875e-47	1.74121010559862	0.295	0.043	1.92678144858289e-43	1	TGAGGGAAGCAGGCAT	Chat1
1.03114683266115e-46	1.72592935901324	0.254	0.029	2.00351829586062e-43	1	CACTGAAAGTCTCGTA	Chat1
1.11341845419658e-46	1.9296645313333	0.258	0.031	2.16337205650395e-43	1	AGCGTCGCAACGAGGT	Chat3
1.26509976443645e-46	1.48302476628423	0.348	0.062	2.45808884230002e-43	1	TTACCATGTCTGCAAT	Chat3
1.47442380702968e-46	1.56224672088748	0.258	0.03	2.86480545705866e-43	1	GAGAGGTGTACGGTTT	Chat1
2.27642030745572e-46	1.54337104915212	0.381	0.077	4.42308465738647e-43	1	CTCTCAGGTAATGCGG	Chat2
2.36770073980277e-46	1.65713677580537	0.324	0.054	4.60044253743677e-43	1	TTAATCCAGACGGAAA	Chat1
2.36817989676471e-46	1.7135717058375	0.352	0.065	4.60137353941382e-43	1	GTGCTGGTCGCAGTGC	Chat1
2.72884433877759e-46	1.78758660276415	0.287	0.041	5.30214455024486e-43	1	AAGATAGCATGCTGCG	Chat1
3.00951706561983e-46	1.84830184269382	0.316	0.05	5.84749165849933e-43	1	GGGACAAAGGTAATCA	Chat3
3.01124719862577e-46	1.72243592781588	0.316	0.051	5.85085330692986e-43	1	TATACCTCAGGTGACA	Chat1
5.2417757550479e-46	1.91664570598635	0.287	0.041	1.01847702920581e-42	1	ACGCACGGTGACGCCT	Chat1
5.35110100175823e-46	1.59320952700473	0.295	0.043	1.03971892464162e-42	1	CGAGGAACATGGGTCC	Chat3
5.58659413007064e-46	1.51843944847707	0.275	0.036	1.08547523947272e-42	1	GCGTTTCGTCCGTACG	Chat1
8.82974607616883e-46	1.70499921997603	0.258	0.031	1.7156196625996e-42	1	CTGTACCTCGAACACT	Chat1
9.5848351278499e-46	1.52697262828827	0.455	0.114	1.86233346534124e-42	1	GGCACGTGTGCATACT	NosChat
1.21630728298843e-45	1.62344901387302	0.266	0.034	2.36328505084652e-42	1	ACTTAGGGTTGGTAGG	Chat1
1.23353618865923e-45	1.90470945644726	0.336	0.06	2.39676081456489e-42	1	TTAGGCATCCCATACC	Chat1
1.46826622324277e-45	1.40902466993856	0.262	0.032	2.85284127176071e-42	1	GTCTACCGTCAAATCC	Chat1
1.50789078311591e-45	1.76685492178058	0.32	0.054	2.92983179159422e-42	1	ATAGAGACACCAATTG	Chat1
1.66814966797703e-45	1.38874572290155	0.344	0.063	3.24121480487936e-42	1	GTAGTACTCTGAACGT	Chat1
2.10507948412704e-45	1.70873561810762	0.299	0.046	4.09016943765884e-42	1	GTGCGTGTCTTCCACG	Chat1
2.31375330118341e-45	1.70850939969298	0.27	0.036	4.49562266419936e-42	1	TGTCCCATCTGCTTAT	Chat1
2.39276526139068e-45	1.72902216786302	0.32	0.054	4.6491429028821e-42	1	GGAATCTTCATGACAC	Chat1
2.46715173415249e-45	1.70226078541993	0.295	0.045	4.79367581945828e-42	1	TGGTAGTGTAAGTTAG	Chat1
2.75788049397732e-45	1.58539931310044	0.328	0.056	5.35856179979794e-42	1	ACTTAGGGTTTCGTTT	Chat1
2.99746927725592e-45	1.65123106145521	0.287	0.041	5.82408280570825e-42	1	AGTTCCCCATCAGCTA	Chat1
3.95155175508706e-45	1.81381076825678	0.258	0.032	7.67786506013415e-42	1	TTCTTGAAGTCCTACA	Chat2
5.70247410998278e-45	1.60573922837034	0.336	0.059	1.10799071956965e-41	1	ATTTCACCAGGAATCG	Chat3
6.86685752147481e-45	1.7546231263127	0.393	0.086	1.33423041642256e-41	1	TTATTGCGTCGGAAAC	Chat3
8.7938279617302e-45	1.64528666409963	0.299	0.047	1.70864077296418e-41	1	TCTGGCTGTGCCCACA	Chat1
1.02826699656021e-44	1.43934092998268	0.32	0.054	1.99792277431648e-41	1	TCAAGTGGTCACAGTT	Chat1
1.11382873704864e-44	1.47826592397847	0.311	0.051	2.16416923608551e-41	1	GGAATGGTCAAGTGGG	Chat1
1.70577316068236e-44	1.80188614517848	0.316	0.053	3.31431725120582e-41	1	AACAGGGTCGGTAGAG	Chat1
2.05693569005875e-44	1.32854732676122	0.311	0.051	3.99662604578416e-41	1	TACCCACCACAGCTGC	Chat1
2.62577648597052e-44	1.64569156233209	0.234	0.025	5.10188371224071e-41	1	GATGTTGCACACCGAC	Chat1
2.73983866341289e-44	1.57979428883906	0.328	0.059	5.32350652301124e-41	1	AAACGCTAGCAATAAC	Chat1
3.1261291640127e-44	1.72951867915072	0.238	0.027	6.07406896567667e-41	1	GGGACAACAACTGATC	Chat1
3.38405113010385e-44	1.87138921075912	0.32	0.055	6.57521134579178e-41	1	GTACAGTCATTGAAAG	Chat1
3.69139630343786e-44	1.6761729841097	0.246	0.029	7.17238301757977e-41	1	AGCGCTGCAGGCACTC	Chat1
4.41075101937968e-44	1.59088922200282	0.295	0.046	8.57008923065471e-41	1	TTTCGATGTCTACTGA	Chat1
4.62279966957772e-44	1.73316822113911	0.303	0.048	8.98209975798951e-41	1	CAAGAGGTCTGAGAGG	Chat3
5.503785637018e-44	1.78732336013508	0.295	0.046	1.0693855492726e-40	1	GCAGTTAGTACCAATC	Chat3
5.91826873650113e-44	1.69277019101212	0.336	0.062	1.14991961550217e-40	1	TCACATTCAGAGTAAT	Chat3
6.36962156464393e-44	1.72737015193212	0.283	0.042	1.23761747001032e-40	1	GTTGTAGTCGCGATCG	Chat1
7.11897806639143e-44	1.79344610194552	0.291	0.044	1.38321743829986e-40	1	TGGGCTGGTACAATAG	Chat3
7.61233245760999e-44	1.55473863551344	0.25	0.03	1.47907619651362e-40	1	CTACGGGGTATGTCTG	Chat1
8.97983113023107e-44	1.61015991852666	0.365	0.075	1.7447811886039e-40	1	TCTTTGACAAACCACT	Chat1
8.99225499870414e-44	1.81735035589388	0.291	0.045	1.74719514624821e-40	1	TGTAAGCTCGGCTGAC	Chat1
1.00437238103252e-43	1.6503779464078	0.258	0.034	1.95149553634618e-40	1	ACTGTGATCTAGGAAA	Chat1
1.07492025145354e-43	1.57275968987014	0.324	0.058	2.08857004857423e-40	1	CTCCAACTCAAAGACA	Chat1
1.45646704781083e-43	1.87497347221486	0.279	0.04	2.82991547389645e-40	1	TGTTCTACATGACGAG	Chat3
2.13857971641035e-43	1.27349113551493	0.43	0.104	4.15526038898531e-40	1	ATTCAGGTCTGAATGC	Chat1
2.17055315404968e-43	1.59071290433588	0.287	0.043	4.21738477831852e-40	1	TTACGTTAGAGAGTGA	Chat1
2.18102234174424e-43	1.50270239981315	0.311	0.053	4.23772641000905e-40	1	AAGCATCTCATTGTTC	Chat1
3.70454473792431e-43	1.57683975943596	0.275	0.039	7.19793042578694e-40	1	GATGCTAGTCTGTAGT	Chat1
3.88876956872768e-43	1.44864628178704	0.283	0.043	7.55587927203789e-40	1	TACAGGTTCGCGCTGA	Chat1
4.2592159763919e-43	1.38591945693812	0.324	0.058	8.27565664212947e-40	1	TGTTACTTCCACGTAA	Chat1
5.62206338268956e-43	1.61731845249469	0.291	0.045	1.09236691525658e-39	1	AGCGTCGGTTTCGTGA	Chat2
5.91750876978132e-43	1.3462456669905	0.291	0.045	1.14977195396851e-39	1	GCGTGCAAGGCACTCC	Chat3
6.71593521381482e-43	1.66472486192411	0.275	0.04	1.30490621204422e-39	1	CGGCAGTAGTGAGGCT	Chat1
8.62598598309171e-43	1.62311491130051	0.307	0.051	1.67602907651472e-39	1	GAAGCCCCAGATCCTA	Chat3
1.02580628822322e-42	1.56588059088526	0.299	0.049	1.99314161801771e-39	1	TCATTCATCCGCTGTT	Chat1
1.0797940853352e-42	1.60836108891204	0.328	0.06	2.09803990780629e-39	1	TGCTGAAGTCGAACGA	Chat2
1.74565419647119e-42	2.04128504859991	0.262	0.036	3.39180610374351e-39	1	ACACAGTTCATCGTAG	Chat3
1.75930235187678e-42	1.52717729999678	0.336	0.064	3.41832446969658e-39	1	AGAAGCGAGTCATGAA	Chat1
1.76473622347738e-42	1.7283353609326	0.266	0.038	3.42888248221655e-39	1	GACTCAATCGAGTCTA	Chat1
1.83777597350949e-42	2.05432857618982	0.299	0.051	3.57079871652895e-39	1	GTAGATCTCAGGTGTT	Chat1
2.06240699024651e-42	1.40629679648927	0.266	0.038	4.00725678204897e-39	1	CATACCCGTGCTCCGA	Chat1
3.14498723582782e-42	1.54399196912744	0.295	0.048	6.11071019921346e-39	1	GAAACCTCAATGAAAC	Chat1
3.40641530898494e-42	1.499575398592	0.266	0.038	6.61866494535774e-39	1	AAGAACATCAGTGGGA	Chat1
3.87142422562885e-42	1.46130752488115	0.295	0.048	7.52217727039686e-39	1	ACGCACGGTAACGCGA	Chat1
4.56455143176352e-42	1.75999888049685	0.205	0.019	8.86892343191652e-39	1	AGCGCCAAGTCAACAA	Chat1
5.26471199682748e-42	1.822101758478	0.283	0.044	1.02293354098358e-38	1	TATCAGGAGGCTCACC	Chat1
5.65634826457981e-42	1.82247354970196	0.225	0.025	1.09902846780786e-38	1	CAGCCAGAGAAGGGAT	Chat1
5.68858317612115e-42	1.36472845032407	0.406	0.096	1.10529171112034e-38	1	TGATTTCTCCTTGGAA	Chat1
5.9052844461337e-42	1.57797548401167	0.348	0.07	1.14739676788378e-38	1	TCGTCCAAGATGGGCT	Chat2
6.7869677736997e-42	1.4522666511488	0.283	0.044	1.31870783842985e-38	1	GTCGCGACACGATTCA	Chat1
1.04602376249088e-41	1.31562503377354	0.422	0.104	2.03242417051977e-38	1	CAGCGTGTCCAAGCAT	NosChat
1.32983276361043e-41	1.66032639358856	0.25	0.033	2.58386505969507e-38	1	ATGACCATCGAAGAAT	Chat1
2.04500641436265e-41	1.68355641223944	0.287	0.047	3.97344746310664e-38	1	GAATAGATCGACCACG	Chat1
2.23229415589924e-41	1.74142318736158	0.279	0.043	4.33734754491222e-38	1	AAACGAAGTATCGGTT	Chat2
2.67714815874854e-41	1.81840162286963	0.254	0.035	5.20169887244841e-38	1	TTCGATTAGCGTCGAA	Chat1
2.86868599280929e-41	1.50160213385522	0.311	0.056	5.57385688402845e-38	1	TTGCGTCCATGTGCCG	Chat1
2.90143728484723e-41	1.57477606501539	0.27	0.04	5.63749264445816e-38	1	TGATCAGTCTTGAACG	Chat1
3.41903260330511e-41	1.60459088084751	0.238	0.029	6.64318034822183e-38	1	CATCAAGTCGCGTCGA	Chat1
3.74058964177796e-41	1.67637613150136	0.324	0.06	7.26796567397458e-38	1	TCTATCAAGGATGTTA	Chat3
4.398872444173e-41	1.24787849941539	0.27	0.04	8.54700915902814e-38	1	CGTCAAAAGTTTCAGC	Chat1
4.62708085269736e-41	1.51453477007224	0.258	0.036	8.99041809679096e-38	1	CGTAATGAGGAGAATG	Chat1
5.04473619593201e-41	1.46472943162688	0.311	0.056	9.80192242869589e-38	1	CCTACGTCATGCAGCC	Chat1
5.28895984436521e-41	1.54512960955418	0.336	0.066	1.02764489776016e-37	1	GTTGCGGGTACTCCCT	Chat3
6.32929247656741e-41	1.48249359009821	0.291	0.048	1.22978152819705e-37	1	ACAAAGAAGCGTGCCT	Chat1
6.46917266046703e-41	1.74051783495346	0.275	0.043	1.25696024792874e-37	1	GTGTTCCGTGTCCACG	Chat1
6.60042281452695e-41	1.82168672281693	0.234	0.028	1.28246215286259e-37	1	AGCGTCGCAAGCTGTT	Chat1
6.67938600536247e-41	1.80927780413169	0.291	0.049	1.29780470084193e-37	1	CCTAAGAGTTTGGAAA	Chat1
6.69488688493632e-41	1.67454083476389	0.279	0.043	1.30081652174313e-37	1	AAGCCATAGCGAATGC	Chat1
7.76801861348357e-41	1.5042911168862	0.324	0.061	1.50932601659986e-37	1	TTCATGTGTTTGCAGT	Chat1
7.86558889531766e-41	1.34494160462587	0.275	0.042	1.52828392236022e-37	1	CGAGGAAGTCCCTGTT	Chat1
8.00693230528044e-41	2.04397170507305	0.23	0.027	1.55574694691599e-37	1	CCGCAAGGTGCAGATG	Chat1
1.20873584770222e-40	1.39613976652096	0.27	0.041	2.34857375208542e-37	1	TGGTAGTAGCTTAGTC	Chat1
1.3630289138307e-40	1.80762064644277	0.344	0.072	2.64836517957306e-37	1	GTTCATTTCGGTTGTA	Chat1
1.36907228421745e-40	1.71554664370601	0.275	0.043	2.66010744823451e-37	1	AGTCACATCAGAGTTC	Chat1
1.47495775266114e-40	1.66351906656525	0.27	0.042	2.8658429134206e-37	1	TACGGTAAGCGCCATC	Chat1
1.51222309126509e-40	1.45559375243578	0.275	0.042	2.93824946632807e-37	1	CTCAGTCGTACAGAGC	Chat1
1.81869734752769e-40	1.56748080301107	0.295	0.051	3.5337289462463e-37	1	ACTTTCATCATCGCTC	Chat1
1.96092975500952e-40	1.8587361370264	0.254	0.036	3.8100865139835e-37	1	ACGGTCGCATAGTCGT	Chat1
2.02507493767848e-40	1.48501403782641	0.299	0.052	3.93472060390928e-37	1	GCAACATTCAGCAATC	Chat1
2.40048176129026e-40	1.82093287045417	0.25	0.035	4.66413606218697e-37	1	ATCGTCCCAATAAGGT	Chat1
3.17062515206712e-40	1.55841271728235	0.283	0.047	6.16052467046642e-37	1	CCGGTGAGTACCATAC	Chat3
4.01577129340349e-40	1.60122979062844	0.377	0.089	7.80264362308298e-37	1	TTCCACGCAACGTAAA	Chat1
4.71616129806748e-40	1.45060553157959	0.275	0.043	9.16350140214511e-37	1	GTGGTTAGTGGGAGAG	Chat1
4.74112833255553e-40	1.51569903384309	0.332	0.067	9.21201235015539e-37	1	CCGCAAGGTCTCGACG	Chat3
5.0621802573463e-40	1.56305053662174	0.238	0.031	9.83581624002386e-37	1	GGAATGGCAGAGGAAA	Chat1
5.16399040588253e-40	1.31463984407343	0.434	0.115	1.00336333586297e-36	1	ATTCATCGTAGAATGT	NosChat
6.78376604571426e-40	1.88825907527833	0.217	0.025	1.31808574268228e-36	1	CCACGAGGTGGCAGAT	Chat1
6.98189820042587e-40	1.63273700226837	0.279	0.046	1.35658282034275e-36	1	GGTGAAGTCCTAGCCT	Chat1
7.00281120554896e-40	1.59402909895443	0.291	0.05	1.36064621723816e-36	1	ATCGCCTAGTTGTAAG	Chat1
7.12786977449633e-40	1.59829246019633	0.287	0.048	1.38494509718464e-36	1	ATTTCACAGTGGACTG	Chat1
7.1314109178735e-40	1.51444012707052	0.316	0.06	1.38563314134282e-36	1	TCGACGGAGAGTGACC	Chat3
7.86847972949464e-40	1.49137234539693	0.357	0.077	1.52884561144081e-36	1	CAGCAATAGGAACGCT	Chat2
7.96833285390016e-40	1.43509485356315	0.279	0.045	1.5482470735128e-36	1	AGCGCTGGTATCGGTT	Chat1
8.29923517110852e-40	1.36483550923854	0.275	0.044	1.61254139374639e-36	1	CCAATTTGTCGTATGT	Chat1
9.34220727459274e-40	2.34065994124572	0.275	0.043	1.81519087345337e-36	1	ATCGCCTAGAGAGGTA	Chat1
1.08290240534031e-39	1.49005677587347	0.496	0.152	2.10407937357623e-36	1	CACTTCGGTTCTCCAC	Other1
1.3361723141916e-39	1.33879916720129	0.32	0.062	2.59618280647429e-36	1	GACTTCCCAAGGCCTC	Chat1
1.4559997273169e-39	1.41540440333133	0.27	0.043	2.82900747017674e-36	1	TCATTTGTCGTGTTCC	Chat1
1.84274545774727e-39	1.64527504980845	0.258	0.039	3.58045442440295e-36	1	GAGACTTGTGTTACTG	Chat1
1.89222970053387e-39	1.15742756247275	0.377	0.084	3.6766023081373e-36	1	CATCGTCAGGAGAGGC	NosChat
1.94224353744817e-39	1.55069819377729	0.279	0.046	3.7737791932618e-36	1	ATTGTTCTCTTCGCTG	Chat1
2.41861055785028e-39	1.36387051588373	0.393	0.095	4.69936031390309e-36	1	CGAGTGCAGCTTAGTC	NosChat
2.51349369322744e-39	1.51356612531466	0.303	0.056	4.88371824594092e-36	1	GACCAATGTCATAAAG	Chat1
3.1401246619656e-39	1.53282471907252	0.25	0.036	6.10126221819915e-36	1	CTGCATCCAGGGTTGA	Chat1
3.28806101001068e-39	1.63127327478135	0.291	0.052	6.38870254245075e-36	1	CCCTTAGCAGTATTCG	Chat1
3.54432457905458e-39	1.61816326552806	0.307	0.059	6.88662265710306e-36	1	AACCTTTAGGTGGCTA	Chat1
3.98675912434932e-39	1.36816801735707	0.332	0.068	7.74627297861073e-36	1	CCTGTTGAGGTTTACC	Chat1
4.08988375809632e-39	1.64824389091218	0.295	0.054	7.94664414198115e-36	1	ACTGCAAGTCTGTGCG	Chat1
5.69572228879369e-39	1.32530034993847	0.373	0.087	1.10667884071261e-35	1	GTTCCGTGTGGCCCAT	Chat1
5.96425906392422e-39	1.66332738103744	0.295	0.053	1.15885553612048e-35	1	TCCGTGTTCTGGCCAG	Chat3
8.13839793431524e-39	1.63510703623531	0.287	0.05	1.58129071863745e-35	1	AGAACAAGTCGTAATC	Chat1
1.01735375604229e-38	1.83662140390403	0.225	0.028	1.97671834799017e-35	1	GGGTGTCTCAACTGAC	Chat1
1.15045643599021e-38	1.8762030952467	0.254	0.038	2.23533685512897e-35	1	CTGGACGCACGCACCA	Chat3
1.20905891040572e-38	1.45124797766923	0.25	0.036	2.34920146291831e-35	1	ACACAGTAGGCGTTAG	Chat1
1.24696277465171e-38	1.30518343351294	0.439	0.121	2.42284867114828e-35	1	TACTTGTTCGGAGATG	NosChat
1.90912488140317e-38	1.66872292986847	0.205	0.022	3.70942964456636e-35	1	AGGATCTTCACGATCA	Chat1
2.4617693761043e-38	1.96308903374092	0.266	0.043	4.78321789777065e-35	1	GATGCTAAGAAGATCT	Chat1
2.65665222604598e-38	1.80433203728181	0.254	0.039	5.16187527520733e-35	1	CCCTCTCGTGATGGCA	Chat1
3.59129106907973e-38	1.57876310672936	0.266	0.043	6.97787854722191e-35	1	AGAAGCGGTTGCTCAA	Chat1
4.75293827757796e-38	1.74926293648706	0.225	0.029	9.23495907333398e-35	1	TGCAGGCAGCGATGGT	Chat1
6.55098233389013e-38	1.66294220100783	0.254	0.039	1.27285586747485e-34	1	CCACGAGTCCTCAGAA	Chat1
7.39870549425749e-38	1.50975843277362	0.262	0.042	1.43756847753423e-34	1	TGGTTAGTCGGCTTGG	Chat1
8.65929266237885e-38	1.31403589526778	0.291	0.053	1.68250056430021e-34	1	GTTCATTAGCCATCCG	Chat1
1.00972285095824e-37	1.63477510731345	0.258	0.041	1.96189149941186e-34	1	GACCAATCAATACGAA	Chat1
1.22322076231046e-37	1.83712398007465	0.225	0.03	2.37671794116923e-34	1	TCACAAGAGCAGGCTA	Chat1
1.3415286563064e-37	1.4118592532505	0.443	0.122	2.60659017920333e-34	1	CTCGAGGTCGATACGT	Other1
1.40422536164929e-37	1.8613137998529	0.258	0.041	2.72840987768456e-34	1	TTCAGGAAGGTAGCAC	Chat1
1.96396879552037e-37	1.61208548560862	0.328	0.07	3.81599136969608e-34	1	ACTATCTGTCGCAACC	Chat3
2.01418476068928e-37	1.53711842602903	0.266	0.043	3.91356099001927e-34	1	TGGGAAGTCCTCATAT	Chat3
2.36410301766618e-37	1.53033285741653	0.303	0.06	4.59345216332539e-34	1	CACCGTTTCCCATGGG	Chat1
2.8987386382934e-37	1.76911944136519	0.25	0.039	5.63224917420408e-34	1	AGATCGTGTGACGTCC	Chat1
5.28802985794876e-37	1.56801739639837	0.246	0.037	1.02746420139944e-33	1	ATCCGTCGTACCCACG	Chat1
6.07982208574335e-37	1.48263287585476	0.25	0.039	1.18130943125993e-33	1	CATGCGGTCACCTGTC	Chat1
9.65877333860657e-37	0.805477920343146	0.389	0.096	1.87669965969126e-33	1	GTGTTAGGTGTTCCAA	NosChat
1.1214901852946e-36	0.944206678730459	0.467	0.136	2.1790554300274e-33	1	TCCTCTTGTCCGTACG	NosChat
1.35961907964569e-36	1.62943133501703	0.369	0.092	2.64173987175157e-33	1	TTTACCATCAGAGTTC	Chat2
1.634150150689e-36	1.66030647463427	0.238	0.035	3.17515374278872e-33	1	TCCTCGAAGAAGGCTC	Chat1
2.26911303193428e-36	1.71246270463683	0.201	0.023	4.4088866210483e-33	1	TTATTGCTCAGCGGAA	Chat1
2.28850663734801e-36	1.57825119143077	0.262	0.044	4.44656839636718e-33	1	ATGAAAGAGATAGTCA	Chat1
2.8029555611694e-36	1.40709496951675	0.426	0.12	5.44614265535214e-33	1	CGAAGGAGTGACTAAA	Other1
5.58609302479913e-36	1.30361557145799	0.279	0.051	1.08537787471847e-32	1	AACCAACGTGCCCTTT	Chat1
6.17057994859438e-36	1.48894243673658	0.217	0.028	1.19894368401189e-32	1	ACCCTTGTCAGGTAAA	Chat1
8.62410047400496e-36	1.53766549087809	0.27	0.048	1.67566272209916e-32	1	TTCCACGAGCTCGACC	Chat1
8.7685879527882e-36	1.44916747402089	0.414	0.116	1.70373663922675e-32	1	TGCAGATTCCTATTTG	Other1
1.2494966302394e-35	1.74773261309814	0.221	0.031	2.42777195255516e-32	1	AACAACCTCATTACTC	Chat1
1.41694083982241e-35	1.4465920543314	0.471	0.153	2.75311605177493e-32	1	AGGTAGGAGGTACAAT	Other1
1.79030837783925e-35	1.49845444369866	0.275	0.05	3.47856917814166e-32	1	TGATGCACATGACGAG	Chat3
2.16031195312723e-35	1.44192734662904	0.25	0.042	4.19748612492622e-32	1	ACATCCCGTCGTTCAA	Chat1
2.6863769851307e-35	1.74492044187769	0.221	0.031	5.21963048210896e-32	1	AACTTCTCAAATAAGC	Chat1
2.76545594272665e-35	1.21534572678612	0.402	0.109	5.37328089671788e-32	1	TAACACGCAAAGGCAC	NosChat
3.04216689706837e-35	1.55391680620378	0.262	0.047	5.91093028100385e-32	1	CCATCACTCATGAAAG	Chat1
4.29834481023694e-35	1.96004535579184	0.242	0.038	8.35168396629037e-32	1	TTGAACGCAGGCGTTC	Chat1
8.83241241976488e-35	1.56238672256788	0.41	0.115	1.71613773316032e-31	1	GCACGTGGTCACGTGC	NosChat
1.27339256296009e-34	1.30944728778645	0.299	0.062	2.47420174983145e-31	1	GTGCTTCGTTACCTTT	Chat1
1.36835449414444e-34	1.59096298375589	0.27	0.05	2.65871278212265e-31	1	AACGAAAGTCGCGTCA	Chat1
1.505645497576e-34	1.43888271760714	0.254	0.043	2.92546920179016e-31	1	ACTATTCTCACTACGA	Chat1
2.13046439435118e-34	1.63339108697613	0.414	0.12	4.13949231822433e-31	1	TAATTCCGTTATCTTC	Other1
3.32044418389729e-34	1.31957105954152	0.246	0.04	6.45162304931244e-31	1	TGGGATTAGGGACAGG	Chat1
5.27528994804651e-34	1.68028577217808	0.225	0.034	1.02498883690544e-30	1	TGGGAAGAGATACGAT	Chat3
5.68224261388793e-34	1.13724478506498	0.402	0.112	1.10405973987843e-30	1	AGACCCGAGTACTGGG	Glia
9.55874812388963e-34	1.43487875889424	0.246	0.042	1.85726476047176e-30	1	AGTAGCTAGTGAGCCA	Chat1
9.61983642896697e-34	1.87856990439186	0.217	0.031	1.86913421814828e-30	1	GCGGAAATCTCACGAA	Chat2
1.47900698253372e-33	2.0462700831356	0.275	0.054	2.87371056706301e-30	1	GCATCGGGTAACAAGT	Chat1
1.60777874584029e-33	1.2989085448385	0.25	0.043	3.12391410316769e-30	1	GCGGAAATCCGGACTG	Chat1
1.64216588835401e-33	1.27045467799223	0.418	0.123	3.19072832107183e-30	1	TCCACCACATAACGGG	Other1
3.77206974019889e-33	1.6159767880853	0.234	0.039	7.32913150520645e-30	1	GTTCGCTGTGCTGTCG	Chat1
5.26100720259054e-33	1.26706816261551	0.496	0.174	1.02221369946334e-29	1	GCAGCTGGTGAGCTCC	Other1
5.6482801956877e-33	1.51797174817241	0.275	0.056	1.09746084202212e-29	1	GATAGAACAGCGACCT	Chat1
6.01968976636289e-33	1.18250857493361	0.418	0.125	1.16962572160431e-29	1	TCACACCTCGGTGTTA	Other2
6.16135139235516e-33	0.933504722462739	0.352	0.086	1.19715057553461e-29	1	ACAAGCTGTTTGATCG	NosChat
7.19398476214635e-33	1.56283707564683	0.254	0.047	1.39779123928504e-29	1	TACCTGCGTGGCTTAT	Chat1
7.45175159551271e-33	1.3276961849683	0.377	0.103	1.44787533500812e-29	1	TCATGTTGTCCAGCCA	Other1
1.05351993010989e-32	1.73788684467607	0.221	0.035	2.04698922420351e-29	1	TGGTTAGTCTTCGTGC	Chat1
1.25896765931767e-32	1.22064106789181	0.398	0.114	2.44617416205424e-29	1	AGCGTATTCACCATGA	NosChat
1.26364623014863e-32	1.36745373355001	0.385	0.108	2.45526462517879e-29	1	TTTGGTTTCTATTGTC	Other1
1.50090743219054e-32	1.48303484181341	0.258	0.048	2.91626314074622e-29	1	TTTGATCAGAATGTTG	Chat1
1.56432658678094e-32	1.42883666556168	0.422	0.127	3.03948655811536e-29	1	AGGTTACGTAACAGGC	Other1
1.58655073376289e-32	0.9427148372066	0.352	0.088	3.0826680757013e-29	1	TTGCATTCAAATTGGA	NosChat
1.77198231605367e-32	1.58035821559433	0.266	0.051	3.44296164009229e-29	1	CTCCAACGTCGTTTCC	Chat2
1.8626489346995e-32	1.46465828466606	0.279	0.057	3.61912688012113e-29	1	GCCAACGCAGCACACC	Chat3
2.13468889575734e-32	1.54292866951185	0.197	0.026	4.14770052445652e-29	1	CGGTCAGCAGTCTTCC	Chat1
2.62315244930976e-32	0.778288574019261	0.418	0.122	5.09678520900887e-29	1	CAGCACGGTTTGTTCT	NosChat
3.05085790651555e-32	1.57583102834911	0.225	0.036	5.92781691235971e-29	1	TCTGTCGGTGGGTATG	Chat1
3.39664557684858e-32	1.46960120402707	0.287	0.062	6.59968235581679e-29	1	GTTGTCCTCAATGTCG	Chat1
3.89311422973594e-32	1.43489736207252	0.242	0.043	7.56432094837693e-29	1	TAATTCCAGAAGCCTG	Chat1
4.62366416790208e-32	1.33864847845689	0.426	0.134	8.98377947823375e-29	1	GGGACTCGTTGGACTT	Other1
6.06363937228042e-32	1.35840501122899	0.369	0.102	1.17816513003409e-28	1	AAGTGAACAGTTCCAA	NosChat
9.23964149729247e-32	1.42000038633217	0.213	0.032	1.79526234292393e-28	1	ATGAAAGGTTAGGACG	Chat1
1.85188337879309e-31	1.42014376408023	0.443	0.145	3.59820940499498e-28	1	CTGGCAGGTCTACACA	Other1
3.25693074914652e-31	1.49598652959306	0.381	0.109	6.32821644559169e-28	1	GATTGGTAGCGTCTGC	Other1
5.07423126889151e-31	1.41538350210988	0.402	0.119	9.8592313554562e-28	1	CAGCACGGTTCCGCGA	Other1
7.77905601738946e-31	1.65646400155308	0.197	0.028	1.51147058417877e-27	1	CTCAGGGTCTAGTTCT	Chat1
1.16573599078962e-30	1.24552371313296	0.377	0.107	2.26502503010424e-27	1	AAGACTCTCTCAGGCG	NosChat
1.70783218437059e-30	1.37897747834789	0.242	0.045	3.31831793423205e-27	1	GAGTCTAAGACACACG	Chat3
1.96565298860784e-30	1.43009205972738	0.439	0.146	3.81926375686503e-27	1	ATTCACTCACCGGTCA	Other1
2.03972069872771e-30	1.443345628181	0.283	0.062	3.96317731762795e-27	1	GTGCGTGCATATGCGT	Chat3
2.4519767198758e-30	1.22367316387192	0.373	0.105	4.76419076671867e-27	1	TGAGTCATCGTAGTGT	NosChat
3.0070141211374e-30	1.36895719811375	0.41	0.127	5.84262843736997e-27	1	AAAGGGCGTGGTAACG	Other1
3.83557867008718e-30	1.36420094064494	0.357	0.097	7.4525293559794e-27	1	GTCGTAATCAAGTCGT	Other1
4.18044180278611e-30	0.96764326127366	0.357	0.097	8.1225984228134e-27	1	GAGCCTGAGTTGCTCA	NosChat
4.8372887006785e-30	1.50632713624456	0.389	0.12	9.39885194541833e-27	1	CACATGATCGTGTGGC	Other1
6.60633512980155e-30	1.0511234599045	0.373	0.109	1.28361091572044e-26	1	CGAGTTAGTAGAGTTA	NosChat
8.52590092168924e-30	1.0567478837201	0.496	0.186	1.65658254908422e-26	1	ATTCACTTCTGTCGTC	Other1
9.64786821287331e-30	1.12709418117115	0.357	0.099	1.87458079376128e-26	1	AGGAATACAGTGTGGA	NosChat
1.146028006143e-29	1.11175445275483	0.373	0.107	2.22673241593585e-26	1	TGCGACGAGAGCAGTC	NosChat
1.29441413304443e-29	1.53766364606565	0.262	0.056	2.51504666050534e-26	1	TATCTTGAGTGTGTTC	Chat3
1.38439298051803e-29	1.83571557520364	0.184	0.026	2.68987556114653e-26	1	AACTTCTCACAGAGAC	Chat3
1.45435520869851e-29	1.08377527400782	0.357	0.1	2.82581217050121e-26	1	GAGTTGTCAGTGACCC	NosChat
1.46196387203349e-29	0.357979091786362	0.41	0.121	2.84059580336107e-26	1	TTAGTCTGTTTCGATG	Nos3
1.56378448631418e-29	1.55731571649434	0.234	0.044	3.03843325690845e-26	1	CATACCCTCGGATAAA	Chat1
1.6484535923227e-29	1.46810462208658	0.234	0.043	3.202945329883e-26	1	ATGGGAGCAATGGCAG	Chat1
2.09840039091761e-29	1.37059013908876	0.23	0.042	4.07719195955292e-26	1	ACACGCGCAACCGCTG	Chat1
2.10742055986731e-29	1.28351059085933	0.25	0.051	4.09471814782219e-26	1	CTGTAGAAGCCATTCA	Chat1
2.21117099573054e-29	1.48603396207857	0.311	0.078	4.29630524470443e-26	1	AAGCCATGTAAGAACT	Other1
3.21161662556671e-29	1.35228482151133	0.361	0.101	6.24017110347611e-26	1	GTAATGCAGGAACTCG	Other1
6.676078398091e-29	0.735141891049114	0.447	0.15	1.29716203274908e-25	1	AGACTCACAAGTACCT	NosChat
9.36238319301356e-29	0.923830425078455	0.344	0.095	1.81911105440254e-25	1	CGCATAAGTCGACGCT	Nos1
1.2738495373425e-28	1.44184838833064	0.385	0.118	2.47508965105648e-25	1	CGGGCATCATTATGCG	Other1
1.53671510850504e-28	1.11394350963089	0.365	0.105	2.98583745582529e-25	1	GTGGTTAGTGATACAA	NosChat
2.44644328318723e-28	0.959903615833501	0.369	0.109	4.75343929923278e-25	1	CCTCCTCTCTACGGTA	NosChat
2.51415298598145e-28	0.892594476633889	0.373	0.112	4.88499925176195e-25	1	TCGCTCAAGACTAGAT	NosChat
4.2097618959556e-28	1.34619110972471	0.389	0.125	8.17956736384173e-25	1	GTAATGCTCTGCCCTA	Other1
5.1412025827024e-28	1.30857941199498	0.393	0.126	9.98935661819077e-25	1	GAAGCCCCAAGAGCTG	Other1
5.48370265741234e-28	1.64473921976594	0.205	0.035	1.06548342633522e-24	1	AGATCCAAGGGAACAA	Chat1
5.69325966414098e-28	0.898890292029876	0.352	0.101	1.10620035274259e-24	1	TGCTCCACAATAACCC	NosChat
1.09947719108188e-27	1.32751956549328	0.365	0.109	2.13628418227209e-24	1	ACTATTCTCGCTGTTC	Other1
4.51987817527586e-27	1.08991337874743	0.34	0.097	8.782123294561e-24	1	CCAATTTCAGTAACAA	NosChat
6.07324724335893e-27	1.02099964471354	0.385	0.124	1.18003193938464e-23	1	TGGATCAGTTAGTTCG	NosChat
6.51420041001243e-27	1.09596023014838	0.41	0.138	1.26570913966541e-23	1	CTCCACAAGTAGTCAA	Other1
6.61059695218615e-27	1.32799627976472	0.459	0.171	1.28443898780977e-23	1	TTTCAGTTCACACCGG	Other1
8.3294342640782e-27	0.373302353727156	0.484	0.175	1.6184090775104e-23	1	CCACCATAGCTCGAAG	5HT
8.73628955474007e-27	1.12259680858999	0.369	0.113	1.697461060486e-23	1	AAGTACCGTGTTGATC	NosChat
9.01132745558775e-27	1.31059859833392	0.234	0.047	1.7509009246207e-23	1	AGAAATGCACATATGC	Chat1
1.00011972312493e-26	1.28083120257471	0.418	0.141	1.94323262203174e-23	1	CATCAAGGTTGCTCGG	Other1
1.08666447574945e-26	1.23073856994967	0.246	0.054	2.11138907638118e-23	1	TCTGGCTAGCGTTACT	Chat3
2.14843417455542e-26	0.530298176154586	0.398	0.128	4.17440760116117e-23	1	ATTCCTATCCGCTGTT	NosChat
2.28357460925649e-26	1.21023941596245	0.344	0.104	4.43698546578536e-23	1	GTCACTCAGGTTGGAC	NosChat
2.66403847247989e-26	0.626984330102819	0.332	0.093	5.17622675202843e-23	1	GCCAGTGCATGTTACG	Nos2
2.71494565475095e-26	0.935176176605528	0.283	0.071	5.27513940718109e-23	1	TTGTTTGCAGATACTC	Chat1
3.1014139928198e-26	0.938843303894308	0.361	0.111	6.02604738804888e-23	1	GCATGATAGTACAACA	NosChat
3.74251619070531e-26	1.20380250247574	0.43	0.157	7.27170895854043e-23	1	AGAACAAGTTCCCAAA	NosChat
3.81881181883316e-26	1.27443691182343	0.348	0.104	7.41995136399282e-23	1	ACTGTGACACTCATAG	NosChat
4.28756227507239e-26	1.51508031022609	0.18	0.028	8.33073350046565e-23	1	GTAGTACAGCCATTTG	Chat1
4.48206604890175e-26	1.32223348871653	0.373	0.119	8.7086543330161e-23	1	GAGTTGTTCACATACG	Other1
4.70641891125534e-26	1.03072871362434	0.225	0.045	9.14457194456913e-23	1	CATTGCCGTGAGAGGG	Chat1
5.31138055525692e-26	1.37793536357095	0.221	0.044	1.03200124188642e-22	1	CGGGACTCATAATGCC	Chat1
5.52004167644598e-26	0.971892094007429	0.324	0.09	1.07254409773345e-22	1	TCTACCGGTCAAATCC	NosChat
6.94746906147219e-26	1.19101580086218	0.352	0.109	1.34989323864405e-22	1	TGTTTGTGTCAACATC	Chat3
9.3331233616591e-26	1.09305273214795	0.332	0.096	1.81342586917036e-22	1	AGCTTCCCAGGACATG	NosChat
1.14988939857085e-25	1.04099634028824	0.336	0.099	2.23423510142316e-22	1	GCGTTTCCACCTTCCA	NosChat
4.35105709407626e-25	1.62293662395768	0.23	0.049	8.45410393379018e-22	1	CGGGTCACAGGCTCTG	Chat1
6.91715719624235e-25	1.32077961889075	0.357	0.114	1.34400364322989e-21	1	ATCTCTAGTCCAAAGG	Other1
7.12548366199836e-25	1.38884985042538	0.336	0.102	1.38448147552628e-21	1	TCGGTCTCAGTCGGTC	Other1
7.9378899335062e-25	0.76826615499811	0.324	0.094	1.54233201408025e-21	1	TCCAGAAAGGAGGTTC	NosChat
8.54707577931076e-25	1.48180580956888	0.373	0.124	1.66069682392008e-21	1	GCGTGCAAGCACTTTG	Other1
3.55343577030899e-24	1.05677554354011	0.266	0.066	6.90432570171037e-21	1	GTCTTTAGTGACAGGT	NosChat
5.30669429735248e-24	0.782752692086108	0.373	0.125	1.03109070197559e-20	1	TCTACATCAGAGTTCT	NosChat
6.12800585855504e-24	1.45619687909958	0.336	0.105	1.19067153831724e-20	1	TGTCAGACAAGACGGT	Other1
7.75048013365751e-24	1.19154002184197	0.352	0.115	1.50591828996965e-20	1	TGTCCCATCCAGTACA	Other1
9.79824947791159e-24	1.20406347583827	0.299	0.087	1.90379987355822e-20	1	GGTAACTAGAGATCGC	NosChat
1.06713323172651e-23	1.12487047003408	0.344	0.111	2.07343986924461e-20	1	TCGCTTGCACATCATG	Other1
1.44059683215323e-23	0.353393294902933	0.389	0.136	2.79907964487373e-20	1	CCGATGGTCCACTGGG	Nos2
1.60798159625669e-23	1.01409419795609	0.299	0.086	3.12430824152675e-20	1	ACGATGTGTGAGACCA	NosChat
1.63895959815196e-23	1.12706181578616	0.27	0.072	3.18449849920927e-20	1	AACAGGGCACACCGAC	Chat1
2.41728592934657e-23	1.30420946208247	0.348	0.114	4.69678656072039e-20	1	AAAGAACAGCCAAGGT	Other1
2.49708491261045e-23	1.30032169997646	0.279	0.077	4.85183598520211e-20	1	TCAGTGATCGTGGACC	Other1
2.6129308730216e-23	1.56685905284157	0.336	0.11	5.07692468628096e-20	1	CTCAATTGTGCATTAC	Other1
2.94689203240054e-23	1.52196760930251	0.328	0.104	5.72581121895426e-20	1	AGATGAAGTTGGCTAT	Other1
4.71251749550065e-23	1.28008075869014	0.266	0.071	9.15642149375775e-20	1	AGGGCCTAGCACTAAA	NosChat
5.43188703104505e-23	1.06933439155283	0.275	0.075	1.05541565013205e-19	1	GTAAGTCCACATGGTT	NosChat
5.43636117555725e-23	1.31795265146747	0.34	0.111	1.05628497641077e-19	1	GCAACCGTCAGCGCGT	Other1
9.98600047284688e-23	0.900472220880231	0.291	0.084	1.94027989187415e-19	1	GGCACGTTCTGCTTTA	NosChat
1.0531545117215e-22	1.17632681047586	0.217	0.048	2.04627921627488e-19	1	ATGGTTGCAGCGTACC	Chat1
2.33002858039213e-22	1.12481227087776	0.221	0.052	4.52724553170191e-19	1	ACGTAGTTCAGAATAG	Chat1
2.92566957274811e-22	1.18639295148523	0.16	0.026	5.68457597984957e-19	1	GAGGCAAAGGTTGGAC	Chat1
2.96288057293794e-22	1.52393249795488	0.365	0.13	5.75687695321842e-19	1	CAGGTATCAATCCTTT	Other1
3.8741152279429e-22	1.31542913216028	0.34	0.117	7.52740588789305e-19	1	GATGACTAGTGCCCGT	Other1
4.55193175072926e-22	0.462395106527541	0.336	0.107	8.84440339166696e-19	1	TTGCATTCAGGGAATC	NosChat
9.97840325022027e-22	1.12885556102097	0.246	0.064	1.9388037515178e-18	1	CGTGTCTTCGGTTAGT	Chat3
1.78827080829609e-21	0.746663229384532	0.295	0.088	3.4746101805193e-18	1	CAACCTCTCTTCTAAC	NosChat
1.99605330485802e-21	0.949338714361181	0.365	0.13	3.87833157133913e-18	1	CTGGCAGGTGCGAGTA	Other2
2.36698172982535e-21	0.807630356989957	0.287	0.084	4.59904550105066e-18	1	CAGCACGGTTTCGTAG	Chat3
2.40129518533344e-21	1.34447773415868	0.332	0.113	4.66571654510288e-18	1	GATCACATCGTAATGC	Other1
2.56730952860144e-21	0.616352736762486	0.332	0.11	4.98828241407261e-18	1	AAAGGTAGTGCAAGAC	NosChat
3.65483183868346e-21	0.978740885421559	0.254	0.069	7.10133826256197e-18	1	GAGTTGTGTACTGTTG	NosChat
4.10702312008121e-21	0.839394376714578	0.381	0.146	7.9799459223178e-18	1	GTAAGTCCAGCCCACA	NosChat
4.58030567014459e-21	1.29124958941084	0.348	0.126	8.89953391709094e-18	1	TGAGCGCCAAATCAAG	Other1
7.70509011294263e-21	0.287707222010622	0.324	0.104	1.49709900894475e-17	1	GTTACAGGTATAATGG	Nos2
1.13431899446623e-20	1.02464461676933	0.303	0.097	2.20398180624788e-17	1	GTGTCCTGTGTCGCTG	NosChat
1.147203482502e-20	1.06385784056951	0.316	0.105	2.22901636650139e-17	1	CAAGACTCATCTTAGG	NosChat
1.20640485849474e-20	0.711557373866583	0.295	0.089	2.34404464005527e-17	1	GTTCTATAGCATCAAA	NosChat
2.75099417397805e-20	1.3782348583767	0.336	0.121	5.34518168003935e-17	1	CTTCCGAGTATCGCTA	Other1
2.98633157265397e-20	1.43163778545529	0.279	0.085	5.80244224566667e-17	1	CTTCCGAGTCACTCAA	NosChat
3.2232431057944e-20	0.747331532547262	0.283	0.085	6.26276135455851e-17	1	GTTCTATTCGTAACCA	NosChat
3.32044677914036e-20	1.3657883319347	0.299	0.099	6.45162809186973e-17	1	ATGGGTTGTTGCAAGG	Other1
8.30871835227654e-20	1.41063382080167	0.316	0.108	1.61438397584733e-16	1	GTAACACTCAAACGAA	Chat3
1.01820161332816e-19	0.357220109995552	0.311	0.102	1.97836573469662e-16	1	CACAACACAGTCAGCC	Nos2
1.03319845799133e-19	0.97701249679931	0.258	0.076	2.00750460387715e-16	1	TTACGCCAGTATGCAA	NosChat
1.34819357643995e-19	0.599238816840499	0.287	0.089	2.61954011902282e-16	1	CTCAAGAGTCTTACAG	Nos2
1.65212772027267e-19	1.91944179924366	0.197	0.046	3.21008416048979e-16	1	TGTAGACGTCCACTCT	Chat1
2.09537722060228e-19	0.54373651704912	0.303	0.099	4.07131793963022e-16	1	ACCAAACGTGCGTTTA	Nos2
2.85473263397875e-19	1.11196959290501	0.246	0.071	5.54674550782072e-16	1	ACAGGGATCGAGCTGC	Chat3
2.96190670632988e-19	1.41251961626662	0.295	0.099	5.75498473039895e-16	1	TTGTTGTTCTGCGTCT	Other1
3.10670918274983e-19	0.937710698141893	0.258	0.075	6.03633594208293e-16	1	GTGAGCCCAAGATTGA	NosChat
3.12040324849498e-19	1.4273972270591	0.283	0.091	6.06294351182575e-16	1	GCAGTTACACGCGCAT	Other1
5.11028535768716e-19	0.589710326049878	0.295	0.095	9.92928444998614e-16	1	ACGTAGTGTACGAGTG	NosChat
6.67161008238273e-19	0.493401920166945	0.332	0.117	1.29629383900697e-15	1	TACTTACGTTTACGTG	NosChat
1.52619272324863e-18	1.24484232183153	0.254	0.077	2.9653924612721e-15	1	GCGAGAAGTAACATGA	Other1
1.94002475048809e-18	0.58660273068973	0.316	0.108	3.76946809019836e-15	1	GGAGATGGTAAGGTCG	NosChat
2.3376289924144e-18	0.903724174870008	0.299	0.103	4.54201313226117e-15	1	GTAGTACAGAGTCAAT	NosChat
3.75949524973741e-18	0.701586838606559	0.283	0.095	7.30469927023978e-15	1	GTCACTCAGGTTATAG	NosChat
3.95591577959824e-18	1.37879585278578	0.291	0.101	7.68634435975937e-15	1	AGACACTGTTGCAACT	Other1
4.63322733462468e-18	0.946822325060613	0.164	0.034	9.00236071117575e-15	1	TGTCCTGAGGTCGTCC	Nos2
7.49252152663401e-18	0.783704171394505	0.275	0.089	1.45579693262499e-14	1	GTCGTTCGTCACTAGT	NosChat
1.22355727204635e-17	1.00083784454192	0.193	0.048	2.37737177958607e-14	1	TCAGTGACACCTCTAC	NosChat
1.63899549619138e-17	0.386681601903559	0.238	0.069	3.18456824909986e-14	1	TGCTCCATCGATTTCT	Nos2
2.53137083333543e-17	0.627902486968413	0.279	0.093	4.91845352917075e-14	1	GTTTGGATCAGGTGTT	NosChat
3.07847384311545e-17	1.20842856183193	0.262	0.087	5.98147467717333e-14	1	GACTATGAGGCCACTC	Other1
3.3683915495383e-17	1.32986582879334	0.275	0.095	6.54478478075292e-14	1	TTCGGTCGTGGCTCTG	Other1
3.40663725151497e-17	1.24826668210065	0.27	0.091	6.61909617969359e-14	1	TAGATCGTCTAGATCG	Other1
4.31613542363136e-17	1.52010570432733	0.238	0.073	8.38625112811573e-14	1	TCGGGACAGCACCGTC	Other1
7.74473127839082e-17	1.38598116985546	0.279	0.099	1.50480128739134e-13	1	GAGTCTAAGCGTCAAG	Other1
8.04792654762745e-17	0.608227736523802	0.41	0.171	1.56371212820401e-13	1	CCGATGGGTATGGGAC	5HT
8.80403374483965e-17	0.891758335823121	0.27	0.091	1.71062375662234e-13	1	CAGGTATCAATGGCCC	NosChat
1.94033562105484e-16	0.601406124826481	0.246	0.077	3.77007211170956e-13	1	GAAATGATCCGAGGCT	Nos2
2.28448986610888e-16	1.5880309167548	0.254	0.087	4.43876380984954e-13	1	CAAGCTAAGCATATGA	Other1
2.34959885101304e-16	1.2303772196393	0.193	0.051	4.56527056751835e-13	1	GGGCTCACAGAGTGTG	NosChat
2.42919123165588e-16	1.40497764435153	0.291	0.109	4.71991856310738e-13	1	TGTTCTATCTTCCCAG	Other1
3.05556102571474e-16	1.08804785287077	0.25	0.082	5.93695507296373e-13	1	GAAGGACGTGATGAAT	Other1
4.51539957863048e-16	0.430764508323347	0.27	0.091	8.77342138127903e-13	1	TGAGGGACAGAGCTAG	Nos2
9.21241380102418e-16	0.253157505349481	0.287	0.101	1.789972001539e-12	1	ACGTAGTCACTACAGT	Nos2
1.17889960087937e-15	1.50729638849317	0.27	0.099	2.29060192450863e-12	1	AGGGAGTAGTTGCGAG	Other1
1.4053658154414e-15	1.20378632166889	0.234	0.076	2.73062577940265e-12	1	TCTCCGAAGGGCTAAC	Other1
2.25129917689229e-15	1.0904304448739	0.27	0.098	4.37427430070172e-12	1	TCAGGGCGTAGGCAAC	NosChat
2.27566558780633e-15	0.384600541570718	0.303	0.118	4.42161823710770e-12	1	GCCAGCACACTTCATT	Nos2
4.20825788118741e-15	1.30438558909752	0.254	0.089	8.17664506314714e-12	1	TCATGAGCATCTGGGC	Other1
5.09211396309251e-15	1.31255324100858	0.266	0.1	9.89397743028874e-12	1	AATGACCCAGACACAG	Other1
1.00652142281105e-14	0.667017852451565	0.238	0.079	1.95567112452186e-11	1	GTTGCGGGTGTGGTCC	NosChat
1.02727192495851e-14	1.35652387944185	0.25	0.092	1.99598935019438e-11	1	ATCCACCAGGTAACTA	Other1
1.5033605495005e-14	0.587318953460109	0.246	0.084	2.92102954767948e-11	1	GCTGGGTAGGGAGAAT	NosChat
3.62668520898372e-14	0.467573779763113	0.279	0.106	7.04664936105536e-11	1	GATAGCTTCTAGTTCT	Nos2
5.71859056344194e-14	0.367722858677552	0.254	0.092	1.11112214647677e-10	1	TCCACGTAGGTCGTCC	Nos2
6.58155494177332e-14	0.759057157387594	0.234	0.08	1.27879612518656e-10	1	TGTTACTAGTGTGTTC	NosChat
7.09245746668416e-14	0.379310601088227	0.242	0.084	1.37806448577673e-10	1	TTAGGGTCAATTTCCT	Nos2
8.3036859318577e-14	1.365578151101	0.176	0.051	1.61340617655995e-10	1	AGATGAAAGCGACTGA	Chat3
1.04351305228501e-13	0.312173208423407	0.217	0.071	2.02754586058978e-10	1	GTAGCTACATGGTACT	Nos2
1.5322608327801e-13	0.311286445688332	0.283	0.106	2.97718279809174e-10	1	TTGAGTGGTACCATAC	5HT
1.7391441702028e-13	1.30190587140348	0.184	0.056	3.37915712270405e-10	1	TCTGTCGAGATAGGGA	Chat3
1.82071682152454e-13	0.931755000296533	0.221	0.076	3.53765278422218e-10	1	TCCGTGTCAAGGATGC	Her4
2.85174029793957e-13	0.676021042152897	0.217	0.074	5.54093139889659e-10	1	AGCGTCGAGCTCATAC	NosChat
3.76527898156542e-13	0.77999689134376	0.238	0.087	7.31593706118161e-10	1	CAAGCTACAATCTGCA	Other1
4.68884088584439e-13	0.741755546186185	0.25	0.095	9.11041784119564e-10	1	CAACAGTGTTTCGATG	NosChat
5.73559394015167e-13	1.24791518031329	0.266	0.108	1.11442590257147e-09	1	TTATTGCCACGAGAAC	Other1
1.80740134707125e-12	0.574819503114727	0.18	0.056	3.51178081735943e-09	1	CTCCTCCGTACAGTCT	Nos2
2.10670720896437e-12	0.28760977811999	0.352	0.159	4.09333210701777e-09	1	TCAATCTCAACAGTGG	5HT
2.72551624385933e-12	0.484538445578608	0.336	0.151	5.29567806181867e-09	1	AGGTCATCATTCATCT	Chat2
3.75630117593772e-12	1.15685191868731	0.221	0.083	7.298493184847e-09	1	CCGGACATCGCTCTCA	Other1
4.82336592929358e-12	1.4359843344274	0.275	0.12	9.37180000061743e-09	1	AGCGTATCATGACAAA	Other1
5.77815683041134e-12	0.856810085632927	0.275	0.116	1.12269587214892e-08	1	GGGCCATTCGACATCA	Other1
6.83843045191901e-12	0.274363338443779	0.34	0.151	1.32870703680786e-08	1	TTGACCCAGTCTGCAT	5HT
7.0653598196162e-12	0.461594295335339	0.238	0.09	1.37279941295143e-08	1	ATGCCTCAGTTAGTGA	NosChat
1.60106173935769e-11	0.369415192308403	0.365	0.178	3.110862959572e-08	1	CTTCGGTGTATCTTCT	5HT
2.24005250352588e-11	0.772959285405646	0.152	0.045	4.35242201435078e-08	1	CAAGGGAGTACAAACA	NosChat
2.83707661488217e-11	0.323377169882835	0.254	0.103	5.51243986271605e-08	1	AGAAGTAAGGGCAGGA	Nos2
4.59241373856707e-11	0.262825725392687	0.213	0.079	8.92305989403581e-08	1	TGGAGGATCGCAGATT	Nos2
5.0234370353877e-11	1.46112991102895	0.135	0.039	9.7605381597583e-08	1	GGGCTACGTAGCTGCC	Chat3
6.92074979898665e-11	0.265717238502026	0.234	0.092	1.34470168594311e-07	1	GACCGTGGTTCCAGGC	Nos2
7.09805516140139e-11	0.521291169761022	0.254	0.106	1.37915211786029e-07	1	AGTGATCGTTGCATTG	NosChat
8.22171032581333e-11	0.353754401623789	0.307	0.139	1.59747831630553e-07	1	TGAACGTCAACTCGTA	5HT
1.03922750051281e-10	0.421318634547865	0.324	0.151	2.01921903349639e-07	1	AGACTCAGTGTGTACT	5HT
1.07718737229744e-10	0.35633457726685	0.27	0.114	2.09297506437392e-07	1	CCCATTGAGCCATTGT	5HT
2.10685341785909e-10	0.320346938808461	0.246	0.104	4.09361619090022e-07	1	ATTTCTGCACGATAGG	Nos2
2.84703079750884e-09	0.378410357901624	0.209	0.085	5.53178083955967e-06	1	GATTCGATCCATTCGC	Nos2
8.57235845837506e-09	0.397761956163498	0.262	0.123	1.66560924846227e-05	1	GGGTGTCGTGCATTTG	5HT
1.65508464246674e-08	0.759915957233204	0.225	0.103	3.21582946031289e-05	1	CACGTGGCACGCGTCA	Other3
2.61063122278028e-08	0.896069708639988	0.25	0.123	5.07245646586208e-05	1	TGATGGTGTCATCCCT	Other3
3.87259993249637e-08	0.796228599399714	0.127	0.043	7.52446166884044e-05	1	GAGATGGAGAGCACTG	NosChat
6.23630520917004e-08	0.297807051595067	0.279	0.143	0.000121171410214174	1	ACTTCCGAGTCAGCCC	5HT
1.41626283155995e-07	0.359174879385533	0.266	0.136	0.000275179868172099	1	TTCCGGTGTTGCTAGT	5HT
1.88381875653975e-07	0.250349472393531	0.262	0.133	0.000366025984395673	1	TCGTCCACATGGCCAC	5HT
5.78037479402496e-07	0.401443650505445	0.234	0.117	0.00112312682247905	1	ACCATTTAGGCTCAAG	5HT
6.25679795902428e-07	0.51089691796625	0.115	0.04	0.00121569584343842	1	ATGCCTCCATCTGCGG	Nos2
7.42650315670622e-07	0.294264195710209	0.139	0.055	0.00144296956334802	1	TACAACGAGCCATATC	Nos1
1.23905850858682e-06	1.07001857931053	0.193	0.092	0.00240749068218419	1	CATTTCACAGACTCTA	Other3
5.1077081201368e-06	0.402157810972789	0.234	0.125	0.0099242768774258	1	GATTTCTGTTCGGCTG	5HT
5.19852463254905e-06	0.646109442491185	0.172	0.082	0.0101007333610428	1	GATTGGTAGTAACGAT	Other3
6.59725207919458e-06	0.623967253249339	0.111	0.043	0.0128184607898751	1	ATGAAAGAGGGTTAAT	Glia
1.38922981842287e-05	0.274223080456014	0.213	0.112	0.0269927353719564	1	CGGAGAATCTTCGCTG	5HT
1.58324478646354e-05	0.256772652879786	0.148	0.067	0.0307624462009866	1	AGGAATAGTTAAGAAC	Nos1
