p_val	avg_log2FC	pct.1	pct.2	p_val_adj	geneCluster	cell	cellType
1.01289744385938e-86	2.23427629268265	0.943	0.06	1.96805973341877e-83	12	TGTTCCGCACAGCTTA	Nos3
1.32499028970996e-75	2.56054404696209	0.943	0.077	2.57445613290645e-72	12	CCATAAGTCCTCTAAT	Nos3
1.41763186657701e-73	2.53173440415094	0.971	0.087	2.75445871675914e-70	12	TCACTCGCACATACTG	Nos3
8.77987958266414e-73	2.35787455839597	0.857	0.06	1.70593060291164e-69	12	CATACTTGTACAAGTA	Nos3
2.68931290261067e-72	3.0173951153803	0.943	0.083	5.22533496977253e-69	12	AACGTCATCGTTGCCT	Nos3
3.69070316843409e-71	3.63762385747949	0.971	0.089	7.17103625626744e-68	12	GGACGTCAGTTGCATC	Nos3
1.60870502019781e-70	2.32362496794867	0.8	0.052	3.12571385424435e-67	12	GACCAATGTGTATCCA	Nos3
1.81785619731964e-69	2.55050078689146	0.8	0.056	3.53209459139205e-66	12	ATTACCTCAACGCCCA	Nos3
1.00334766012491e-68	2.22674278650755	0.829	0.059	1.94950450362271e-65	12	GCGAGAAAGAGCCGTA	Nos3
1.5193783272165e-65	2.44759435304275	0.943	0.089	2.95215208978166e-62	12	ATCACTTCAGTCTGGC	Nos3
1.5806690558293e-65	2.15465724463853	0.886	0.073	3.07123997547634e-62	12	ACACCAACAAATAAGC	Nos3
5.22166779351942e-65	2.87909736077018	0.857	0.073	1.01457005228082e-61	12	CGATGGCTCCTCTAAT	Nos3
5.61692928702371e-65	2.88064505489537	0.914	0.084	1.09136936046871e-61	12	GAGTTTGTCTAGATCG	Nos3
8.00653572107537e-65	2.79515030022244	0.886	0.079	1.55566989060494e-61	12	AGAACAAGTTCCGCAG	Nos3
2.81251939031229e-63	2.68099593850734	0.914	0.089	5.46472517537678e-60	12	GTACAGTAGGCACGAT	Nos3
5.93572991129232e-63	2.54674530259584	0.857	0.075	1.1533123217641e-59	12	ACAGCCGAGGGTTAAT	Nos3
1.02337962416112e-62	2.73092281386538	0.914	0.09	1.98842660974506e-59	12	CATACAGCATTGACAC	Nos3
1.82539821044407e-62	2.3170962698763	0.771	0.057	3.54674872289283e-59	12	ACATCGAGTATTTCGG	Nos3
7.60380713653768e-60	2.45650561571958	0.8	0.067	1.47741972662927e-56	12	TGTTGGAGTCCAGAAG	Nos3
6.36572383225565e-59	2.78104426312895	0.714	0.052	1.23686014060727e-55	12	GTTACCCGTCGATGCC	Nos3
3.40596045100988e-58	2.38571193157283	0.857	0.077	6.61778115631219e-55	12	TGGAGAGTCAGTAGGG	Nos3
7.8166251131581e-58	2.39246819382844	0.8	0.068	1.51877025948662e-54	12	CTGCATCAGGACTAAT	Her4
9.87601679701105e-58	2.27149821185085	0.914	0.094	1.91891006365925e-54	12	TGGTACAGTACGAAAT	Nos3
6.10555057140121e-57	1.76235805934914	0.829	0.073	1.18630847602326e-53	12	GAGGCCTGTGAGCTCC	Nos3
1.47972357640889e-56	2.6284880889426	0.943	0.11	2.87510290896247e-53	12	ACGTAGTGTACTGTTG	Nos3
8.39472205034473e-55	2.68681949481478	0.943	0.119	1.63109449438198e-51	12	TCAATCTTCTAGGAAA	Nos3
1.22929543214715e-54	2.26439774522276	1	0.128	2.38852102466191e-51	12	CCATCACAGACCAACG	Nos3
5.59687254037864e-54	1.83797732919975	0.8	0.071	1.08747233459557e-50	12	GATAGCTCAAATGAAC	Nos3
3.82530923604142e-53	1.93036752241998	0.686	0.051	7.43257584562847e-50	12	CCGAACGAGGCATCAG	Nos3
5.35395148618405e-52	1.93405499177241	0.857	0.09	1.04027277376556e-48	12	AACCTGAGTAACATAG	Nos3
1.24392958091001e-51	2.00868168824276	0.629	0.043	2.41695517570814e-48	12	ACACGCGTCCAACCAA	Nos1
1.86685754976432e-51	1.87028123343158	0.657	0.048	3.62730421919208e-48	12	TCAGCCTGTGTGATGG	Nos1
4.59202591388367e-50	2.21154334560238	0.657	0.05	8.92230635067596e-47	12	ACATGCATCAGCCTCT	Nos1
9.60619669244481e-50	1.99512416928567	0.771	0.074	1.86648401734203e-46	12	ATCGATGAGCACAAAT	Nos3
5.13594703125527e-49	2.88006690189306	0.971	0.148	9.97914508172899e-46	12	GAAGAATGTGCGTGCT	Nos3
1.82076060770786e-48	3.01807480181689	0.743	0.073	3.53773786077637e-45	12	GACTATGGTATAGCTC	Glia
8.88671595197957e-48	2.00402952255058	0.857	0.098	1.72668890946963e-44	12	GGATGTTCACCAGCCA	Nos2
9.51843817006276e-48	2.24000626580839	0.714	0.067	1.8494325364432e-44	12	AGGCATTCATAACGGG	Nos3
2.01015565104609e-47	3.43515790925028	0.657	0.055	3.90573242998255e-44	12	TCGCTTGGTGCGGCTT	Glia
6.0187772659489e-47	2.09147589795744	0.914	0.119	1.16944842277387e-43	12	GGAGATGGTAAGGTCG	NosChat
1.11323187008617e-46	2.10641976436742	0.857	0.102	2.16300952357742e-43	12	GAGGGTAAGGCCCAAA	Nos2
4.97151664111717e-46	2.51947775945062	0.714	0.071	9.65965683369067e-43	12	AAGGAATAGCGACAGT	Nos3
5.91287340590305e-46	2.28036505956616	0.686	0.061	1.14887130276696e-42	12	TCTAACTCAGGTCAGA	Glia
1.13765324549751e-45	2.4030426334239	0.914	0.128	2.21046025600165e-42	12	TGTTACTTCAGTCATG	Nos3
1.30364768905603e-45	2.78585687356891	0.743	0.079	2.53298745983586e-42	12	ACCACAAGTAACACCT	Other2
2.03626746891618e-45	2.3243244248905	0.629	0.051	3.95646769210413e-42	12	GGTGTTATCAAAGAAC	Nos3
2.80012924547274e-45	2.2537335566216	0.686	0.065	5.44065112395354e-42	12	CTGGACGTCGGAGATG	Nos2
4.2303620248628e-45	2.64929026351221	0.943	0.146	8.21959341430842e-42	12	TGGTACACAATGGGTG	NosChat
6.14537727368514e-45	1.72739686237686	0.857	0.108	1.19404680427702e-41	12	CAATTTCCAGATCACT	Nos2
9.60642085952936e-45	1.88923651267833	0.771	0.083	1.86652757300656e-41	12	AGAGAATAGCGCCATC	Nos3
1.2762612613852e-44	2.38125493466345	0.8	0.094	2.47977563087144e-41	12	AGGGTGACAACTTCTT	Nos3
6.26812499834718e-44	2.22078506335131	0.8	0.097	1.21789668717886e-40	12	TTTCCTCAGTTGAATG	Nos3
6.14938133427501e-43	2.68775690516144	0.657	0.062	1.19482479324963e-39	12	TAGGTTGTCTTCGGAA	Other3
1.17552395004772e-42	2.48899173885148	0.914	0.133	2.28404303494273e-39	12	CAGCAATTCTCTGAGA	5HT
1.38025439445319e-42	1.86806368299816	0.714	0.072	2.68183428842256e-39	12	AGTTAGCAGTCTAGAA	NosChat
3.75610282436194e-42	2.18988747935737	0.886	0.122	7.29810778773525e-39	12	TTGCATTCAGGGAATC	NosChat
4.15600748834655e-42	1.59719815589471	0.857	0.108	8.07512254985735e-39	12	CTGCATCTCAAGGACG	Nos2
6.09966244691867e-42	2.33745640221149	0.657	0.063	1.1851644134363e-38	12	AGCTACACATGCCATA	Glia
2.78327220857672e-41	2.6773793276618	0.914	0.145	5.40789790126456e-38	12	CAGCACGGTTTGTTCT	NosChat
3.11733290164637e-41	2.53743416494719	0.771	0.097	6.05697782789889e-38	12	GGTTGTACAGTAGAAT	Chat1
1.17420785269106e-40	2.50283485963872	0.914	0.141	2.28148585777872e-37	12	TCATTGTCAATTTCGG	5HT
1.22018308659251e-40	2.0904747160408	0.629	0.058	2.37081573724925e-37	12	GCGGAAATCCGGACTG	Chat1
1.87247766330366e-40	2.05822632480048	0.857	0.119	3.63822409979901e-37	12	GGAATCTAGAATCCCT	Other3
3.59907973732145e-40	1.78555275266771	0.829	0.105	6.99301192961558e-37	12	GTGCACGTCGGCACTG	Chat2
6.81969781976566e-40	1.85187168792313	0.771	0.097	1.32506728638047e-36	12	AAGTACCTCGGCCAAC	Nos3
1.45288876971818e-39	2.27824124185749	0.886	0.131	2.82296287956243e-36	12	ATGCGATTCAAGAGTA	5HT
1.63105448855578e-39	2.01303592983607	0.857	0.125	3.16913887126389e-36	12	TGAGTCATCGTAGTGT	NosChat
3.48956713813904e-39	2.57472441006365	0.714	0.085	6.78022894940416e-36	12	TTGTTTGCAGATACTC	Chat1
4.16479524393989e-39	2.64158162990307	0.971	0.197	8.0921971589752e-36	12	GCCAGCATCTAGTCAG	Other3
4.45556332722099e-39	1.94051790352463	0.571	0.049	8.65715954479037e-36	12	TGCAGGCTCTGCCCTA	Nos1
5.10782650963552e-38	2.21790340248638	0.6	0.058	9.92450690822182e-35	12	CATTGCCGTGAGAGGG	Chat1
6.79557622836268e-38	2.12379049671984	0.6	0.057	1.32038046117087e-34	12	CATCCGTCAAATTGCC	Glia
9.30382477470067e-38	2.38217974532852	0.743	0.094	1.80773315372434e-34	12	CAAGCTACAATCTGCA	Other1
3.53337412125404e-37	1.75229754599475	0.886	0.134	6.86534591759659e-34	12	GACTATGCATGTGGTT	5HT
3.6934191756088e-37	1.96035945441198	0.6	0.058	7.17631345820791e-34	12	TGTTACTTCAGGAAGC	Glia
3.95474358291112e-37	2.30596010113526	0.886	0.148	7.6840667815963e-34	12	ATTCCTATCCGCTGTT	NosChat
5.99144502773857e-37	1.51017261131543	0.743	0.089	1.1641377688896e-33	12	GAACGTTTCTGTAACG	Nos1
7.09188113543919e-37	2.96674452952234	0.914	0.175	1.37795250461583e-33	12	CAGCGTGGTGGCGCTT	5HT
1.04919696370017e-36	1.89288162842347	0.743	0.095	2.03858970046943e-33	12	CGGTCAGAGTAGCCAG	Nos3
9.27080571710426e-36	1.9912404142709	0.657	0.076	1.80131755083336e-32	12	TTCTCTCCAACTCCCT	Nos3
2.0047571973956e-35	1.9785424437971	0.6	0.061	3.89524323453964e-32	12	TCATTTGTCGTGTTCC	Chat1
4.43078697001021e-35	1.61868644327697	0.629	0.067	8.60901908272984e-32	12	GTTAGACAGACGGTTG	Nos1
7.03037559230186e-35	2.04282714132233	0.943	0.173	1.36600197758425e-31	12	TGCGATAGTTAAGAAC	5HT
7.91203889764801e-35	2.31556253887427	0.686	0.084	1.53730915781301e-31	12	TGGATCAGTCAGATTC	Other3
1.45121410834656e-34	1.53567001884561	0.657	0.074	2.81970901251737e-31	12	AGTCACAGTTCGGTAT	Nos1
1.67172994505365e-34	1.87087439437085	0.686	0.088	3.24817128323924e-31	12	GTCATTTGTCGTTCAA	Nos3
1.96014657458749e-34	1.80536172652864	0.857	0.14	3.80856479442349e-31	12	GTCCTCATCTCAATCT	5HT
2.47474447068314e-34	2.82164709715097	0.829	0.145	4.80842850653734e-31	12	TTAGTCTGTTTCGATG	Nos3
5.50849679093672e-34	1.63225281563081	0.543	0.05	1.070300926479e-30	12	TATACCTAGGCAATGC	Her4
5.80176794463317e-34	1.894920669598	0.6	0.065	1.12728351164222e-30	12	AAGTGAACAGTCAACT	Nos3
8.91492048313569e-34	1.79783063601213	0.686	0.086	1.73216904987327e-30	12	ACAACCACAGTAACGG	Chat1
1.15170172639469e-33	1.18449052456974	0.657	0.076	2.23775645438487e-30	12	GCCATGGTCTGAATCG	Nos1
1.40121547013698e-33	1.36533886905167	0.657	0.076	2.72256165847616e-30	12	GCAACATTCATGCATG	Nos1
1.55465419868221e-33	1.93254670408853	0.629	0.072	3.02069310803953e-30	12	TGTCCTGCACAGAGAC	Nos3
1.60969477426534e-33	1.80807350999071	0.943	0.179	3.12763694639756e-30	12	CGTTCTGGTGTTCGTA	5HT
1.63739303647907e-33	3.57469478638268	0.8	0.139	3.18145466987884e-30	12	TTAATCCGTCGTTGGC	Other2
2.77214806586081e-33	1.75255990987453	0.714	0.096	5.38628369196756e-30	12	ATCGTAGGTCTCAAGT	Chat3
3.29741557843377e-33	1.97973824321295	0.714	0.098	6.40687846889681e-30	12	ACGTTCCCACTTTAGG	Chat1
5.18527534518226e-33	1.60048769201452	0.743	0.104	1.00749899956891e-29	12	TCAGGGCTCAGTCCGG	Nos3
5.36765023818067e-33	1.91581257524863	0.829	0.132	1.0429344412785e-29	12	GATGAGGCAGTGTATC	Other3
6.54340406483141e-33	1.23380428134177	0.571	0.058	1.27138340979674e-29	12	TTGGGATAGGTGCCTC	Nos1
6.90769240500591e-33	2.03708970782776	0.771	0.12	1.34216463429265e-29	12	GCAGCCAGTAACAGGC	5HT
8.33563720559769e-33	1.74932613566635	0.6	0.067	1.61961430904763e-29	12	ACAGCCGAGTAAACAC	Nos1
1.21168660725614e-32	1.92376858547845	0.943	0.207	2.35430707789869e-29	12	CACGAATCAGCTTTCC	Nos3
1.39496441633545e-32	1.58843783763048	0.771	0.116	2.71041586093978e-29	12	TTACAGGCATTCCTCG	Nos2
1.44065729216553e-32	1.33039468820305	0.8	0.119	2.79919711867762e-29	12	GTTACAGGTATAATGG	Nos2
1.6415326657509e-32	1.47753621628099	0.943	0.166	3.18949796955401e-29	12	CTGTGGGTCAGATTGC	5HT
2.23428715463251e-32	1.61346436205081	0.629	0.075	4.34121994145097e-29	12	AGACACTTCGTAACTG	Nos1
2.26237403282471e-32	2.08667170896243	0.886	0.168	4.39579274577841e-29	12	AGAACAAGTCTCAAGT	5HT
2.53140462497161e-32	1.80755858129134	0.886	0.161	4.91851918631985e-29	12	TTCGCTGAGGTCATTC	5HT
1.64816401267981e-31	1.95192632181137	0.914	0.19	3.20238267663687e-28	12	TGAGTCACATAATCCG	5HT
3.30125221164645e-31	1.25234821231987	0.743	0.11	6.41433304722904e-28	12	ATACTTCTCACGAACT	Nos1
4.65797213435817e-31	1.56348111706803	0.743	0.111	9.05043985705793e-28	12	ACTCCCAAGGTGAGAA	Chat1
7.20955101120223e-31	1.64305364847474	0.6	0.069	1.40081576147659e-27	12	AGTCAACCAGCAGTAG	Nos1
8.15739661105252e-31	1.4929438170412	0.8	0.126	1.58498216152751e-27	12	TGGTACACAAGTGGTG	5HT
3.3661340810108e-30	1.39826339934016	0.686	0.094	6.54039851940397e-27	12	TGGGAAGCAATTAGGA	Nos1
3.67551960865039e-30	1.92039059335065	0.543	0.06	7.14153459960772e-27	12	TCATACTAGTATAGAC	Nos1
4.77037662956877e-30	1.30447230938775	0.543	0.057	9.26884179125212e-27	12	TAGTGCACAGCATCTA	Nos1
6.04392436798928e-30	2.04001474306325	0.571	0.064	1.17433450470032e-26	12	TTGATGGAGACTGGGT	Nos1
6.36718057087878e-30	1.52288360414839	0.514	0.051	1.23714318492175e-26	12	TCTGTCGGTGGGTATG	Chat1
6.99206509036858e-30	1.11218646964105	0.543	0.056	1.35855824705861e-26	12	CTGATCCAGAATCGTA	Nos1
1.72696442697891e-29	1.83442905886221	0.6	0.074	3.35549188162003e-26	12	TAACTTCAGTGAGGCT	Nos1
2.58347562874766e-29	1.4288714033044	0.657	0.088	5.01969314665671e-26	12	TGCGACGCACCAAATC	Chat1
2.69155752117826e-29	1.5822301083907	0.714	0.109	5.22969626364936e-26	12	ACGTAGTGTACGAGTG	NosChat
3.08626062489095e-29	1.21448830537869	0.514	0.053	5.99660439416311e-26	12	AGGATAACACACACTA	Nos1
5.28157050107625e-29	1.7382222883957	0.514	0.054	1.02620914835911e-25	12	CTCCTTTCAAGAGTGC	Glia
6.70464713595359e-29	4.31550279273687	0.714	0.12	1.30271293851578e-25	12	GTTGTCCCAGCCGTCA	Other4
6.99796909134182e-29	1.62708086806294	0.514	0.054	1.35970539444771e-25	12	CCAAGCGGTGCAATGG	Nos1
7.37066446201887e-29	2.61704472271051	0.629	0.087	1.43212010497027e-25	12	CCGGTAGCAATGAAAC	Glia
1.4909962664877e-28	1.1119681784967	0.686	0.097	2.8970057457856e-25	12	TGTGTGACATTGACCA	Nos2
2.31415579532269e-28	2.34579751284416	0.543	0.063	4.49640471031198e-25	12	CAGATACCAAGAGGCT	Glia
2.34127002497239e-28	1.97502194665273	0.486	0.05	4.54908765852135e-25	12	CTGAGCGGTATGAAAC	Nos1
3.56844723101191e-28	1.76911528452033	0.571	0.069	6.93349296985615e-25	12	ACCACAATCAAATGAG	Glia
6.7399278506101e-28	1.50336776844481	0.686	0.101	1.30956798137354e-24	12	CTGTATTAGAGCAGCT	5HT
7.28399527124854e-28	1.43968614836117	0.8	0.144	1.41528028120359e-24	12	TCTACATCAGAGTTCT	NosChat
7.66121585753869e-28	1.50276033208856	0.8	0.145	1.48857424111977e-24	12	TTCATTGTCGACGTCG	Nos2
8.0715837242579e-28	1.17106854885625	0.829	0.151	1.56830871762331e-24	12	CCGGACACAGACCCGT	Nos2
8.41969035833125e-28	2.65493867159251	0.8	0.164	1.63594583662376e-24	12	TGGAGGAAGTCCCGGT	Other3
8.68795240863197e-28	1.65069485187871	0.543	0.063	1.68806915299719e-24	12	TTGACCCTCAATCTCT	Her4
1.25519475861085e-27	1.62601853582167	0.743	0.126	2.43884341598088e-24	12	AAAGGTAGTGCAAGAC	NosChat
1.9942110379659e-27	1.79620914230942	0.429	0.039	3.87475204676775e-24	12	GGGCGTTGTTGGGTTT	Nos1
2.03502144984322e-27	1.48284667285944	0.486	0.051	3.95404667704538e-24	12	GTGAGGACAAGAGATT	Nos1
2.41090208646193e-27	1.31099818516191	0.857	0.166	4.68438275399553e-24	12	ATTCCCGCAAGCTGCC	5HT
2.61905687820316e-27	1.52805412409624	0.8	0.148	5.08882751434874e-24	12	GATTGGTAGAGTCCGA	5HT
3.02362509862109e-27	1.74969644164687	0.543	0.065	5.87490356662078e-24	12	CTACCCATCAGGTGTT	Nos1
4.47832232319408e-27	1.44594478408643	0.743	0.126	8.7013802739661e-24	12	TACGGTACAGCGGTCT	Nos2
4.75294283013957e-27	1.68767592484116	0.8	0.146	9.23496791896118e-24	12	AGAAATGGTCATCGCG	5HT
6.7063417986739e-27	1.85000763516152	0.571	0.072	1.30304221148234e-23	12	CTCACTGTCTACTATC	Glia
1.16134675975519e-26	1.77919485522503	0.6	0.081	2.25649675420433e-23	12	AACCTGATCGGTCAGC	5HT
1.25906185579718e-26	1.81041602844259	0.6	0.082	2.44635718581393e-23	12	TCGACGGAGAGTGACC	Chat3
1.98677988984686e-26	1.649572949386	0.629	0.093	3.86031332597244e-23	12	CGCATGGGTAATGCGG	Chat3
2.84359661953426e-26	1.49126744931097	0.514	0.059	5.52510823175507e-23	12	AGTAGCTAGTGAGCCA	Chat1
4.04320167920612e-26	3.9723832037025	0.571	0.075	7.8559408626975e-23	12	ACACCAATCTACCTTA	Other4
4.13795109953687e-26	1.77898449039248	0.714	0.118	8.04003898640015e-23	12	CATCGCTCATTGTAGC	Other3
6.32418894087418e-26	1.39484371225859	0.714	0.122	1.22878991121185e-22	12	TGGAGGACAATGCTCA	Nos2
6.36243721346786e-26	1.07865640078319	0.514	0.058	1.2362215505768e-22	12	GACTCAATCGAGTCTA	Chat1
8.72781409173524e-26	2.08147463101193	0.514	0.062	1.69581427802416e-22	12	CCACAAAAGTTCAACC	Nos2
9.18312519017874e-26	1.99620262253475	0.457	0.049	1.78428122445173e-22	12	GTTTACTTCCCAACTC	Glia
9.31687592497859e-26	1.10843893851792	0.6	0.08	1.81026899222334e-22	12	TACGTCCTCACCTCGT	Nos1
1.41463676631426e-25	1.31682214008473	0.6	0.083	2.74863923694861e-22	12	ATTTCTGCAGCTGTAT	Nos1
1.51070555143879e-25	1.56777662023025	0.457	0.048	2.93530088644557e-22	12	AGGAAATCACGGTGTC	Nos1
3.36173974356912e-25	1.16517789920585	0.571	0.075	6.53186032175479e-22	12	CGGCAGTAGGCTATCT	Nos1
3.57516466722033e-25	1.05411268913772	0.571	0.074	6.9465449484091e-22	12	ACGTACATCTCCTACG	Nos1
4.17617066536413e-25	1.53754979701634	0.857	0.186	8.11429960280251e-22	12	GCCAACGAGGGAGGAC	5HT
4.46035662104632e-25	1.46710775984443	0.829	0.17	8.666472914693e-22	12	ATATCCTCAGGCAATG	5HT
5.97812630359702e-25	1.68597263642577	0.743	0.134	1.1615499407889e-21	12	CTCAAGACAGTCGAGA	5HT
6.75361237472889e-25	1.20821315066224	0.743	0.132	1.31222688440982e-21	12	GGGCTCATCAGGAAAT	Nos2
8.61612670627672e-25	1.39428187422162	0.743	0.134	1.67411341902957e-21	12	GGGTAGAGTCCCACGA	5HT
9.19622821952245e-25	1.75467295286291	0.857	0.202	1.78682714305321e-21	12	CCACCATAGCTCGAAG	5HT
1.13913846649608e-24	1.55469859878796	0.571	0.079	2.21334604040188e-21	12	TATGTTCGTCCAAATC	Chat1
1.23076065666604e-24	1.09170686192285	0.686	0.114	2.39136795590211e-21	12	TTCCACGCAACGTAAA	Chat1
1.82507498570435e-24	1.48858801066699	0.543	0.074	3.54612069722356e-21	12	TAACGACTCACAACCA	Nos1
1.82526849694188e-24	1.00664617497182	0.6	0.085	3.54649668955808e-21	12	AAAGGATCATCCTGTC	Nos1
2.02806849098957e-24	1.0889135392497	0.6	0.087	3.94053707799274e-21	12	GCGGATCCAATCCTAG	Nos1
3.26856978852749e-24	1.51205543114986	0.514	0.066	6.35083109910891e-21	12	TGCTTGCAGAAGCGAA	Nos1
6.13723299370806e-24	1.4500866162643	0.6	0.093	1.19246437067748e-20	12	CACTGTCCATAGAATG	Chat1
1.09006982958194e-23	3.26074126765158	0.714	0.145	2.11800567887771e-20	12	TTGTGGAGTCTACGAT	Other2
1.61762053810871e-23	1.31924647968417	0.514	0.067	3.14303670554523e-20	12	CGGGCATAGTCCTGCG	Nos1
1.84981217685481e-23	1.87322273818158	0.514	0.066	3.59418505962889e-20	12	ACCAACATCCCGAACG	Glia
2.14949885850881e-23	1.11676398217511	0.543	0.073	4.17647628208261e-20	12	GTGTGATTCTCCACTG	Nos1
2.58992408683902e-23	1.3179158561609	0.629	0.104	5.03222250072822e-20	12	TCCCACATCGATTGAC	Chat1
3.05599261511563e-23	1.08585364930558	0.6	0.09	5.93779365116968e-20	12	CTGTACCCAGTGTGCC	Chat3
3.80536955986162e-23	1.45036329232431	0.486	0.061	7.39383305481112e-20	12	TCTGCCAAGGCTCTAT	Nos1
4.13467263673866e-23	1.80375897649901	0.514	0.069	8.03366893318322e-20	12	AACGAAAGTCGCGTCA	Chat1
5.30313389569554e-23	1.06635631364323	0.571	0.083	1.03039891593364e-19	12	ACACTGAAGGACTATA	Nos1
6.10252760041252e-23	1.69818071466941	0.6	0.095	1.18572111276015e-19	12	CATTTCACAGACTCTA	Other3
6.35612298753415e-23	1.31656756354293	0.714	0.133	1.23499469647789e-19	12	TACTTACGTTTACGTG	NosChat
6.81336165800046e-23	1.11178488759364	0.543	0.075	1.32383617014949e-19	12	GTGGGAACAAACTAGA	Nos1
7.34445320592197e-23	1.42337111434489	0.514	0.069	1.42702725791064e-19	12	GTAGAGGCAGGCATTT	Chat1
9.33798173827964e-23	0.646160998361728	0.514	0.067	1.81436985174773e-19	12	TTCCGGTCATGCGTGC	Nos1
1.01090558674072e-22	1.98272293608681	0.514	0.07	1.96418955503722e-19	12	AATGGAAAGTGTTGAA	Glia
1.15211708947455e-22	1.10477863706017	0.571	0.083	2.23856350484904e-19	12	AGCGTCGAGCTCATAC	NosChat
1.1593785476465e-22	0.860538487078429	0.543	0.075	2.25267251807714e-19	12	TCGTGGGTCATCCCGT	Nos1
1.55132347032224e-22	1.29929911813769	0.514	0.069	3.01422150283611e-19	12	TCTGGCTAGCGTTACT	Chat3
1.7358744057797e-22	1.76385784257879	0.457	0.055	3.37280397042997e-19	12	ACACAGTAGGCGTTAG	Chat1
3.15632326699962e-22	1.13681790976354	0.829	0.186	6.13273610778026e-19	12	GACGTTAAGACGGTTG	5HT
4.00204467695347e-22	2.09923420537369	0.571	0.09	7.7759728073206e-19	12	TTAATCCGTAGCTTGT	Other3
4.16328124358851e-22	0.930017459291531	0.8	0.166	8.08925545629248e-19	12	TGCTCGTGTTCGATTG	5HT
4.31477759053801e-22	1.39188334133682	0.457	0.056	8.38361285841536e-19	12	GGCTTGGAGGTGCAGT	Nos1
4.49778756978052e-22	1.07923204534248	0.6	0.097	8.73920124808356e-19	12	CCCAACTGTACTGCCG	Chat1
5.09948707485089e-22	3.67479357537736	0.829	0.207	9.90830338643527e-19	12	CGTTCTGCAAGGGTCA	Other4
7.5097341475554e-22	0.988862206776542	0.657	0.108	1.45914134487001e-18	12	TGATCTTAGGACATCG	5HT
7.69387009261225e-22	1.35442465136718	0.457	0.055	1.49491895899456e-18	12	TGGGAAGCAACGACTT	Nos1
1.08422185827626e-21	0.774190635763351	0.686	0.121	2.10664307063078e-18	12	GTAACACAGCTCACTA	Nos2
1.10764283174493e-21	1.4074782588944	0.429	0.05	2.15215002208041e-18	12	GTCGAATGTCAGCGTC	Nos2
1.42829641628362e-21	0.872777683453332	0.6	0.096	2.77517993683907e-18	12	TATGTTCCAATCTGCA	Nos2
1.43891253690636e-21	0.950367792617811	0.714	0.131	2.79580705920906e-18	12	AGCGATTAGAGTGGCT	5HT
1.86397595433247e-21	1.1404854398911	0.486	0.064	3.62170527926799e-18	12	CTATCTATCAACGCTA	Nos1
2.14225418242204e-21	1.18400585605436	0.629	0.111	4.16239987644603e-18	12	CTGTATTGTATCAGCT	Nos2
2.30202938679521e-21	1.45678056873596	0.486	0.066	4.47284309854309e-18	12	TTTAGTCAGCCTCCAG	Nos1
2.58532577045896e-21	1.17724060343228	0.457	0.058	5.02328797200175e-18	12	TCCCACACAGTTGTTG	Nos1
3.82687913847896e-21	1.00184683678292	0.486	0.065	7.43562616606462e-18	12	ACAGAAACACCGTCGA	Nos1
4.19694367726363e-21	1.2296426360835	0.771	0.16	8.15466156492324e-18	12	CTCCACAAGTAGTCAA	Other1
4.21015264147383e-21	1.33139944971842	0.4	0.044	8.18032658238365e-18	12	CAACAACGTAGTCGGA	Nos1
4.37681840732851e-21	1.3783513950278	0.457	0.06	8.5041581654393e-18	12	TACCCGTTCTACCTTA	Nos1
4.3841560442482e-21	1.05660143410007	0.686	0.129	8.51841519397425e-18	12	ATCGTGATCTCGTTTA	Nos2
6.89929806573893e-21	0.942194744766477	0.771	0.166	1.34053361417307e-17	12	TCCTCTTGTCCGTACG	NosChat
9.81798917823227e-21	1.10469975956392	0.571	0.092	1.90763529733053e-17	12	TCCGTGTCAATGTCTG	Chat1
1.02022416715181e-20	1.50691770315341	0.371	0.039	1.98229555677597e-17	12	GGCAGTCCATGGCTAT	Glia
1.28558818598217e-20	1.10929447066691	0.514	0.075	2.49789784536336e-17	12	GCCAACGTCGGTCAGC	Chat1
1.28893433212244e-20	0.645281033337649	0.886	0.199	2.50439940731389e-17	12	CCTACGTCAACCGTGC	5HT
1.55280379740482e-20	1.08248234943081	0.6	0.101	3.01709777835758e-17	12	GTTCTATTCGTAACCA	NosChat
1.61498205606582e-20	1.00593049966317	0.543	0.081	3.13791013493589e-17	12	CACCGTTTCCCATGGG	Chat1
1.88918601831633e-20	1.36614765131938	0.543	0.083	3.67068843358863e-17	12	GGAGGATTCATTACCT	Chat2
2.42984372864706e-20	0.856427422316328	0.886	0.215	4.72118636476124e-17	12	CAATCGAGTGCGTTTA	5HT
2.45087288250124e-20	1.62357336318896	0.457	0.059	4.76204601069991e-17	12	ACAGAAAGTTGGGTAG	Glia
2.57109721912768e-20	1.25272656214368	0.514	0.075	4.99564189676509e-17	12	GAACGTTGTCAGGTGA	Chat1
3.08497311775641e-20	1.27850358028284	0.457	0.061	5.9941027678007e-17	12	CATACAGGTGATTAGA	Nos1
3.40463920462033e-20	1.08815780352466	0.629	0.113	6.61521397457729e-17	12	TAGCACAGTAGCGAGT	Nos2
3.66900478284083e-20	1.85009306225716	0.514	0.081	7.12887629305974e-17	12	GTGTTAGGTACTCCGG	Chat1
3.69104191901419e-20	1.15436434898874	0.6	0.104	7.17169444864457e-17	12	AAGCGAGGTGAATATG	Chat2
3.90660655200669e-20	1.23969249234157	0.6	0.108	7.59053653054899e-17	12	TGGATCACAGCATACT	Nos2
3.90949917588008e-20	1.01016125154155	0.771	0.168	7.596156898735e-17	12	TCTCTGGCACACCTGG	5HT
4.08972974428931e-20	1.57430152012141	0.514	0.078	7.94634489315413e-17	12	AAAGTGACATACCAGT	Glia
4.13644097331106e-20	1.26894757665686	0.486	0.068	8.03710481114339e-17	12	AGGCATTGTTCTCGTC	Chat3
4.33228244577174e-20	1.36459462313059	0.514	0.077	8.41762479213448e-17	12	GATTCTTAGAAGTATC	Chat1
4.88774286135441e-20	1.55544314074463	0.371	0.041	9.49688437961162e-17	12	CCTCACAGTAGAGCTG	Nos1
6.22544066973082e-20	1.47338120694427	0.457	0.063	1.2096031221287e-16	12	GGCGTCAAGATAACAC	Nos1
6.47064987243131e-20	1.15897414224484	0.514	0.078	1.2572472702134e-16	12	GAGGCAAGTCGAAGCA	Nos1
6.59720115890802e-20	0.972418842128165	0.543	0.084	1.28183618517583e-16	12	TACATTCCAATCAAGA	Nos1
6.91053235922835e-20	1.18584244958533	0.714	0.147	1.34271643739807e-16	12	TGTTTGTAGCATATGA	5HT
8.14914505993961e-20	1.10433670844557	0.571	0.097	1.58337888514627e-16	12	ATTCCCGCATAATGAG	Nos2
8.76792740364211e-20	1.17526430411762	0.6	0.105	1.70360829452766e-16	12	TTCCGGTAGAAGTCAT	Chat1
1.05470558941353e-19	1.32733676025111	0.4	0.047	2.04929296023049e-16	12	TCTATACTCTAGTGAC	Glia
1.19056540117345e-19	0.555819240716377	0.543	0.083	2.31326857448002e-16	12	TGATCTTGTCTACGAT	Nos1
1.19472636106928e-19	3.40688520417995	0.657	0.142	2.32135331955762e-16	12	TCGTCCACAGTAGTTC	Other2
1.48500102655825e-19	1.00472999362447	0.771	0.177	2.88535699460268e-16	12	GGTTCTCTCTATCCAT	Glia
2.17028985978636e-19	1.08016352954267	0.629	0.115	4.2168731975649e-16	12	TTACCGCGTGGCTAGA	Chat2
2.40723511374937e-19	1.43645435005563	0.429	0.055	4.67725782601503e-16	12	ACTTAGGGTTGGTAGG	Chat1
2.66041634547982e-19	0.709966011562063	0.629	0.113	5.16918895926729e-16	12	TTTCAGTTCCATTGCC	Nos2
2.70213393588389e-19	0.958513757651482	0.657	0.124	5.2502462374224e-16	12	AGTAGCTGTTCAGTAC	5HT
3.02355023665568e-19	0.48067709992675	0.571	0.093	5.87475810982198e-16	12	CCCTAACTCAGTGGGA	Nos1
3.0512257642787e-19	1.74427352583179	0.429	0.056	5.92853165999352e-16	12	GGGCCATAGGCTGTAG	Glia
3.90964240252454e-19	0.450056477237526	0.686	0.13	7.59643518810519e-16	12	ATTCTTGCAAGCCATT	Nos2
4.10856715961833e-19	0.928771693553633	0.571	0.097	7.98294599113842e-16	12	TTACGCCCACAGCTTA	Chat2
4.78472294903281e-19	0.920491221545641	0.486	0.072	9.29671668997075e-16	12	GGGTTTAGTCGAAACG	Nos1
5.99432519095507e-19	1.36806920081621	0.571	0.1	1.16469738460257e-15	12	GAGAGGTAGTCAGCGA	Chat2
6.30250629501485e-19	1.30508931799919	0.486	0.074	1.22457697312138e-15	12	CGTGAATAGGTAGATT	Chat1
6.31588519434854e-19	0.904312949829651	0.457	0.063	1.22717649326192e-15	12	GAAGCCCTCAGCGCAC	Nos1
7.91681956692776e-19	1.61085745911536	0.486	0.075	1.53823804185406e-15	12	GTTCATTAGCCATCCG	Chat1
9.13299079680242e-19	1.63795304599805	0.571	0.105	1.77454011181871e-15	12	CAGGTATCAATGGCCC	NosChat
9.762015949566e-19	1.24425819828181	0.657	0.132	1.89675969900067e-15	12	GCATGATAGTACAACA	NosChat
1.22765542454576e-18	1.55325371441048	0.4	0.051	2.38533448989241e-15	12	CTACGGGGTATGTCTG	Chat1
1.2358415111674e-18	1.39666673134545	0.457	0.066	2.40124005619826e-15	12	AAGCGTTGTATGAGGC	Chat1
1.2732174688973e-18	1.44232564178356	0.657	0.135	2.47386154206745e-15	12	ATCTCTAGTCCAAAGG	Other1
1.44909975283559e-18	1.28472286641255	0.514	0.083	2.81560081975956e-15	12	ACGATCACACACCAGC	Nos1
1.48949945331503e-18	1.12906927192141	0.4	0.05	2.89409743779109e-15	12	TGCAGATTCCTGGTCT	Nos1
1.55010798217444e-18	0.361770688071403	0.8	0.174	3.01185980936493e-15	12	ATGAAAGAGAGCTGAC	5HT
1.6338545441008e-18	0.652503895327943	0.6	0.113	3.17457937918785e-15	12	GCATTAGCAACACACT	Nos1
1.69643591924411e-18	1.12819926108582	0.543	0.093	3.29617499109131e-15	12	CCTGTTGAGGTTTACC	Chat1
1.81362456683902e-18	1.06825631296999	0.543	0.091	3.52387253336821e-15	12	GACTATGCAACGCCCA	Chat2
2.03725477149039e-18	0.844608430832945	0.629	0.117	3.95838602100584e-15	12	GTGCTTCTCGGTCTAA	Nos2
2.38448459590207e-18	1.06612019962502	0.457	0.064	4.63305356983772e-15	12	GTGGTTAGTGGGAGAG	Chat1
2.47963307503887e-18	1.47710953186634	0.371	0.044	4.81792706480052e-15	12	TCATTCATCTGCCTCA	Glia
2.51218872066217e-18	1.05924182839627	0.543	0.09	4.8811826842466e-15	12	AACCTTTAGAGGTATT	Chat2
2.63686233893423e-18	1.15778919543257	0.457	0.066	5.1234235245492e-15	12	CGGCAGTCAAGCGCTC	Nos1
2.67093615058988e-18	0.840341704597825	0.486	0.072	5.18962894059614e-15	12	TAGACCAGTGGTTTGT	Nos1
2.89455586408707e-18	1.09263165639924	0.486	0.075	5.62412204392118e-15	12	GGGTTTACAAGACAAT	Nos1
3.15556770506971e-18	1.18659404533164	0.543	0.091	6.13126805095044e-15	12	CTCCGATAGATCGCCC	Nos2
3.62835453588261e-18	1.30011812336842	0.429	0.06	7.0498928632199e-15	12	CGGGACTCATAATGCC	Chat1
5.02702087644902e-18	1.61815008825962	0.429	0.061	9.76750156294044e-15	12	GCCGATGTCAACGTGT	Glia
5.49441662587861e-18	0.909043297846803	0.571	0.102	1.06756515040821e-14	12	TCTTTGACAAACCACT	Chat1
6.17997510858227e-18	1.48559237112922	0.486	0.08	1.20076916359754e-14	12	TTCCTTCTCTGGGCAC	Chat3
6.2019209213241e-18	1.28068486575076	0.514	0.085	1.20503323501327e-14	12	TTCATGTGTTTGCAGT	Chat1
7.85537925612012e-18	1.24643402850359	0.457	0.069	1.52630018946414e-14	12	GGGCGTTAGCACTTTG	Nos2
1.00401951380703e-17	1.77626891650059	0.457	0.07	1.95080991532705e-14	12	AAACGAATCGCGATCG	Nos1
1.16477029892956e-17	1.36688116905958	0.571	0.108	2.26314869082014e-14	12	TTCGGTCGTGGCTCTG	Other1
1.31498845014815e-17	0.798533563664219	0.429	0.06	2.55502255863785e-14	12	ACTTCGCCAAGTCGTT	Nos1
1.60972614970293e-17	0.346467147224053	0.8	0.185	3.12769790887279e-14	12	CCAAGCGGTTCCTAGA	5HT
1.67015017491105e-17	1.26556629853168	0.429	0.062	3.24510178985217e-14	12	CGTCAAAAGTTTCAGC	Chat1
1.97083023511602e-17	0.735847200860154	0.686	0.149	3.82932314683042e-14	12	CTAGGTATCAGGAGAC	5HT
3.61731402161504e-17	1.01948278402594	0.543	0.095	7.02844114399802e-14	12	TTAGGGTCAATTTCCT	Nos2
4.74996665027387e-17	0.55718906527505	0.629	0.125	9.22918520148213e-14	12	CCCTAACCACCCTTGT	Nos2
4.81101057186768e-17	1.31695243703094	0.429	0.063	9.3477935411389e-14	12	CAACAACGTGGATCGA	Chat1
4.94763300182385e-17	1.7802571454118	0.429	0.064	9.61325092254374e-14	12	CACCAAAAGCGCTTCG	Other2
5.06069240845718e-17	0.59730408063541	0.571	0.105	9.83292534963231e-14	12	TACCCGTCACATCATG	Chat3
5.70137032414531e-17	0.2839537140252	0.8	0.191	1.10777625398143e-13	12	AGGTCATTCTATACTC	5HT
7.61204202555108e-17	1.50717701965675	0.343	0.042	1.47901976556457e-13	12	GTAGTACAGCCATTTG	Chat1
9.51238456695844e-17	0.98451821457151	0.657	0.141	1.84825632136003e-13	12	GAGTTGTTCACATACG	Other1
1.16076257378767e-16	0.844606481278665	0.486	0.081	2.25536168086945e-13	12	TGCACGGTCACTCACC	Nos1
1.17693226097633e-16	1.14975596462948	0.4	0.055	2.286779383077e-13	12	CTTCCTTTCAGCTTGA	Nos1
1.17859084612145e-16	1.13532387611513	0.486	0.08	2.29000201401398e-13	12	CCTACGTCATGCAGCC	Chat1
1.43828741604085e-16	0.736293947591504	0.743	0.18	2.79459244936737e-13	12	AGGTAGGCACATTACG	5HT
1.47860492407737e-16	0.984752533866696	0.6	0.123	2.87292936748233e-13	12	TGCTCCACAATAACCC	NosChat
1.62311749606725e-16	1.11807139606866	0.629	0.134	3.15371729485866e-13	12	AAAGAACAGCCAAGGT	Other1
1.63062451568425e-16	0.634106803440032	0.629	0.127	3.16830343397449e-13	12	ACTTATCTCGGCTGTG	5HT
1.64567476307827e-16	0.729018960124306	0.571	0.105	3.19754606466109e-13	12	CAACCTCTCTTCTAAC	NosChat
1.77744438314261e-16	1.12997036602683	0.571	0.114	3.45357443644608e-13	12	TCCAGAAAGGAGGTTC	NosChat
1.95153174966925e-16	1.70661015727996	0.371	0.05	3.79182618960736e-13	12	TGTTGAGGTAGCTGTT	Glia
2.1012463981663e-16	1.07584629821163	0.429	0.064	4.08272175163713e-13	12	CTCAGTCGTACAGAGC	Chat1
2.98397758759011e-16	0.793164366307011	0.629	0.131	5.79786845268758e-13	12	GTAGTACCAACGGGTA	5HT
3.15654673156756e-16	0.944357670576556	0.514	0.092	6.13317029943577e-13	12	AAGACTCTCTCACGAA	Chat1
3.68162121662601e-16	1.58161769455204	0.486	0.089	7.15339002390433e-13	12	CCCGGAAAGGTAGATT	Chat1
4.52971388604724e-16	0.879350016805322	0.457	0.075	8.80123408058979e-13	12	ACAAGCTAGGACGCTA	Nos1
4.54537299815993e-16	1.01388034079705	0.457	0.076	8.83165973542474e-13	12	TCATGTTGTAGCGTCC	Nos1
5.15409274560928e-16	0.906618506080327	0.343	0.043	1.00144022047188e-12	12	CGAGGAACAGCGCTTG	Nos1
5.37660785805675e-16	1.07929816201168	0.6	0.126	1.04467490682043e-12	12	TGATTTCTCCTTGGAA	Chat1
6.47042965272173e-16	1.23584470298106	0.429	0.067	1.25720448152383e-12	12	TAGCACATCACGTCCT	Glia
6.80542522414911e-16	1.1223632453333	0.457	0.076	1.32229412105217e-12	12	TACCCACCACAGCTGC	Chat1
7.69060612288477e-16	0.717435287356712	0.6	0.13	1.49428476967651e-12	12	GCATCTCCAAACCATC	Nos2
7.72391475872045e-16	1.41466704996723	0.371	0.052	1.50075663761938e-12	12	CCTCTAGAGAGTTGAT	Nos1
9.00668638389676e-16	1.0469603803144	0.486	0.088	1.74999916439114e-12	12	GGGTCTGGTACCTTCC	Chat3
9.15799477433545e-16	0.847595995325123	0.486	0.085	1.77939838465338e-12	12	TTGATGGTCGGAAGGT	Nos2
1.08914437256398e-15	0.663505032493248	0.686	0.158	2.1162075158918e-12	12	GCCAGTGAGTAACGAT	5HT
1.1021976092772e-15	1.16869159731628	0.457	0.079	2.14156995482559e-12	12	TCAAGTGGTCACAGTT	Chat1
1.15743267521068e-15	0.825686582306548	0.657	0.149	2.24889168793436e-12	12	TTGTTTGTCAAACCTG	5HT
1.24772908956353e-15	1.77488903425154	0.714	0.194	2.42433762102195e-12	12	CTGTAGAAGAGTAACT	Other3
1.35876819258955e-15	0.984916286132998	0.4	0.06	2.64008659820149e-12	12	CACAGATAGGATTTGA	Nos1
1.58310046082453e-15	0.50545384676376	0.486	0.084	3.07596419538205e-12	12	TACAGGTTCCATACAG	Nos1
1.61964135978694e-15	0.511021447208055	0.514	0.093	3.14696316206603e-12	12	CATTGCCGTACGGTTT	Nos1
1.9139611473878e-15	0.959911218627201	0.686	0.169	3.7188265093745e-12	12	TTATTGCGTGTATTGC	5HT
2.25623730668774e-15	1.04673503286962	0.6	0.133	4.38386908689427e-12	12	AGGATCTAGCGTACAG	5HT
2.97543260813216e-15	0.84345114061316	0.429	0.067	5.78126555760079e-12	12	AGCGCTGGTATCGGTT	Chat1
3.09293085572445e-15	1.79477664340902	0.457	0.081	6.00956465267261e-12	12	ATGTCCCGTCCGGACT	Glia
3.10735650739007e-15	1.16001276526997	0.457	0.078	6.03759369385891e-12	12	AAGCATCTCATTGTTC	Chat1
3.11162880590289e-15	0.954562970936221	0.457	0.077	6.04589476986931e-12	12	TGCACGGCATCAGCTA	Chat1
3.84966321326805e-15	1.3055249353432	0.486	0.091	7.47989562337982e-12	12	GTGAGCCCAAGATTGA	NosChat
4.05489475641091e-15	1.18000260093341	0.429	0.07	7.87866051170641e-12	12	GCTACAATCGACCATA	Chat1
4.45188939178844e-15	0.689816236305111	0.457	0.076	8.65002108824493e-12	12	GATAGAACAGCGACCT	Chat1
4.9989553176471e-15	0.653750718181979	0.429	0.068	9.71297018218832e-12	12	AGTTCGACAAACTCTG	Nos1
7.28079689505269e-15	0.638096187616842	0.629	0.139	1.41465883670874e-11	12	CCTCTAGAGGTCACCC	5HT
7.83472411324211e-15	0.741265045542194	0.486	0.088	1.52228689520294e-11	12	TTCCACGGTTAGAAAC	Chat1
7.8599345739859e-15	1.60065991205978	0.4	0.064	1.52718528772546e-11	12	CGAGGAAGTCCCTGTT	Chat1
8.11571594554056e-15	0.822348725594041	0.486	0.09	1.57688360821853e-11	12	TCCGTGTGTGCCCGTA	Nos2
8.33055567299381e-15	1.4995154744848	0.371	0.055	1.6186269672627e-11	12	GTGAGCCAGGGCTTCC	Glia
8.70424729206669e-15	0.724235910061741	0.486	0.089	1.69123524884856e-11	12	TAGACTGCAGGGTCTC	Nos2
9.12027200414353e-15	1.28297470979721	0.457	0.082	1.77206885040509e-11	12	AACCTTTAGGTGGCTA	Chat1
9.14581978754163e-15	0.808465876875196	0.486	0.091	1.77703278471934e-11	12	TTCTAACAGTAGCCAG	Nos2
9.47471732664339e-15	1.37437697059948	0.314	0.04	1.84093757656681e-11	12	AGGATCTTCACGATCA	Chat1
1.07329771028871e-14	1.00581765252962	0.457	0.079	2.08541745109096e-11	12	GACCAATGTCATAAAG	Chat1
1.16795217170171e-14	0.707251314894195	0.6	0.13	2.26933106961643e-11	12	GATTTCTGTTCGGCTG	5HT
1.17533715585806e-14	0.877852860005655	0.657	0.163	2.28368009383221e-11	12	ACTATGGAGCGCCATC	5HT
1.35356970563756e-14	0.750185172149574	0.714	0.191	2.62998593805378e-11	12	CCGATGGGTATGGGAC	5HT
1.50267592524168e-14	0.811043299316414	0.486	0.091	2.91969932274459e-11	12	TCGACGGTCTGACGCG	Nos1
1.56360039590252e-14	0.844709923687348	0.457	0.082	3.03807556923859e-11	12	CCTATCGGTTGCATTG	Chat1
1.81727524758405e-14	1.93587757533315	0.429	0.074	3.53096580605581e-11	12	CTCCAACAGGTAAAGG	Nos1
1.84928473828729e-14	1.10176759810351	0.343	0.048	3.5931602464922e-11	12	GCTCAAACACTCACTC	Glia
2.31685909691509e-14	1.04272206096326	0.457	0.085	4.50165722530603e-11	12	AAACGCTAGCAATAAC	Chat1
2.52887724324592e-14	0.932677632422006	0.429	0.072	4.91360848362681e-11	12	TCATGCCAGAAGAACG	Chat1
3.23076212462445e-14	0.585247109430793	0.429	0.072	6.2773708081453e-11	12	TGTAGACGTCTTCAAG	Nos1
3.39165734298758e-14	0.924625400980045	0.486	0.092	6.58999021742487e-11	12	CACACAAAGCATCTTG	Chat1
3.50793623341074e-14	1.23875407943884	0.486	0.095	6.81592010151707e-11	12	TGCAGTAAGCCTAACT	Chat1
3.93733896134448e-14	1.33171947645926	0.429	0.076	7.65024960189232e-11	12	TGTAGACCAAATAAGC	Chat1
4.07308231315866e-14	0.62518598742546	0.371	0.055	7.91399893446727e-11	12	AGTGTTGTCTCGTCAC	Nos1
4.18681821838539e-14	0.529169884966283	0.486	0.091	8.13498779832282e-11	12	CTGGTCTGTATGGAAT	Nos1
4.25114412377536e-14	0.980731892727026	0.457	0.087	8.25997303249552e-11	12	ATTTCACCAGGAATCG	Chat3
4.53590739399883e-14	1.66321947534522	0.457	0.087	8.81326806653972e-11	12	TACACCCGTTGCGGAA	Glia
4.58894144241174e-14	1.46613211255168	0.514	0.109	8.91631322260602e-11	12	TGGAGAGTCGAGTGGA	5HT
4.94870068514366e-14	0.863314345530545	0.657	0.166	9.61532543123414e-11	12	CATCAAGGTTGCTCGG	Other1
5.02090186100862e-14	1.57666453366789	0.343	0.049	9.75561231593974e-11	12	GGCTTTCTCGTCTACC	Glia
6.29707161115439e-14	0.759779483333013	0.429	0.075	1.2235210140473e-10	12	GTGTGATAGAAGTATC	Nos1
6.69368218873871e-14	0.753507343500774	0.486	0.093	1.30058244927193e-10	12	CAAGAGGCACCTATCC	Chat1
7.14657887177088e-14	0.87958053211178	0.4	0.065	1.38858027478508e-10	12	AGTCACATCAGAGTTC	Chat1
7.70944256275738e-14	1.04297398817236	0.514	0.106	1.49794468994376e-10	12	TAGATCGTCTAGATCG	Other1
7.81583454393203e-14	0.540890618430181	0.4	0.065	1.51861665188599e-10	12	GGGTTTAGTTTGTGGT	Nos1
8.98666085369664e-14	0.859217271371667	0.4	0.067	1.74610820387326e-10	12	GGGACTCTCAAGAATG	Nos1
9.32304963649203e-14	1.49470955384264	0.457	0.087	1.8114685443704e-10	12	GATTGGTAGTAACGAT	Other3
9.73977145003415e-14	1.51861308287537	0.4	0.07	1.89243759274163e-10	12	CCTCACAAGTGGCAGT	Chat2
1.01702733604487e-13	1.79249881197578	0.286	0.037	1.97608411393519e-10	12	GATCACAAGCGTGCTC	Nos1
1.13988437074811e-13	0.694922075569814	0.514	0.103	2.21479533236357e-10	12	AGAAATGTCTATACTC	Chat2
1.16039275900767e-13	1.18489091390413	0.343	0.051	2.2546431307519e-10	12	TCCACGTCAGTTGAAA	Glia
1.35823183208894e-13	1.22314370981173	0.314	0.042	2.63904444974882e-10	12	TTACCGCGTCACGTGC	Glia
1.53066070003569e-13	1.02910310471681	0.514	0.111	2.97407374016935e-10	12	TGCGGCAAGCTTTCTT	Nos2
1.65523728416229e-13	1.31466924813509	0.371	0.06	3.21612604312733e-10	12	CGAGGAAAGTGGTGAC	Chat3
1.78416313101135e-13	0.404870645505993	0.457	0.085	3.46662896355506e-10	12	CTTCCTTGTTGCGTAT	Nos1
1.85245366203602e-13	0.843121271979809	0.543	0.12	3.59931746533599e-10	12	TAGCACAAGAAACTAC	Nos2
1.93428205987793e-13	0.442629205503235	0.514	0.106	3.75831004234283e-10	12	TCCATGCAGCTTTCCC	Nos1
1.9601348320245e-13	0.655324449594567	0.371	0.059	3.8085419786236e-10	12	TACATTCGTCCAATCA	Nos1
2.05358647107958e-13	1.91538335805982	0.4	0.069	3.99011851330762e-10	12	ATCGCCTGTGACTGTT	Glia
2.12707663947624e-13	0.93630435786911	0.743	0.212	4.13290991050233e-10	12	GCAACATTCCTCGATC	Other3
2.14591373256073e-13	0.908167265009518	0.429	0.078	4.1695103823655e-10	12	AGATGAAGTGCTCCGA	Nos2
2.18622506920419e-13	0.879941724970126	0.6	0.146	4.24783530946374e-10	12	CTACCCAGTTTGATCG	Chat2
2.21052115311403e-13	1.04208272531061	0.457	0.089	4.29504260050057e-10	12	CGAAGTTGTGGTCTAT	Chat2
2.23153526874144e-13	0.720687729490342	0.4	0.068	4.33587302716461e-10	12	TGATCTTGTTACACAC	Nos1
2.73298099741773e-13	0.790079012775425	0.4	0.068	5.31018207798265e-10	12	TACGGGCCAACGGCTC	Nos2
2.77563629612485e-13	1.59863516348437	0.371	0.061	5.39306132337058e-10	12	ATCACGAAGCCTTGAT	Glia
3.34527540289306e-13	0.999553714545746	0.486	0.1	6.49987010782121e-10	12	ACAACCATCAAGCTGT	Chat1
3.36102811523663e-13	0.402270468471934	0.629	0.148	6.53047762790477e-10	12	GTTGCGGTCTTCGCTG	5HT
3.78745003628093e-13	0.702365848634724	0.571	0.132	7.35901542049386e-10	12	TCGCACTGTACCCAGC	Chat2
4.51474019085399e-13	1.01196537679541	0.457	0.089	8.77214019082931e-10	12	TCTCCGAAGGGCTAAC	Other1
4.71473573147985e-13	1.19991860071803	0.286	0.037	9.16073152626536e-10	12	TGTCAGACAGAGTTGG	Nos1
4.77464279343158e-13	0.831420487526112	0.629	0.16	9.27713094763757e-10	12	GTCCTCACACGGGCTT	5HT
4.81678482210054e-13	0.898809231594324	0.457	0.091	9.35901290934135e-10	12	GGTTGTACACGTTCGG	Chat1
4.88041050302653e-13	0.645025384204333	0.457	0.09	9.48263760738054e-10	12	ATTGTTCAGCCTTTGA	Nos1
5.52854460720542e-13	1.5101554447167	0.343	0.054	1.07419621718001e-09	12	TATGTTCTCTCGTTTA	Glia
6.63051687609492e-13	1.11128628124954	0.4	0.072	1.28830942902524e-09	12	AGCGCTGTCGGCTCTT	Chat1
7.49435424854848e-13	0.922958260463891	0.4	0.07	1.45615303049297e-09	12	TTTAGTCAGCCTAACT	Glia
7.89847083752049e-13	1.0040219793918	0.4	0.07	1.53467288373023e-09	12	TCCGATCGTACGGATG	Chat1
8.63700091504466e-13	0.576739459971019	0.429	0.08	1.67816927779318e-09	12	GCTCAAAAGAGGCGGA	Nos1
9.62990406555945e-13	1.0050213204434	0.429	0.083	1.8710903599382e-09	12	ACTTAGGGTTTCGTTT	Chat1
9.85883209490349e-13	0.894130738906894	0.429	0.081	1.91557107603975e-09	12	AGACTCATCTCAGTCC	Nos1
1.03941701418119e-12	0.798046950075758	0.457	0.091	2.01958725855406e-09	12	GTGGAAGCATTATGCG	Chat2
1.19630391224558e-12	0.853491947846499	0.543	0.126	2.32441850149317e-09	12	GTCACTCAGGTTGGAC	NosChat
1.28436800407169e-12	0.607510313370729	0.429	0.083	2.49552703191129e-09	12	GTGTTAGTCGGTCTGG	Nos2
1.32820786676562e-12	2.08928819671135	0.4	0.074	2.5807078851256e-09	12	TGATTCTCAACAAGTA	Other2
1.40094166051571e-12	0.322942749389164	0.657	0.166	2.72202964638203e-09	12	GTAAGTCCAGCCCACA	NosChat
1.41326943545906e-12	0.873433500912198	0.486	0.102	2.74598251309695e-09	12	CAGCACGGTTTCGTAG	Chat3
1.43993656197599e-12	0.951912376635845	0.371	0.063	2.79779673991935e-09	12	GCACGTGTCTAGGCCG	Nos1
1.44451276105819e-12	1.73858095867511	0.371	0.066	2.80668829473607e-09	12	CCGCAAGTCCTCACTG	Other2
1.69298765163589e-12	1.0471599907745	0.486	0.106	3.28947500712854e-09	12	TACTTCATCTTCGCTG	Chat1
1.83930753982948e-12	1.44648607122491	0.4	0.074	3.57377454988867e-09	12	GTTACAGAGTTGGAGC	Nos1
1.9155262596247e-12	0.82426227224694	0.514	0.115	3.72186752245079e-09	12	ATTTCTGCACGATAGG	Nos2
2.11925648096795e-12	1.3988101711837	0.371	0.065	4.11771534252073e-09	12	CAATGACGTATTTCTC	Glia
2.19718964175881e-12	0.734897558568357	0.486	0.102	4.26913947393737e-09	12	TGTTGAGGTCTTGTCC	Chat1
2.37970866614075e-12	0.371982921996812	0.514	0.109	4.62377393831148e-09	12	TCATGGAGTGTGAGCA	Nos1
2.60062066972868e-12	1.73158838562528	0.343	0.055	5.05300596128282e-09	12	TCTTCCTTCCACTGAA	Glia
2.65671662814249e-12	0.393392016043038	0.371	0.063	5.16200040848086e-09	12	TCTTGCGAGAAGCTGC	Nos1
2.77130398426245e-12	0.956605787372684	0.343	0.055	5.38464364142193e-09	12	CTACAGAAGCGTCGAA	Nos1
2.9816607853509e-12	1.05697092089678	0.314	0.048	5.7933669059368e-09	12	CACTAAGGTTAGAGTA	Nos1
3.38465302753537e-12	0.591257104460767	0.457	0.092	6.57638083250122e-09	12	CACGGGTCATCGAACT	Nos2
3.45154629519899e-12	0.335158670890194	0.657	0.174	6.70635445157163e-09	12	GCCTGTTCAATACGCT	5HT
3.81204680716146e-12	0.534749336277896	0.457	0.095	7.40680694631472e-09	12	CACTGGGTCTATTTCG	Nos1
3.9276854535023e-12	0.953796321054471	0.429	0.087	7.63149283615496e-09	12	AAGACAAAGGTCACAG	Nos1
3.93701558971783e-12	0.786530467518646	0.286	0.039	7.64962129082173e-09	12	CTTGAGACAGGTGAGT	Nos1
4.47273862547748e-12	1.03861594447939	0.543	0.137	8.69053114930275e-09	12	TGTCCCATCCAGTACA	Other1
4.8081094087529e-12	0.914461863182741	0.457	0.096	9.34215658120688e-09	12	TCAGTGATCGTGGACC	Other1
4.83245831165937e-12	0.821161646751853	0.429	0.084	9.38946649955415e-09	12	CACACAAGTCTAGGTT	Chat1
5.0052841703159e-12	1.28007117311669	0.314	0.048	9.7252671429238e-09	12	GAGTGTTTCTCATTTG	Glia
5.29361259987096e-12	1.07061120756352	0.314	0.047	1.02854892815493e-08	12	GTCAAACGTTAGGGTG	Glia
5.36138616333817e-12	1.19989093255672	0.4	0.077	1.04171733153661e-08	12	CGGACACCAGCGTTGC	Chat1
5.37882861743705e-12	0.469939802177681	0.543	0.124	1.04510640036802e-08	12	TGTTCTATCTTCCCAG	Other1
5.52929669331872e-12	0.35893739887242	0.457	0.096	1.07434234751183e-08	12	CTCTGGTCACGGCGTT	Nos2
5.74352545673324e-12	1.32836408930151	0.457	0.097	1.11596699624327e-08	12	AGACCATGTTAGCGGA	Glia
6.02770389167726e-12	1.23256793002689	0.4	0.078	1.17118286615289e-08	12	GGCTTTCTCTATGCCC	Glia
6.55437033267802e-12	1.03812426283889	0.343	0.058	1.27351415563934e-08	12	TACGCTCAGTAGTCCT	Nos1
7.13243917175356e-12	2.78396230643026	0.457	0.099	1.38583293107172e-08	12	CACAACATCTAGGCCG	Other4
7.19629826497876e-12	0.590853369647219	0.371	0.065	1.39824075288537e-08	12	GCTCAAACATGACAGG	Nos1
7.52772766569397e-12	1.15638210715508	0.371	0.067	1.46263748544434e-08	12	CTACATTGTATCACCA	Glia
7.67871124735733e-12	0.488422765029723	0.571	0.137	1.49197359536153e-08	12	CGGACACAGGCTAAAT	5HT
7.80683925293403e-12	1.18955355972614	0.343	0.059	1.51686886684508e-08	12	ATGGTTGCAATTCGTG	Nos1
9.45904645426352e-12	0.361870874088744	0.571	0.138	1.8378927260634e-08	12	CGATCGGAGGCATGGT	5HT
1.00434884905328e-11	0.495186917511742	0.486	0.106	1.95144981371052e-08	12	TCCTTCTTCAGTCTTT	Chat2
1.03022185905178e-11	0.629919237733134	0.457	0.095	2.00172107213761e-08	12	CACTAAGCACTTGGGC	5HT
1.04980174745369e-11	1.06687934097879	0.429	0.087	2.03976479530252e-08	12	TCTATCAAGGATGTTA	Chat3
1.3518291947307e-11	1.44490682677308	0.4	0.078	2.62660412536174e-08	12	AGACAGGTCCCAGGCA	Glia
1.5276961048794e-11	0.573367206925845	0.486	0.107	2.96831353178067e-08	12	CAACAGTGTTTCGATG	NosChat
1.75163087663279e-11	0.451081674857085	0.6	0.154	3.40341879329751e-08	12	GATAGAAGTTACTCAG	5HT
1.77057874923599e-11	0.463360492489003	0.571	0.146	3.44023450976552e-08	12	TAAGTCGCAGGGAATC	5HT
1.95875069133789e-11	1.22209489587254	0.314	0.051	3.80585259326953e-08	12	AGATCCAAGGGAACAA	Chat1
1.98352249488155e-11	1.0622051498025	0.543	0.139	3.85398420755486e-08	12	GTACAACCACTATCGA	Other2
2.02034331139032e-11	1.37194101660333	0.286	0.043	3.92552705403139e-08	12	GATAGCTAGACCTCAT	Her4
2.03469296515442e-11	0.953102620522706	0.343	0.06	3.95340843129504e-08	12	TTACGTTCAATAGAGT	Nos1
2.15844424992711e-11	0.942878361378763	0.429	0.088	4.19385717760838e-08	12	TCCGTGTCAAGGATGC	Her4
2.34033637525441e-11	0.929590185457769	0.429	0.091	4.54727357711931e-08	12	TATCAGGCATCACGGC	Chat2
2.35151046889488e-11	0.651936639850382	0.457	0.102	4.56898484106275e-08	12	CTACAGACAGTGTATC	Nos2
2.44067968567641e-11	0.521928281094147	0.6	0.163	4.74224062926927e-08	12	ATACCTTCATGGGATG	5HT
2.60929839810845e-11	0.484883544731618	0.486	0.109	5.06986678752472e-08	12	AACAAGATCAGCCTCT	Chat3
2.62620667504258e-11	1.19678337274216	0.343	0.06	5.10271956960774e-08	12	ACACGCGCAACCGCTG	Chat1
2.70442907397228e-11	0.755882110236984	0.4	0.078	5.25470569072815e-08	12	GCAGGCTCAGCATTGT	Chat1
2.8825481523731e-11	1.17942917533656	0.371	0.072	5.60079106006094e-08	12	TGATGCACATGACGAG	Chat3
2.89227835064952e-11	0.85923676805249	0.4	0.079	5.61969683531202e-08	12	GTGTGATCAAGAATGT	Chat1
2.91066700596558e-11	0.323189744995924	0.486	0.107	5.65542599259113e-08	12	CAAGCTATCTGCGAGC	Chat2
3.03808661730166e-11	0.706541388526087	0.371	0.07	5.90300229741712e-08	12	TCTATCATCTGAATGC	Nos1
3.81578040438504e-11	0.498442603919834	0.543	0.136	7.41406132572013e-08	12	ATTCAGGTCTGAATGC	Chat1
3.83424110136581e-11	0.825950212956215	0.371	0.069	7.44993045995377e-08	12	TTTGATCAGAATGTTG	Chat1
3.83472648644039e-11	0.594033353858794	0.4	0.078	7.45087356315369e-08	12	GCCATTCAGAAATCCA	Chat3
4.96420763714395e-11	0.67560523677811	0.543	0.138	9.6454554389707e-08	12	AACCTTTGTCGCATTA	Chat1
4.99958090893455e-11	1.10923850186212	0.4	0.083	9.71418570605982e-08	12	GTGCGTGCATATGCGT	Chat3
5.19708307762971e-11	0.441156756797072	0.486	0.112	1.00979324198345e-07	12	ACTGTCCGTATCCCAA	Chat2
7.11619893674406e-11	0.984102549813581	0.343	0.063	1.38267745340937e-07	12	AACCTGAGTGGCAGAT	Nos1
7.32529213479694e-11	0.58665440603217	0.571	0.153	1.42330426179105e-07	12	TTCCAATAGTATGAAC	Chat2
7.68182122250441e-11	0.731974219388945	0.457	0.103	1.49257786353261e-07	12	GGCACGTTCTGCTTTA	NosChat
8.00817568802367e-11	0.960827312551919	0.314	0.052	1.555988536183e-07	12	CACTTCGTCAGCTGTA	Nos1
8.38919925551175e-11	0.714351559712746	0.371	0.07	1.63002141534593e-07	12	TGGTAGTGTAAGTTAG	Chat1
8.99996084118755e-11	1.00498916347903	0.314	0.053	1.74869239144274e-07	12	GAGAGGTGTACGGTTT	Chat1
9.07715671501161e-11	1.24754378225912	0.286	0.045	1.76369154972676e-07	12	TGGGCTGCAGAAATCA	Glia
9.20482449773886e-11	0.857485875207117	0.257	0.037	1.78849739991066e-07	12	CACGGGTCACAGACGA	Nos1
1.05891492332279e-10	0.82932026481796	0.371	0.072	2.05747169601618e-07	12	TAGTGCAGTAAGCTCT	Glia
1.23985816255761e-10	0.99598778831645	0.314	0.054	2.40904440984943e-07	12	TGCAGATCAAATCAGA	Chat1
1.29493882082551e-10	1.14591829798965	0.343	0.064	2.51606612886397e-07	12	ATGGTTGCAGCGTACC	Chat1
1.31109307499736e-10	0.889105510100125	0.457	0.106	2.54745384471987e-07	12	GGGAGATAGTGCGACA	5HT
1.37694066227166e-10	0.65844349169218	0.4	0.083	2.67539570679384e-07	12	GTAGCTACATGGTACT	Nos2
1.38030359507949e-10	0.937988548982807	0.343	0.064	2.68192988523945e-07	12	GAGTCTAAGACACACG	Chat3
1.39525993869104e-10	0.507271607692428	0.457	0.107	2.71099006087668e-07	12	GTCATCCGTATTGGCT	Nos2
1.45292521280829e-10	1.2649672538218	0.343	0.065	2.82303368848652e-07	12	CTGAGCGGTACTTGTG	Glia
1.47176810288529e-10	1.07128592451382	0.371	0.075	2.85964542390613e-07	12	GCATCTCGTGATAGAT	Chat3
1.60953919024481e-10	0.925407962628955	0.371	0.074	3.12733464664566e-07	12	CAAGAGGTCTGAGAGG	Chat3
1.67266738662369e-10	1.03441554296366	0.343	0.066	3.24999273220983e-07	12	GTGCGTGTCAGTCACA	Nos1
1.80334204769031e-10	1.14337253794729	0.4	0.088	3.50389359866228e-07	12	GACTTCCCAAGGCCTC	Chat1
1.90968863598437e-10	1.06540883998823	0.314	0.055	3.71052501971762e-07	12	ATGACCATCGAAGAAT	Chat1
1.91648124824739e-10	0.454669221155768	0.657	0.195	3.72372306534468e-07	12	AAAGGTATCGAACTCA	5HT
1.97418969578672e-10	1.10111634049396	0.343	0.065	3.8358505789136e-07	12	TGTTCTACATGACGAG	Chat3
2.30655089756099e-10	1.02629547798464	0.343	0.064	4.48162839396101e-07	12	GTCTAGAAGTTGTAGA	Nos1
2.42704928601703e-10	0.741225277093009	0.514	0.13	4.71575676273109e-07	12	GTGGTTAGTGATACAA	NosChat
2.42925797036053e-10	0.591728939429957	0.371	0.075	4.72004823641051e-07	12	CCTCTCCTCCAATGCA	Nos1
2.4405180055869e-10	0.832409795984092	0.343	0.064	4.74192648485535e-07	12	AGGGCCTAGCCTCCAG	Nos1
2.72170569746346e-10	0.710008420683674	0.343	0.064	5.2882741701715e-07	12	GCGGAAACAGCGACCT	Nos1
2.92435198778317e-10	0.560912089847206	0.4	0.083	5.68201591226271e-07	12	TCCGAAACAAATGCGG	Nos2
2.93650366087851e-10	0.917920919345574	0.486	0.12	5.70562661308694e-07	12	GTAGTACAGAGTCAAT	NosChat
3.23328285723441e-10	0.354443981561714	0.514	0.127	6.28226859160646e-07	12	GTAACACTCAAACGAA	Chat3
3.62763457572953e-10	0.637483845328064	0.286	0.047	7.04849398064249e-07	12	CTGCCTACAGATGCGA	Nos1
3.6732078335853e-10	1.22996827252443	0.371	0.076	7.13704282065624e-07	12	TATTGGGCAACACACT	Glia
3.97735301177439e-10	0.955842159238777	0.314	0.056	7.72799690187764e-07	12	GAGAGGTCAAGACGAC	Chat1
4.17812056684655e-10	0.670857655561995	0.4	0.087	8.11808826138285e-07	12	TTTCACATCTGGTCAA	Nos2
4.32470969001386e-10	0.463580567210339	0.486	0.119	8.40291092769694e-07	12	CGCATAAGTCGACGCT	Nos1
4.51880083988323e-10	0.960137713222471	0.286	0.047	8.78003003189312e-07	12	GCCAGGTCAACGTAAA	Glia
4.66045992641271e-10	0.516685222001909	0.371	0.075	9.05527363701989e-07	12	CTCAGAAAGTCAGAGC	Nos1
4.82647933948653e-10	0.973633687543612	0.286	0.048	9.37784935662234e-07	12	TAGATCGTCGCTAGCG	Nos1
4.88762277850374e-10	0.338513485141084	0.314	0.055	9.49665105863276e-07	12	TACACCCAGGTTGGAC	Nos1
5.0508379599559e-10	0.492916613362315	0.514	0.131	9.8137781561943e-07	12	TACTTGTTCAATCTCT	5HT
5.51665051971423e-10	0.689946834026115	0.429	0.102	1.07188519598047e-06	12	CGGCAGTGTCAAGTTC	Nos2
5.88874591930723e-10	1.38191499696584	0.286	0.048	1.1441833321214e-06	12	GATTGGTGTACTTGTG	Glia
7.25109283884379e-10	0.914547432372769	0.286	0.049	1.40888733858735e-06	12	TGGTGATGTCTGCAAT	Nos1
7.52156050905112e-10	0.442164290221768	0.4	0.088	1.46143920690863e-06	12	AACCACAAGCATTGAA	Chat2
8.80349544246501e-10	0.309033261028529	0.371	0.076	1.71051916447095e-06	12	ATCATTCCAGTTGTCA	Nos1
9.47593509240094e-10	0.657289978546205	0.6	0.182	1.8411741884535e-06	12	TTGAGTGTCCTGTAAG	NosChat
9.94328871548226e-10	0.777074180579581	0.343	0.068	1.9319809974182e-06	12	CTCCGATGTCGAGCTC	Nos1
1.03748153063736e-09	0.791183168681322	0.4	0.087	2.01582661402839e-06	12	ACAGGGATCGAGCTGC	Chat3
1.07333066512695e-09	0.686838772263501	0.457	0.112	2.08548148234166e-06	12	ACAAGCTGTTTGATCG	NosChat
1.19578087577333e-09	3.02003405555074	0.371	0.081	2.32340224162758e-06	12	CACAGGCGTAGGGTAC	Other4
1.23258134442275e-09	0.733921300170655	0.4	0.092	2.39490555221341e-06	12	GTAGTACTCTGAACGT	Chat1
1.25631908478162e-09	0.704386192570634	0.371	0.08	2.44102798173068e-06	12	CTCCGATCAAATGCTC	Nos1
1.26208573892588e-09	0.541889490595813	0.457	0.114	2.45223259073298e-06	12	GGGACCTTCCTTCTAA	Nos1
1.26931877262442e-09	0.527217255930408	0.371	0.077	2.46628637520924e-06	12	TCCGATCGTAGCGTAG	Chat1
1.30640701065268e-09	0.615351344698347	0.429	0.099	2.53834882169816e-06	12	ATGCCTCAGTTGCTCA	Glia
1.32869859753542e-09	0.622128688547301	0.4	0.092	2.58166137501131e-06	12	TTACGCCGTGCCGAAA	Nos1
1.40294241715858e-09	0.756171306733104	0.371	0.079	2.72591711653912e-06	12	CTTCCTTTCTCATGGA	Nos2
1.41982713725861e-09	0.385927747199427	0.629	0.193	2.75872412769348e-06	12	CTTCGGTGTATCTTCT	5HT
1.45487978685369e-09	0.456541428775649	0.4	0.088	2.82683142585672e-06	12	AACAAAGTCCCAATAG	Chat1
1.5072378030844e-09	0.65806962197892	0.314	0.059	2.92856305139299e-06	12	AGCGCCAAGACGACGT	Nos1
1.51513867432699e-09	1.29665766659824	0.371	0.082	2.94391444421734e-06	12	CCTGCATGTAATCAGA	Glia
1.55985157112249e-09	0.567822911561844	0.343	0.07	3.03079160269099e-06	12	GACAGCCCAAGATCCT	Nos1
1.67861145415346e-09	0.577421143418589	0.514	0.14	3.26154205542017e-06	12	ATCTCTAAGGTTATAG	5HT
1.67941008282045e-09	0.298565821743776	0.4	0.09	3.26309379092014e-06	12	TGAACGTAGACATCCT	Nos1
1.68638197814099e-09	0.939411257537919	0.371	0.08	3.27664018352795e-06	12	GAGAGGTGTGGAGAAA	Chat1
1.79032376021033e-09	0.791082964836954	0.429	0.106	3.47859906608867e-06	12	CTCCAACGTGACAGGT	Nos2
1.83727334828568e-09	1.25745089899864	0.257	0.042	3.56982211571908e-06	12	TTAGGGTTCCATTGCC	Glia
1.89406737106432e-09	0.560514430374702	0.457	0.113	3.68017290197798e-06	12	TCAGGGCGTAGGCAAC	NosChat
1.9482204192042e-09	0.374138081824248	0.314	0.059	3.78539227451376e-06	12	TTACTGTGTTTCGACA	Nos1
2.06404057828546e-09	1.59513170370398	0.6	0.197	4.01043084360865e-06	12	GTGCTTCGTCGAGTTT	Other3
2.12699174123719e-09	1.32856557770072	0.314	0.061	4.13274495322385e-06	12	TTATTGCAGCTCTATG	Nos1
2.13778031647282e-09	0.408852841391355	0.457	0.111	4.15370715490668e-06	12	GGATGTTGTTCTTAGG	Chat2
2.14135049720085e-09	0.943144588427847	0.314	0.061	4.16064401606125e-06	12	CATACCCGTGCTCCGA	Chat1
2.19395660063592e-09	0.260584635024708	0.457	0.109	4.26285767503559e-06	12	TGCAGTATCAAGTGGG	Chat2
2.28552932455834e-09	1.8208671827986	0.314	0.061	4.44078347761686e-06	12	TCCTCTTAGGCTAAAT	Glia
2.41876775117323e-09	1.02689647980402	0.343	0.071	4.69966574052958e-06	12	GTTGCGGGTTGGTGTT	Glia
2.43455185221894e-09	0.605448291167699	0.371	0.08	4.7303342488614e-06	12	AGACCCGCAGAGGTAC	Chat3
2.48549135090988e-09	0.305299102510798	0.543	0.152	4.82930969481789e-06	12	AGGGTTTAGTAAACTG	5HT
2.5938799162664e-09	0.563576079879304	0.314	0.06	5.03990867730562e-06	12	TACGGGCAGTACGTCT	Nos1
2.69482296028569e-09	0.628806159162032	0.343	0.071	5.23604101183509e-06	12	TCCCACATCGGTGAAG	Nos1
2.70656038977886e-09	0.591924556751193	0.286	0.05	5.25884683734033e-06	12	GTCAAACTCCGTACGG	Nos1
2.71838034452795e-09	0.329261337003274	0.343	0.069	5.2818130094178e-06	12	CAGCAGCCATTGCTGA	Nos1
2.78139688529441e-09	0.326241740182892	0.571	0.162	5.40425414812704e-06	12	TACATTCCACGGTAGA	5HT
2.82315001770451e-09	0.616712043832417	0.343	0.07	5.48538048439986e-06	12	CTCAACCCATCCTTGC	Nos1
2.88027699076565e-09	0.589376826574274	0.543	0.162	5.59637819305765e-06	12	CATCCACAGCTGGCTC	5HT
2.98283898726591e-09	0.496621200894051	0.429	0.104	5.79565615225766e-06	12	CAAGCTAAGGTCCAGA	Nos2
3.0436111312899e-09	0.911862937428721	0.314	0.061	5.91373642809629e-06	12	CCACGAGTCCTCAGAA	Chat1
3.22275546557322e-09	0.2708576850235	0.371	0.08	6.26181386960877e-06	12	TGAATCGGTTCAAGGG	Nos1
3.42842195798071e-09	1.23963657866365	0.314	0.062	6.66142386435651e-06	12	TTGCTGCCACTAACGT	Glia
3.48959684689363e-09	0.394277146804231	0.371	0.081	6.78028667351432e-06	12	CCCTCAATCACCGCTT	Nos1
3.50308134396489e-09	1.04891640706376	0.314	0.062	6.80648705132377e-06	12	ATGGGAGCAATGGCAG	Chat1
3.52151475553649e-09	0.479651118723006	0.371	0.08	6.8423031700074e-06	12	GTTCCGTCAACTGCCG	Chat1
3.58470779221513e-09	0.445631921306945	0.343	0.072	6.965087240274e-06	12	TGGAGAGTCTCCTGTG	Nos1
3.61302270432152e-09	1.23536938439469	0.257	0.043	7.0201031144967e-06	12	CGGTCAGCAGTCTTCC	Chat1
3.69131226793944e-09	0.783335176929657	0.457	0.12	7.17221973660633e-06	12	TGTACAGGTACCCACG	5HT
4.20210016034631e-09	0.412649705131699	0.314	0.06	8.16468061155288e-06	12	TTTAGTCAGAAGTCTA	Nos1
4.4754055657313e-09	0.27567676000348	0.343	0.071	8.69571301421592e-06	12	CTGCGAGTCTGGGCGT	Nos1
5.27536663248833e-09	2.82304881644077	0.429	0.112	1.02500373669248e-05	12	CTCCAACCACCTGAAT	Other3
6.31627961166198e-09	1.13641011670747	0.371	0.086	1.22725312854592e-05	12	ATCGCCTAGCATGCGA	Other3
6.32793000186337e-09	0.393163831899859	0.371	0.084	1.22951679936205e-05	12	CAATACGGTGTTCCTC	Nos1
7.21829743677675e-09	0.681260469307081	0.343	0.073	1.40251519196572e-05	12	ATTTCACAGTGGACTG	Chat1
7.72141607468433e-09	1.09510884234455	0.343	0.076	1.50027114331117e-05	12	CATTCTATCTCGTCAC	Chat1
8.04954475904431e-09	0.476316823689128	0.457	0.118	1.56402654668231e-05	12	ATTCTACAGTCTTGGT	5HT
8.61090361812916e-09	0.679503243541203	0.457	0.121	1.6730985730025e-05	12	GTTCATTTCATGGGAG	5HT
1.38329946104613e-08	0.706122418630301	0.314	0.065	2.68775085281264e-05	12	GTAGAAATCGAGAAGC	Chat1
1.4047514186188e-08	0.698789399762648	0.371	0.088	2.72943200637633e-05	12	AACTTCTGTATGGAAT	Nos1
1.42688590156598e-08	0.483747742813579	0.371	0.086	2.7724393067427e-05	12	GTTAGACCACCATTCC	Chat1
1.45797115288834e-08	0.92684505249771	0.314	0.066	2.83283795006205e-05	12	AGGGCCTGTCAACCAT	Chat1
1.47421951028754e-08	0.339981392239074	0.371	0.083	2.86440850848868e-05	12	GTTCGCTCAGACCTAT	Chat1
1.57577369522196e-08	0.283358522077932	0.429	0.106	3.06172828981627e-05	12	TCCACGTAGGTCGTCC	Nos2
1.6737432869834e-08	0.809726619013659	0.514	0.152	3.25208320660875e-05	12	GTGGAGACACATAGCT	Other2
1.77065572933821e-08	0.909881086768228	0.343	0.077	3.44038408210414e-05	12	GCAACATTCAGCAATC	Chat1
1.80272468856426e-08	0.307814632370065	0.457	0.121	3.50269406988035e-05	12	TTATTGCCACGAGAAC	Other1
1.8677470811627e-08	0.603544723092803	0.314	0.065	3.62903257869912e-05	12	ATCAGGTAGAGTCGAC	Chat1
1.88228560518712e-08	0.554990906936345	0.343	0.076	3.65728093087858e-05	12	TCAGTTTGTAAGTTGA	Nos1
1.9375818017727e-08	0.84054772179253	0.343	0.076	3.76472144084435e-05	12	CGTAGTACACCCTGAG	Chat1
2.18772803170257e-08	0.448171507378602	0.371	0.085	4.25075556559809e-05	12	CATCGTCAGATGTAGT	Chat1
2.20460964024666e-08	0.369828159319474	0.371	0.085	4.28355653099927e-05	12	CCGATCTGTCTAACGT	Chat1
2.25886966184448e-08	0.728146704120536	0.314	0.067	4.38898375296382e-05	12	TCTCCGACAAAGAACT	Nos1
2.3926641633799e-08	0.683487383443084	0.286	0.057	4.64894646944714e-05	12	ACTGTCCAGATACCAA	Nos1
2.43720615575878e-08	0.778482736216593	0.286	0.056	4.7354915606393e-05	12	TCCTCGAAGAAGGCTC	Chat1
2.50958270465003e-08	0.650624507823611	0.286	0.056	4.87611919513501e-05	12	AACGTCAAGCATCAAA	Nos1
2.7815489600181e-08	0.681043353743164	0.229	0.038	5.40454962931516e-05	12	AGGTAGGTCGAGCCAC	Nos1
2.95392675180015e-08	0.383659975537974	0.486	0.138	5.73947967874768e-05	12	AGGGTTTAGCAGAAAG	5HT
3.19224850668228e-08	0.477093958166075	0.429	0.11	6.20253884848366e-05	12	ACATGCATCAGACATC	Chat2
3.46704484337487e-08	0.732600920223155	0.4	0.104	6.73646813067737e-05	12	TTCCTAAGTTCGGGTC	Chat3
3.61642768014701e-08	0.565948384625354	0.343	0.077	7.02671898252563e-05	12	TCACAAGAGTCGGGAT	Chat2
3.83060824019189e-08	0.583962736969438	0.314	0.069	7.44287181069285e-05	12	CACGTTCTCAATCGGT	Nos1
4.10567139995612e-08	0.322546306941176	0.371	0.087	7.97731953011475e-05	12	GAGTTGTGTACTGTTG	NosChat
4.34064208761417e-08	0.639864832732594	0.371	0.091	8.43386757623434e-05	12	CTTGAGACATTACTCT	Nos2
4.50085214222422e-08	0.716678267464295	0.343	0.08	8.74515571234167e-05	12	GTCTTTACATGACCCG	Chat1
4.50166184106793e-08	0.859736889243532	0.343	0.078	8.74672895719499e-05	12	CAAGCTATCAAAGAAC	5HT
4.68195993394206e-08	0.863796972880523	0.343	0.082	9.09704815164941e-05	12	GGAATCTTCATGACAC	Chat1
4.72379901010959e-08	0.538773154886871	0.371	0.091	9.17834147664294e-05	12	GGTAACTGTCGCTTAA	Chat1
4.74696727000868e-08	0.742314733325557	0.314	0.069	9.22335740562686e-05	12	CCATCACTCATGAAAG	Chat1
5.09434212584251e-08	0.84401524529142	0.314	0.07	9.898306750512e-05	12	GGTGAAGTCCTAGCCT	Chat1
5.1202267628446e-08	0.744686828389555	0.286	0.058	9.94860060020707e-05	12	ATCGATGGTTCCTTGC	Glia
5.20757002425739e-08	0.668912033539561	0.286	0.057	0.000101183085571321	12	GAAGAATAGTTGGCTT	Glia
5.33508783780941e-08	0.297363945237875	0.514	0.153	0.000103660756688637	12	TCCACCACATAACGGG	Other1
5.38757822574416e-08	0.584049523070619	0.257	0.048	0.000104680644926209	12	CCTCTAGTCGTGGCGT	Nos1
5.40739126949501e-08	1.02125105782858	0.314	0.069	0.000105065612366288	12	TTACGCCTCTGGACCG	Glia
5.54221366104365e-08	0.487933181374364	0.314	0.069	0.000107685211434078	12	CTTACCGGTGAGTAGC	Nos1
5.75658626953117e-08	0.661267055583383	0.314	0.069	0.000111850471216991	12	TTACGTTAGAGAGTGA	Chat1
5.8510360138822e-08	0.497393659513454	0.4	0.104	0.000113685629749731	12	TTCGATTAGTGCACTT	Chat1
6.02409713197165e-08	0.462060469148785	0.343	0.08	0.000117048207274209	12	ACTTTGTTCTAAGCGT	Nos2
6.36775506977988e-08	0.646899811099341	0.371	0.094	0.000123725481005823	12	GTTGCGGGTGTGGTCC	NosChat
6.61903314708445e-08	0.736078569824915	0.4	0.105	0.000128607814047851	12	GTCTACCCAATTCGTG	Other3
6.77438892579499e-08	0.923823985644665	0.257	0.05	0.000131626376828197	12	AGGATAAAGAAATTGC	Nos1
7.39077567576933e-08	0.810369263072572	0.343	0.081	0.000143602771380198	12	AGAACCTCAAGCGCTC	Glia
7.46355944539899e-08	2.99239229322391	0.371	0.098	0.000145016960024102	12	CTACAGAAGAGAGGGC	Other4
7.67282014033679e-08	0.677920023378842	0.371	0.093	0.000149082895326744	12	CATTCATCAATCGAAA	Chat1
7.6925618944163e-08	0.510928433768714	0.286	0.059	0.000149466477608509	12	CATGGATGTTGTGGCC	Nos1
7.71415791158963e-08	0.464838454457496	0.257	0.048	0.000149886088222187	12	TGTTGAGTCTCAGAAC	Nos1
7.83648117163052e-08	0.759879536356027	0.286	0.059	0.000152262829164781	12	TTCTTCCAGGAGAGTA	Glia
8.0199185095857e-08	0.991903427180228	0.4	0.106	0.00015582701664125	12	AGATGAACAGTCTACA	Chat1
8.44158441700926e-08	0.376631445008396	0.371	0.091	0.00016401998522249	12	CTTTCGGTCTCTCGAC	Chat1
8.76907082023276e-08	1.02625031062446	0.371	0.097	0.000170383046037123	12	AATGCCAAGCTGACAG	Chat3
8.8093488637306e-08	0.707085702745478	0.286	0.06	0.000171165648422286	12	CGTAATGAGGAGAATG	Chat1
9.17408650682542e-08	1.34898456177038	0.286	0.061	0.000178252500827618	12	ACATCCCCAGGACGAT	Other2
9.31169692149003e-08	0.616520814578482	0.314	0.069	0.000180926271184551	12	AGTGCCGTCTCGCCTA	Glia
9.34460260509476e-08	0.480946915173911	0.286	0.06	0.000181565628616991	12	CTGCCTAAGCAGTCTT	Nos1
9.67125221859169e-08	0.893810137230366	0.4	0.109	0.000187912430607237	12	AGGCCACGTATCTTCT	Chat2
1.02067981133988e-07	0.786021146423347	0.514	0.164	0.000198318087343338	12	TTCACGCGTACCCAGC	Other3
1.03570861866455e-07	0.48368732911855	0.371	0.094	0.000201238184606521	12	TGGGAGACACAAACGG	Chat1
1.08343987113302e-07	0.876710457313575	0.429	0.125	0.000210512366961146	12	CTAACCCTCTGGGCAC	Other3
1.08668815868979e-07	0.691353210636242	0.4	0.109	0.000211143509233427	12	GTTCTATAGCATCAAA	NosChat
1.09220682380429e-07	0.371929330161717	0.286	0.059	0.000212215785865174	12	TCAGCAACAAATGATG	Nos1
1.16269705221502e-07	0.70681913146769	0.286	0.061	0.000225912037245378	12	ACATCGAGTTGGCCTG	Nos1
1.19033062367171e-07	0.67572064246371	0.314	0.071	0.000231281240179414	12	GACACGCGTTCGAAGG	Chat1
1.20502146386858e-07	0.483599988473375	0.343	0.081	0.000234135670429665	12	TGTGCGGTCGCCTTGT	Chat1
1.2464545938754e-07	0.787337846124216	0.257	0.05	0.00024218612758999	12	GGGTGTCGTAGTGATA	Nos1
1.30296359071214e-07	0.702979568339726	0.257	0.05	0.000253165825675369	12	TCACAAGAGCAGGCTA	Chat1
1.31354675210962e-07	0.376584752098984	0.314	0.07	0.0002552221339349	12	CCGCAAGGTGCTCCGA	Nos1
1.33170311946256e-07	0.300367129228101	0.314	0.07	0.000258749916111574	12	GTAAGTCGTCCTCCTA	Nos1
1.38181874324994e-07	0.495625823561818	0.429	0.119	0.000268487381813464	12	CCTCCAAGTGCATCTA	5HT
1.48053363654477e-07	0.609773482178353	0.457	0.133	0.000287667685580648	12	TGTTTGTGTCAACATC	Chat3
1.49160883683089e-07	0.59825048616835	0.343	0.084	0.000289819596996241	12	GACTATGAGCACTCCG	Chat1
1.55619705205692e-07	0.528899076506346	0.371	0.095	0.00030236908721466	12	TCAGCAACAAATGCTC	Chat1
1.72548434399332e-07	0.529026137381494	0.343	0.083	0.000335261608037901	12	TTCCACGGTTCTCGCT	Glia
1.74201947614693e-07	0.553462192392563	0.371	0.094	0.000338474384215349	12	TGTTACTAGTGTGTTC	NosChat
1.84419284272417e-07	0.707299314100583	0.343	0.085	0.000358326669341306	12	CTAACTTAGGAGTCTG	Chat1
1.84728719352445e-07	1.04178329985839	0.286	0.062	0.0003589279017018	12	TTGTTGTGTTGCGAAG	Glia
1.88192554983306e-07	0.943344060384084	0.314	0.075	0.000365658134332564	12	AGAACAAGTCGTAATC	Chat1
1.90632093678162e-07	0.342076740563284	0.457	0.135	0.00037039815801667	12	CCTCCTCTCTACGGTA	NosChat
1.94745601276247e-07	0.403970074382178	0.371	0.096	0.000378390703279747	12	GTGCTGGTCGCAGTGC	Chat1
2.16663897785744e-07	0.912022253246727	0.286	0.064	0.0004209779533977	12	GACCAATCAATACGAA	Chat1
2.20653294316459e-07	1.46665477244609	0.257	0.054	0.00042872935085688	12	GTTCGCTAGCACTCGC	Glia
2.24764885675178e-07	0.553534736279293	0.371	0.097	0.000436718172866871	12	CGTAAGTGTGATGAAT	Chat1
2.26954598127905e-07	0.440594628419271	0.457	0.135	0.000440972784162519	12	CGAGTTAGTAGAGTTA	NosChat
2.34464475367768e-07	1.13742033784137	0.457	0.142	0.000455564475639574	12	CATTGCCTCCTCGATC	Other2
2.50651336068194e-07	1.4772983630194	0.257	0.053	0.0004870155459805	12	CCGAACGAGCCATGCC	Glia
2.50997142976545e-07	0.439683872511479	0.314	0.072	0.000487687448803426	12	TCCCACAGTAGATTAG	Chat1
2.52751183308361e-07	0.545774646132008	0.286	0.061	0.000491095549168145	12	TAGGTACCATGATAGA	Glia
2.5978130366954e-07	0.609888980832377	0.286	0.063	0.000504755073029916	12	GGTAATCTCACGATCA	Nos1
2.71769748949282e-07	0.275020988567746	0.457	0.139	0.000528048622208455	12	AAGTACCGTGTTGATC	NosChat
2.77030106104492e-07	0.346975085587683	0.343	0.084	0.000538269496161029	12	GCCAGCATCTTACTGT	Chat3
2.88480582651531e-07	1.09550057449746	0.371	0.102	0.000560517772091925	12	AAGCCATGTAAGAACT	Other1
2.99392669480395e-07	0.602802713664871	0.314	0.074	0.000581719956800408	12	GAAACCTCAATGAAAC	Chat1
3.04537311295311e-07	0.979335814432923	0.257	0.053	0.000591715995846789	12	TGTTCATCAGTAACCT	Glia
3.12441303258423e-07	0.562115732765681	0.314	0.075	0.000607073452231116	12	AGACCATTCCGGACGT	Glia
3.19101039106415e-07	0.494977956005177	0.371	0.098	0.000620013318983764	12	ACAAGCTCATGCGGTC	Chat2
3.30183160336984e-07	0.331874383593814	0.314	0.075	0.000641545880534759	12	GTCACTCCAGCTTCCT	Nos1
3.33787743752572e-07	0.589991513285802	0.286	0.063	0.000648549586111247	12	AGATGAAAGCGACTGA	Chat3
3.48683278531292e-07	0.474870387773407	0.343	0.086	0.0006774916101863	12	GAGATGGAGCGGTAGT	Chat1
3.54731789438844e-07	0.489904551466487	0.371	0.101	0.000689243866879675	12	GTTCATTTCGGTTGTA	Chat1
3.7097191594364e-07	0.642225668003649	0.314	0.076	0.000720798432678493	12	GAGCCTGGTTAATGAG	Chat1
4.48764834195819e-07	0.825817797198613	0.286	0.065	0.000871950072842476	12	TGGTTAGTCGGCTTGG	Chat1
4.59855770330459e-07	0.339161325572839	0.429	0.123	0.000893499761752081	12	GAGCCTGAGTTGCTCA	NosChat
4.64211377439191e-07	0.550481561399878	0.314	0.075	0.000901962706364348	12	ATCCTATCATAGATGA	Chat1
4.93491693513979e-07	1.1572566861301	0.286	0.069	0.000958854360497661	12	ACGTAGTTCAGAATAG	Chat1
5.41122261619313e-07	0.419651400591038	0.314	0.076	0.00105140055432633	12	AGATCGTTCACTGTTT	Nos1
5.57093336459804e-07	0.269916804391619	0.286	0.065	0.0010824323527414	12	GTTGTCCGTAGCGCTC	Nos1
5.67848564886626e-07	0.715377491288639	0.314	0.077	0.00110332976157471	12	CACGGGTTCATGCCGG	Chat2
5.72338267526363e-07	0.284686884460439	0.343	0.088	0.00111205325380372	12	CCTGCATTCCCATTCG	Nos1
6.03014702142831e-07	0.350823548613698	0.371	0.103	0.00117165756626352	12	GGTGTCGTCTACTTCA	Nos2
6.11449833259194e-07	0.92656014258488	0.257	0.055	0.00118804702602261	12	GTAGGTTCATGGCCCA	Glia
6.13173729087396e-07	0.669211164702541	0.343	0.09	0.00119139655561681	12	CCACAAATCAGGAACG	Nos2
6.24431691199198e-07	0.29740750578247	0.343	0.085	0.00121327077600004	12	TCATGAGAGCACACAG	Chat1
6.59781814754665e-07	0.792183093669849	0.343	0.092	0.00128195606606831	12	TGTACAGTCACGAACT	Chat2
6.62885823912423e-07	1.94225941522167	0.343	0.093	0.00128798715586184	12	ATGCATGTCATAGGCT	Other4
7.06881444062487e-07	0.78154077719833	0.343	0.092	0.00137347064581341	12	AGATCCAAGCAGGGAG	Chat1
7.35551422050598e-07	0.649675638136312	0.257	0.055	0.00142917641304431	12	ACCTGAAGTATGAAGT	Glia
7.50446680833125e-07	0.334533258358639	0.343	0.089	0.00145811790085876	12	CATCAAGCAAGCACAG	Chat1
7.57317011662042e-07	1.20697792351512	0.286	0.07	0.00147146695365935	12	TCTAACTCAGGATTCT	Glia
7.64025759144946e-07	0.484189302173492	0.314	0.077	0.00148450205001863	12	TGGATCATCGCTACAA	Chat1
8.27121272356987e-07	0.478793136295226	0.486	0.166	0.00160709663218963	12	CTACTATCATGACCCG	5HT
8.54932285559864e-07	0.299469231318142	0.429	0.128	0.00166113343084282	12	GTAATGCAGGAACTCG	Other1
8.84559666112099e-07	0.308108894380756	0.314	0.078	0.00171869943125581	12	GATGATCGTTCCAGGC	Nos1
8.93034788326847e-07	0.657358830854968	0.286	0.068	0.00173516659371906	12	TACCTGCGTGGCTTAT	Chat1
9.36484034920144e-07	0.671992193194642	0.343	0.093	0.00181958847984984	12	GTAGAGGGTGACACAG	Chat1
9.74582489391849e-07	0.628488157566473	0.343	0.093	0.00189361377688836	12	TCATCCGCACATCCCT	Chat1
9.75204164181322e-07	0.466594075373178	0.343	0.088	0.00189482169100431	12	GAGACTTAGTCAAGCG	Other2
1.02378018417181e-06	0.77646754957737	0.429	0.133	0.00198920489784582	12	TGATGGTGTCATCCCT	Other3
1.0610504783293e-06	1.85633943392901	0.343	0.096	0.00206162107939382	12	GTGTGGCAGAGAGGGC	Other4
1.06603820480342e-06	0.789945896291191	0.286	0.068	0.00207131223193305	12	AAACGAAGTATCGGTT	Chat2
1.0815209813458e-06	0.477921936230244	0.286	0.068	0.00210139526675489	12	CGCATGGGTTCTCAGA	Nos1
1.14022577192051e-06	0.470996171076435	0.286	0.068	0.00221545867484156	12	GTCTCACGTGAGAGGG	Nos1
1.15578673613317e-06	0.457721439031833	0.257	0.056	0.00224569362830675	12	TTGTGGAGTCGCGTTG	Nos1
1.15768813431102e-06	0.395539284313156	0.286	0.068	0.00224938804496631	12	TGAGGAGGTCTGTAGT	Nos2
1.15983185021351e-06	0.69055751802645	0.286	0.068	0.00225355328496485	12	TTCATGTAGGAATTAC	Chat1
1.18776632568957e-06	0.255194467182706	0.457	0.144	0.00230782997081484	12	TGCATGATCAGCTTGA	5HT
1.22981386164329e-06	0.604037528607862	0.314	0.08	0.00238952833317291	12	TTCGCTGGTGCAATGG	Chat1
1.27224848765669e-06	0.389272028917177	0.343	0.092	0.00247197881151694	12	GTCCCATTCTGGGCAC	Chat1
1.27926625146123e-06	0.316997350662603	0.286	0.068	0.00248561432658917	12	GACTTCCTCCTCTCTT	Nos1
1.28536942776191e-06	0.264431388243598	0.343	0.09	0.00249747279814139	12	GAAGCCCCAGTCTCTC	5HT
1.34905723684625e-06	0.252651164639684	0.314	0.08	0.00262121821119227	12	TCACGGGTCGGCTCTT	Nos2
1.36472912919724e-06	1.00996806702095	0.257	0.059	0.00265166869803024	12	ATCCGTCGTACCCACG	Chat1
1.53973487933376e-06	0.728428256776221	0.314	0.08	0.00299170487054549	12	ATCGGATTCAGACCGC	Glia
1.58507111754483e-06	0.452388473943965	0.257	0.057	0.0030797931813896	12	GTCTACCGTCAAATCC	Chat1
1.67233808247275e-06	0.43352401423264	0.257	0.058	0.00324935289424455	12	ACCCTTGTCCATGATG	Nos1
1.68051285140907e-06	0.587568687777544	0.2	0.037	0.00326523647028783	12	TGTAGACTCATGCAGT	Nos1
1.68263070093126e-06	0.478552678236057	0.286	0.069	0.00326935145190944	12	GTCGTAAGTAGCTTTG	Chat1
1.70614480200677e-06	0.850246803175603	0.286	0.071	0.00331503935029915	12	GCGTGCAAGGCACTCC	Chat3
1.90803299119142e-06	0.730552726847852	0.257	0.06	0.00370730810188493	12	ACTGTGACAATTCTTC	Nos1
1.96649614357975e-06	0.389422280019141	0.257	0.058	0.00382090200697545	12	GATGGAGAGCAACCAG	Nos1
2.02808533316545e-06	0.586352774201958	0.457	0.153	0.00394056980234046	12	CTGGCAGGTGCGAGTA	Other2
2.06261836233095e-06	0.678849692948707	0.286	0.07	0.00400766747800903	12	CTATCCGCATATTCGG	Glia
2.0916277233508e-06	0.575100925494878	0.314	0.083	0.0040640326664706	12	GAGGCAATCGACGAGA	Chat1
2.12815382553189e-06	0.830277786778412	0.314	0.083	0.00413500288300847	12	GTAGAGGGTCAACATC	Other2
2.13194075647357e-06	0.675874599020762	0.371	0.109	0.00414236088982815	12	CTCAAGAGTCTTACAG	Nos2
2.32145957777039e-06	0.837991507180633	0.229	0.049	0.00451059595960786	12	TGGAACTAGACGCCCT	Glia
2.33279970953222e-06	0.859002980886815	0.286	0.071	0.0045326298356211	12	AGCGTCGGTTTCGTGA	Chat2
2.42593031439494e-06	0.690226951712066	0.286	0.071	0.00471358260086936	12	CTGTAGAAGCCATTCA	Chat1
2.46698712726319e-06	0.392528218675313	0.4	0.124	0.00479335598827237	12	GTCGTAATCAAGTCGT	Other1
2.59510815554617e-06	0.4562798938963	0.314	0.082	0.0050422951462262	12	TTGCGTCCAAGCTCTA	Chat3
2.83679876926959e-06	1.17097752219251	0.257	0.062	0.00551190000869082	12	GCGTTTCGTCCGTACG	Chat1
2.88595663107864e-06	0.343506651334588	0.371	0.108	0.0056074137341858	12	ACAGCCGTCGGACTGC	Chat2
3.02287023598674e-06	0.55824940465477	0.371	0.111	0.00587343686852224	12	GTTTGGATCAGGTGTT	NosChat
3.20631467979915e-06	0.328343151680458	0.4	0.121	0.00622986942284975	12	TTTACCATCAGAGTTC	Chat2
3.32636444325289e-06	0.649718330094846	0.229	0.049	0.00646312611324037	12	GCGGATCGTACGCTAT	Nos1
3.56207836591688e-06	1.50263950551608	0.257	0.064	0.0069211182649765	12	GCAGGCTGTCTCAGGC	Nos1
3.63635710249164e-06	1.03172564789457	0.2	0.04	0.00706544185014126	12	GAGGCAAAGGTTGGAC	Chat1
3.81545470063982e-06	0.72213345259856	0.257	0.061	0.00741342848334316	12	ATTACCTTCACCGCTT	Glia
3.82806680944775e-06	0.318092641700066	0.314	0.083	0.00743793381075697	12	GGGTAGAAGTCATTGC	Chat1
3.90056090319308e-06	0.584113091853866	0.286	0.072	0.00757878983490415	12	TTCCACGAGCTCGACC	Chat1
4.00406151821469e-06	1.16450080276895	0.229	0.052	0.00777989152989114	12	AAGCGAGAGCGCGTTC	Nos1
4.16749938021794e-06	0.675193239833238	0.343	0.099	0.00809745129576346	12	GCTGGGTAGGGAGAAT	NosChat
4.19561406600269e-06	0.748477717485898	0.286	0.072	0.00815207813024322	12	ACACGCGTCATGGAGG	Chat1
4.3759169530275e-06	0.421277581007585	0.286	0.074	0.00850240663973242	12	TGTTGGAGTGCTCCGA	Nos1
4.38571417780479e-06	0.885060343121799	0.257	0.062	0.0085214426474747	12	AGCCACGCACATGGTT	Glia
4.60582033429407e-06	0.438863943585743	0.286	0.074	0.00894910890953338	12	TCCTCTTGTCTGGTTA	Nos2
4.82615315519e-06	0.758210672296523	0.257	0.063	0.00937721558053416	12	CGGTCAGCAGTCGCAC	Nos1
4.83414177459034e-06	0.657584796676439	0.229	0.051	0.00939273746802904	12	ATGAAAGGTGAGCCAA	Nos1
5.18702997079489e-06	0.377803755338937	0.286	0.073	0.0100783992332545	12	ATCAGGTCAATGGCCC	Chat1
5.2874827016802e-06	1.02813354312159	0.229	0.052	0.0102735788893646	12	TGTTCCGTCCATTTAC	Glia
5.29542201201412e-06	0.648499127655826	0.371	0.116	0.0102890049693434	12	AGGGAGTAGTTGCGAG	Other1
5.30253152145674e-06	0.649757499899128	0.229	0.05	0.0103028187461904	12	GAGATGGAGAGCACTG	NosChat
5.67107377930142e-06	0.309568104890776	0.314	0.087	0.0110188963531827	12	CGGACACAGAAACCAT	Nos1
5.8275967658243e-06	0.274853368716344	0.229	0.05	0.0113230205159966	12	AAACCCAAGTCCGTCG	Nos1
6.04765983737665e-06	0.667445970937472	0.257	0.062	0.0117506030640228	12	AAGACTCGTGGCTAGA	Chat1
6.23234769681633e-06	0.517617083200941	0.314	0.087	0.0121094515749141	12	CTATCCGGTCCTACGG	Chat1
6.30419573058345e-06	0.52111576898912	0.314	0.087	0.0122490523045236	12	AGGGTCCGTGCACAAG	Chat2
6.84536189235941e-06	0.901684840979133	0.229	0.052	0.0133005381568543	12	TGATCTTAGTATCCTG	Glia
7.08168709202702e-06	0.783642030231169	0.257	0.064	0.0137597180198085	12	GTCTACCCACAATGAA	Glia
7.11783324641452e-06	1.9490344736591	0.314	0.091	0.0138299499977834	12	ACCCTCACAGGAATAT	Nos1
7.14748376915385e-06	0.640203653290843	0.229	0.052	0.0138875609634659	12	CGTAATGGTAGAGTTA	Nos1
7.32922231804616e-06	1.04960919319286	0.257	0.065	0.0142406789639637	12	GATGCTAGTCTGTAGT	Chat1
7.51903860523953e-06	0.45141677573091	0.257	0.062	0.0146094920099804	12	CCCTCTCGTGATGGCA	Chat1
7.73303341965749e-06	0.266459628582533	0.257	0.064	0.0150252839343945	12	ATCGTGAAGACAGTCG	Nos1
7.82675772220328e-06	0.524156368253187	0.229	0.052	0.015207390254241	12	GGGATCCAGGTCCCTG	Nos1
7.84885804185415e-06	0.414145276242236	0.257	0.063	0.0152503311753226	12	AGCCAATTCTCGGGAC	Chat1
8.04526647204937e-06	0.368110473401696	0.257	0.062	0.0156319527551919	12	GTCATGAAGGTTCATC	Other3
9.63087512266184e-06	0.652919629569121	0.286	0.076	0.018712790363332	12	TGTCCCAAGACTGTTC	5HT
9.7301470706642e-06	0.34311227862391	0.286	0.074	0.0189056757583005	12	ATTCTTGCAATCCTTT	Glia
9.96296402239267e-06	0.732431401400192	0.286	0.079	0.019358039095509	12	GGAATGGTCAAGTGGG	Chat1
1.05458668472914e-05	1.85416288525392	0.257	0.067	0.0204906192842872	12	AGAAATGCACATATGC	Chat1
1.07077083467636e-05	0.496817981484931	0.286	0.076	0.0208050773177617	12	TCCAGAAGTGATACAA	Nos1
1.23804377468644e-05	0.296122586181559	0.371	0.119	0.0240551905421575	12	ACCAAACGTGCGTTTA	Nos2
1.32044132856839e-05	0.412074514449517	0.286	0.076	0.0256561750140837	12	AACAGGGAGCTGGCTC	Chat2
1.32616030363596e-05	0.456385788411531	0.343	0.107	0.0257672946996467	12	TCGCTTGGTTATGTCG	Chat2
1.3405200988184e-05	0.344367158463006	0.229	0.052	0.0260463055200416	12	GGGTAGAAGGACTTCT	Glia
1.37840068435983e-05	0.42357296787658	0.371	0.118	0.0267823252971115	12	CTTCCGACACGCCAGT	Chat2
1.38622495802659e-05	0.772704236909291	0.229	0.054	0.0269343509344567	12	TGGTTAGTCTTCGTGC	Chat1
1.44857490863768e-05	0.670455877882257	0.257	0.066	0.02814581047483	12	CGGCAGTAGTGAGGCT	Chat1
1.50629351302034e-05	0.268830090390172	0.371	0.118	0.0292672829579851	12	GCCAGTGCATGTTACG	Nos2
1.54561442889774e-05	0.620051362665668	0.257	0.065	0.0300312883534832	12	GGGCTCACAGAGTGTG	NosChat
1.6111595270391e-05	0.340372261619255	0.286	0.08	0.0313048296103698	12	AGTACCACACATACGT	Nos2
1.69885979103108e-05	0.878698985265391	0.257	0.067	0.0330088457397338	12	CTTAGGATCTTAAGGC	Glia
1.7641841745559e-05	0.575407007759448	0.314	0.094	0.0342780985116211	12	AGAAGCGAGTCATGAA	Chat1
1.87873185220383e-05	0.338849832742288	0.286	0.08	0.0365037598883204	12	GTCAAACGTTTGCAGT	Nos1
1.98433224114388e-05	0.337876947264634	0.286	0.078	0.0385555754454256	12	AATGCCAAGATTAGCA	Chat1
2.01387921441835e-05	0.353223764071364	0.314	0.093	0.0391296731361486	12	GATCCCTCACACGGTC	Chat1
2.06692984689232e-05	0.281004399296701	0.343	0.106	0.0401604469251178	12	ATTCTACCAGGTTCAT	Chat2
2.09051920652416e-05	0.529714333924332	0.286	0.079	0.0406187881827644	12	TCCGAAAAGGTAGCCA	Other2
2.24924536591661e-05	0.508007102032654	0.257	0.068	0.0437028374597597	12	TCTGTCGAGATAGGGA	Chat3
2.28677668412509e-05	0.700511716319593	0.314	0.096	0.0444320709725506	12	GATTCGATCCATTCGC	Nos2
2.3340465386894e-05	0.698178456257693	0.229	0.055	0.0453505242467351	12	CCATAAGAGCGTTCAT	Glia
2.35424341116535e-05	0.645367882078557	0.257	0.069	0.0457429494789428	12	TACAGGTTCGCGCTGA	Chat1
2.3553912915004e-05	0.467262008581409	0.371	0.126	0.0457652527938527	12	TCGGTCTCAGTCGGTC	Other1
2.44270432311264e-05	0.568255643072044	0.314	0.096	0.0474617449980785	12	CACTTCGTCCGTGACG	Chat2
2.49790698324138e-05	0.63347425018303	0.286	0.08	0.0485343326843801	12	ATAGAGAGTATACCTG	Other2
2.50106239807797e-05	0.320310136648927	0.286	0.08	0.0485956423946549	12	CAACCAAGTGCGAACA	Chat3
