id	p_val	avg_log2FC	pct.1	pct.2	p_val_adj
C1785	1.59329573830097e-80	1.71089746902318	0.443	0.08	1.80265479831371e-76
C10956	1.42931407020146e-70	1.4122976782991	0.517	0.12	1.61712593902593e-66
C930	2.2298352439347e-66	1.62211678229829	0.384	0.071	2.52283559498772e-62
C1908	5.1603709956586e-66	1.5691239182785	0.453	0.099	5.83844374448814e-62
C7266	8.97145245876255e-66	1.35008355401839	0.463	0.103	1.01503013118439e-61
C7779	3.90814844128486e-64	1.13824318496208	0.419	0.086	4.42167914646969e-60
C2143	5.16798848667313e-64	2.08955295532619	0.409	0.083	5.84706217382198e-60
C8276	2.11312046826031e-63	1.21078243937555	0.419	0.086	2.39078449778971e-59
C8044	3.15250283506035e-61	1.50489119199498	0.498	0.127	3.56674170758728e-57
C1587	5.0338343913579e-61	0.88208531525745	0.522	0.137	5.69528023038233e-57
C7899	8.91209033167787e-61	1.23342729588412	0.601	0.179	1.00831390012603e-56
C6734	1.08803486512702e-60	1.5340227480112	0.458	0.108	1.23100264640471e-56
C10272	2.02566299611974e-60	1.08738641671559	0.424	0.093	2.29183511380987e-56
C1462	3.28182269253091e-60	1.10969299345218	0.409	0.087	3.71305419432947e-56
C10792	1.37567884302191e-59	1.04314673947782	0.498	0.126	1.55644304299498e-55
C10997	2.98917659871925e-59	1.01544931468663	0.502	0.127	3.38195440379096e-55
C10661	2.19174741044591e-58	1.59235276429808	0.493	0.126	2.4797430201785e-54
C11201	1.30177010907983e-57	0.895359310596137	0.433	0.099	1.47282270141292e-53
C10479	1.37985802347798e-56	1.1575026109738	0.424	0.095	1.56117136776299e-52
C11132	1.71336931136645e-56	1.22749352296447	0.488	0.126	1.93850603888e-52
C9935	4.54501754442601e-56	0.768974146373141	0.374	0.077	5.14223284976359e-52
C10852	5.14658251633831e-56	1.21961246570966	0.438	0.106	5.82284345898516e-52
C10837	5.95129311686989e-56	1.38820223576763	0.448	0.11	6.73329303242659e-52
C9002	1.29868902226138e-55	1.63773636250485	0.409	0.092	1.46933675978653e-51
C2142	5.3591502742249e-55	1.25492714945402	0.488	0.129	6.06334262025805e-51
C11171	1.13324484625774e-54	0.959444298580021	0.448	0.109	1.28215321905601e-50
C1118	2.01764902988736e-54	1.89389502137292	0.409	0.093	2.28276811241456e-50
C8888	4.14437048244804e-54	1.04990344819154	0.621	0.201	4.68894076384171e-50
C8624	6.19831634021967e-54	1.27793308375796	0.424	0.101	7.01277510732453e-50
C6733	1.03578592067739e-53	1.7881677759428	0.369	0.078	1.1718881906544e-49
C3403	1.74855055149005e-53	1.9689228179856	0.473	0.125	1.97831009395585e-49
C8479	2.02289984005946e-53	0.854144215441668	0.414	0.096	2.28870887904328e-49
C1006	2.84871073151703e-53	1.35766543532401	0.389	0.087	3.22303132163837e-49
C10602	3.57039448883112e-53	1.07254212602636	0.429	0.104	4.03954432466353e-49
C11250	3.65758097440148e-53	2.61206803405196	0.443	0.113	4.13818711443784e-49
C10860	6.16908960617339e-53	1.33141304940768	0.468	0.125	6.97970798042458e-49
C10647	9.76160545414697e-53	0.963746302482249	0.498	0.139	1.10442804108219e-48
C9951	1.8305255846223e-52	1.13928174122772	0.438	0.109	2.07105664644167e-48
C2239	2.62493240762119e-52	0.973393212733388	0.458	0.12	2.96984852598262e-48
C3078	2.72168660492206e-52	2.33105176549181	0.468	0.128	3.07931622480881e-48
C1816	2.7346751853248e-52	1.11674106411856	0.404	0.094	3.09401150467648e-48
C8108	4.55637429953669e-52	1.04871752893796	0.438	0.108	5.15508188249581e-48
C9213	8.5267289379289e-52	0.991930029464281	0.734	0.282	9.64714112037276e-48
C10283	1.43580425580788e-51	2.49538314494581	0.394	0.092	1.62446893502103e-47
C11277	1.73070042861558e-51	2.56059996745373	0.473	0.13	1.95811446493567e-47
C10513	3.75254503376719e-51	1.21928902821485	0.424	0.105	4.2456294512042e-47
C4228	4.28681622751068e-51	2.97638907784548	0.424	0.107	4.85010387980558e-47
C10216	4.8161086572715e-51	2.6818377085128	0.419	0.105	5.44894533483698e-47
C8126	6.55997618761278e-51	1.08417819295417	0.458	0.122	7.4219570586651e-47
C10621	7.56949719566079e-51	1.08815507513858	0.414	0.101	8.56412912717062e-47
C1548	1.15072597523259e-50	1.17965531588013	0.36	0.079	1.30193136837815e-46
C1260	1.76985128007132e-50	1.16981629198285	0.429	0.108	2.00240973827269e-46
C9565	5.88605244709242e-50	1.66017622977603	0.34	0.071	6.65947973864036e-46
C11089	7.75165809875136e-50	0.974432477133059	0.429	0.108	8.77022597292729e-46
C8572	1.00506334517316e-49	0.594090192002057	0.596	0.191	1.13712866872891e-45
C10734	1.70651134899373e-49	1.1952234669132	0.424	0.106	1.93074694025151e-45
C11216	2.20514446828084e-49	1.10068006566839	0.394	0.093	2.49490045141295e-45
C1238	3.40202732763073e-49	1.51573041119962	0.409	0.1	3.84905371848141e-45
C10899	3.57143380383686e-49	1.69096556087175	0.414	0.105	4.04072020566102e-45
C11121	5.75974224772102e-49	1.11307976853294	0.384	0.09	6.51657237907156e-45
C7336	7.03010162860695e-49	1.07419478587125	0.458	0.125	7.95385698260591e-45
C7433	7.77110463637742e-49	0.912385540853675	0.379	0.087	8.79222778559742e-45
C10716	1.61397631755221e-48	1.19015227482021	0.404	0.1	1.82605280567857e-44
C342	1.9865506528306e-48	0.970288754092582	0.369	0.085	2.24758340861254e-44
C11207	2.16296436281543e-48	0.959413577713152	0.419	0.107	2.44717788008937e-44
C1672	2.41951295369488e-48	0.933188235632527	0.404	0.101	2.73743695581038e-44
C7836	2.46696681245238e-48	1.83064080342804	0.374	0.088	2.79112625160862e-44
C10923	2.65574021409414e-48	2.6250241658733	0.507	0.154	3.00470447822611e-44
C10820	5.5513243505343e-48	2.60702085626277	0.483	0.143	6.28076837019451e-44
C10642	1.81023742041898e-47	0.933118402793829	0.458	0.126	2.04810261746203e-43
C10807	2.29548213481614e-47	0.925833792129436	0.443	0.122	2.59710848733098e-43
C966	2.3587081453061e-47	1.39223983399253	0.374	0.089	2.66864239559933e-43
C7484	2.54629628536694e-47	1.05400528032613	0.374	0.089	2.88087961726415e-43
C8701	1.03906272002397e-46	0.700101898037945	0.621	0.219	1.17559556143513e-42
C8711	1.35434307587381e-46	0.688866756911704	0.581	0.196	1.53230375604363e-42
C10970	1.62796284782757e-46	0.890876247813493	0.394	0.097	1.84187716603212e-42
C441	1.69506665885802e-46	1.18922172664024	0.384	0.093	1.91779841783197e-42
C8649	1.91137922593255e-46	0.947505484730576	0.517	0.163	2.16253445622009e-42
C6515	2.93148128529435e-46	0.595188234688958	0.586	0.195	3.31667792618202e-42
C513	3.8963209397707e-46	1.10071633824225	0.448	0.126	4.40829751125657e-42
C11169	6.37399429145101e-46	2.39181100211128	0.478	0.142	7.21153714134767e-42
C11041	7.9875562881591e-46	1.44979970991863	0.399	0.103	9.03712118442321e-42
C8767	8.20471279786485e-46	1.49423152710027	0.443	0.122	9.28281205950429e-42
C1626	9.21675148482563e-46	1.47855472275263	0.34	0.077	1.04278326299317e-41
C8971	9.41898267464058e-46	1.24378622139966	0.621	0.217	1.06566369980883e-41
C8238	1.067436851545e-45	1.10220429506032	0.493	0.153	1.20769805383801e-41
C10598	1.51555663900682e-45	0.876431979040942	0.409	0.106	1.71470078137232e-41
C1348	1.649955338207e-45	0.898334782888146	0.414	0.107	1.8667594696474e-41
C732	1.6735035393512e-45	1.83271684601912	0.389	0.099	1.89340190442195e-41
C3006	1.72609959511965e-45	2.74842070161116	0.394	0.103	1.95290908191837e-41
C11293	1.99169954049744e-45	0.861412333829595	0.419	0.11	2.25340886011881e-41
C8660	2.46209320099424e-45	1.22092533459252	0.473	0.14	2.78561224760488e-41
C10726	2.81994319357775e-45	2.36312442802617	0.443	0.126	3.19048372921386e-41
C10882	3.02306363604963e-45	0.872445051261925	0.399	0.103	3.42029419782655e-41
C8377	4.94373472865529e-45	0.939372829431335	0.374	0.091	5.59334147200059e-41
C7863	8.70381553666242e-45	1.64420840704245	0.404	0.105	9.84749689817987e-41
C8178	9.06763078256606e-45	1.89548911038707	0.404	0.105	1.02591174673952e-40
C10687	1.00495578699111e-44	2.30951517419041	0.433	0.122	1.13700697740174e-40
C11288	1.08528310356129e-44	1.10420224182965	0.399	0.104	1.22788930336924e-40
C690	1.09130763887425e-44	1.59156483712548	0.374	0.092	1.23470546262233e-40
C9406	1.31663249613587e-44	1.44296794104142	0.325	0.071	1.48963800612813e-40
C1147	1.99862403168203e-44	1.85903712003126	0.369	0.091	2.26124322944505e-40
C1123	2.40706265613493e-44	1.03735301976598	0.483	0.145	2.72335068915106e-40
C675	2.7054415199331e-44	1.05530216647109	0.404	0.106	3.06093653565231e-40
C11174	2.78894293076401e-44	1.05894177116583	0.429	0.119	3.1554100318664e-40
C3330	3.01518188736837e-44	2.66417466956994	0.379	0.096	3.41137678736857e-40
C9615	3.68452724829533e-44	0.858054065100995	0.365	0.087	4.16867412872134e-40
C1023	3.9257656767522e-44	1.40454293394558	0.448	0.131	4.44161128667744e-40
C10824	4.37835574404538e-44	1.07937484056634	0.468	0.139	4.95367168881294e-40
C10796	5.1373066592461e-44	0.639065873699621	0.502	0.153	5.81234875427104e-40
C6775	5.35855997322936e-44	2.00138596329957	0.389	0.098	6.0626747537117e-40
C10510	5.42884335539345e-44	2.08536656687292	0.384	0.1	6.14219337229215e-40
C9425	5.70083958790239e-44	0.90259253444312	0.512	0.161	6.44992990975277e-40
C10751	6.11707007268972e-44	0.99922263716992	0.424	0.114	6.92085308024115e-40
C8773	6.29234787846862e-44	1.22213012066344	0.365	0.088	7.1191623896994e-40
C8307	7.30792812095462e-44	1.38997233793594	0.557	0.196	8.26818987604805e-40
C863	7.83009985091168e-44	1.6110930202346	0.35	0.083	8.85897497132147e-40
C7666	9.71281503568181e-44	0.89822282165253	0.399	0.101	1.09890789313704e-39
C10784	1.01193147990634e-43	0.961265877404052	0.369	0.093	1.14489927636603e-39
C9398	1.23404184480337e-43	0.868009290464617	0.404	0.107	1.39619494321053e-39
C11096	1.39914430145744e-43	2.36271048623368	0.404	0.109	1.58299186266895e-39
C9352	2.0357468087857e-43	1.16925628192278	0.374	0.094	2.30324393946014e-39
C9143	2.2487008191518e-43	1.19098619236472	0.384	0.099	2.54418010678834e-39
C8687	3.40303142893461e-43	0.812346998755722	0.374	0.093	3.85018975869661e-39
C8713	3.8305117604377e-43	1.24313226798522	0.527	0.17	4.33384100575922e-39
C8112	5.00570627114703e-43	0.881910214151786	0.369	0.091	5.66345607517575e-39
C9751	5.73243830153698e-43	0.826145534950271	0.443	0.127	6.48568069435894e-39
C1611	6.60102324101733e-43	1.07692650772528	0.384	0.1	7.46839769488701e-39
C11129	7.94876183386492e-43	2.38298416217152	0.453	0.137	8.99322913883477e-39
C6868	8.12242312725119e-43	1.30802231545556	0.522	0.174	9.189709526172e-39
C1887	8.43483015193409e-43	1.51645964335392	0.448	0.135	9.54316683389823e-39
C11280	8.94789590128867e-43	1.03201497958169	0.384	0.1	1.0123649422718e-38
C6579	9.09800731211966e-43	0.862796160294524	0.33	0.076	1.02934854729322e-38
C7050	1.41522609015597e-42	1.38462452611144	0.384	0.1	1.60118679840247e-38
C10134	1.435170600027e-42	1.310824670305	0.424	0.121	1.62375201687054e-38
C771	1.60960417472619e-42	1.15773691790594	0.542	0.186	1.82110616328521e-38
C8823	2.0250486761212e-42	0.985043653588565	0.468	0.142	2.29114007216352e-38
C3590	2.10136048584623e-42	2.15259235712596	0.414	0.117	2.37747925368643e-38
C11003	2.68375599660557e-42	0.905059924635955	0.409	0.111	3.03640153455954e-38
C10759	3.20780150869438e-42	0.92716831654022	0.424	0.12	3.62930662693682e-38
C279	3.52107209015338e-42	1.28557944143179	0.345	0.083	3.98374096279953e-38
C11138	4.74211576303814e-42	1.58591015596992	0.463	0.145	5.36522977430135e-38
C1290	5.959291502491e-42	0.942934755756201	0.591	0.222	6.74234240591831e-38
C1593	1.05414049332698e-41	1.60751401634532	0.369	0.097	1.19265455415014e-37
C10766	1.15575551320543e-41	0.770699383986714	0.384	0.1	1.30762178764062e-37
C1665	1.15719999040166e-41	0.969383839577307	0.562	0.198	1.30925606914044e-37
C786	1.28333559591168e-41	1.21975581466758	0.409	0.113	1.45196589321447e-37
C1891	1.39722244531741e-41	1.12284402931834	0.345	0.084	1.58081747463212e-37
C144	1.73667821668272e-41	0.956313954084079	0.374	0.096	1.96487773435483e-37
C1347	1.84816353531414e-41	1.3291452974895	0.374	0.099	2.09101222385442e-37
C9342	1.91371478534445e-41	1.02686238347532	0.335	0.079	2.16517690813871e-37
C11012	2.60720438532558e-41	1.39667415719068	0.468	0.15	2.94979104155736e-37
C8452	2.9353462942722e-41	1.04701387123637	0.552	0.193	3.32105079733956e-37
C5237	3.47201280862616e-41	2.5822656099673	0.35	0.089	3.92823529167964e-37
C8929	5.02981869998712e-41	1.42830863204426	0.369	0.098	5.69073687716543e-37
C10039	5.32058914934036e-41	0.942167960064371	0.34	0.083	6.01971456356369e-37
C7971	6.27631906111322e-41	0.727405937606941	0.571	0.206	7.1010273857435e-37
C8669	6.29766288797544e-41	0.850406279743332	0.507	0.163	7.12517579145542e-37
C8934	9.17483414408624e-41	0.838203763971258	0.443	0.132	1.03804073506192e-36
C10199	9.79958394328476e-41	0.914772741436487	0.404	0.114	1.10872492734324e-36
C8725	1.02391730041164e-40	0.863073673847014	0.34	0.081	1.15846003368572e-36
C7018	1.22567194566919e-40	1.4230170306411	0.374	0.097	1.38672523933012e-36
C8500	1.54012344670101e-40	1.04229447053456	0.581	0.218	1.74249566759752e-36
C7640	1.77678318146208e-40	1.57699409119945	0.429	0.125	2.01025249150619e-36
C9200	1.80766120620977e-40	2.34642213019469	0.335	0.081	2.04518788870574e-36
C10811	1.86458177089007e-40	1.26542114977327	0.453	0.142	2.10958781558502e-36
C2130	2.11592727295993e-40	0.889108986775738	0.443	0.135	2.39396011662686e-36
C6664	2.33561109843332e-40	0.925732627861181	0.571	0.222	2.64251039676746e-36
C8438	4.44521070652934e-40	0.486363525744578	0.783	0.35	5.0293113933673e-36
C10991	5.18652836525542e-40	0.987964824784536	0.404	0.114	5.86803819244998e-36
C11118	5.22833204246724e-40	0.643391634065615	0.429	0.123	5.91533487284744e-36
C858	5.57386985830449e-40	1.11385235672939	0.33	0.08	6.3062763576857e-36
C7419	6.29465069761217e-40	1.28032945569954	0.369	0.097	7.12176779927841e-36
C6704	6.67833897678548e-40	0.674765608383546	0.557	0.198	7.55587271833509e-36
C9156	6.89802253798778e-40	0.5456651350565	0.64	0.251	7.80442269947937e-36
C10640	8.60848809031575e-40	0.80121114337648	0.458	0.141	9.73964342538324e-36
C7583	9.69855829791522e-40	1.04364322605985	0.478	0.152	1.09729488582613e-35
C9043	1.04268914244818e-39	0.810751378183411	0.512	0.179	1.17969849576587e-35
C8864	1.13120508018405e-39	0.839312982395608	0.365	0.094	1.27984542772024e-35
C6174	1.40908485185187e-39	1.43707272400992	0.34	0.085	1.5942386013852e-35
C8155	1.68835119126817e-39	0.982659850830492	0.379	0.102	1.9102005378008e-35
C10183	1.71540634017081e-39	1.13715898498591	0.34	0.086	1.94081073326926e-35
C9351	1.78328320532854e-39	0.975048477013998	0.384	0.107	2.01760661850871e-35
C1177	2.1817071542598e-39	1.06186339850555	0.369	0.099	2.46838347432954e-35
C11085	2.70503792965817e-39	1.01633309310525	0.374	0.102	3.06047991361525e-35
C11092	2.86738346952328e-39	1.11023250167177	0.394	0.112	3.24415765741864e-35
C10578	2.93592845881113e-39	0.878312324638709	0.414	0.121	3.32170945829891e-35
C7992	3.34493152668533e-39	1.1213962685599	0.369	0.097	3.78445552929178e-35
C11094	3.65253859398673e-39	2.38030597073362	0.409	0.119	4.13248216523658e-35
C1675	3.8776031709814e-39	0.813757554490669	0.374	0.101	4.38712022764836e-35
C738	3.98892178260689e-39	1.00784212464309	0.507	0.169	4.51306610484144e-35
C11249	4.00171871300415e-39	2.42017922351862	0.448	0.144	4.5275445518929e-35
C809	6.88627535034435e-39	1.09416929836874	0.325	0.079	7.7911319313796e-35
C8852	7.2622171453995e-39	0.663517068272867	0.537	0.188	8.216472478305e-35
C11015	7.49287962790778e-39	0.850266887962503	0.379	0.104	8.47744401101486e-35
C11120	8.00185329681102e-39	1.68997207859753	0.433	0.135	9.05329682001199e-35
C11176	8.19238466548771e-39	2.30502983167355	0.399	0.118	9.26886401053279e-35
C7463	8.78762882279347e-39	1.00471648180333	0.374	0.103	9.94232325010854e-35
C9685	1.04890804288037e-38	0.649762554909771	0.493	0.164	1.18673455971485e-34
C963	1.04914162513722e-38	1.06529041378807	0.34	0.086	1.18699883468026e-34
C6545	1.0564039053153e-38	0.861191343908438	0.414	0.124	1.19521537847373e-34
C7618	1.3561084251055e-38	0.986013222560302	0.429	0.131	1.53430107216436e-34
C10186	1.35646251145308e-38	1.44279794898568	0.365	0.1	1.53470168545801e-34
C1341	1.46181343220531e-38	1.32036204543221	0.35	0.09	1.65389571719709e-34
C1394	1.78004177402401e-38	1.31416560621108	0.374	0.104	2.01393926313076e-34
C11048	2.21839504967344e-38	2.57451745044262	0.424	0.131	2.50989215920054e-34
C10963	2.94304370601051e-38	2.18927451612084	0.433	0.137	3.32975964898029e-34
C8505	3.00469895032755e-38	0.718701280997984	0.374	0.101	3.39951639240059e-34
C10165	3.03329835940778e-38	1.25288078701083	0.404	0.12	3.43187376383396e-34
C3209	3.26793933905602e-38	0.955293575762368	0.36	0.097	3.69734656820799e-34
C9399	3.27580324887237e-38	0.573263744703808	0.635	0.248	3.7062437957742e-34
C7797	4.29452041186767e-38	1.42667515460068	0.379	0.106	4.85882039398708e-34
C7849	4.66264608870156e-38	1.39799413627543	0.369	0.1	5.27531778475695e-34
C10011	4.77863250804641e-38	1.17807677240351	0.335	0.084	5.4065448196037e-34
C10064	4.99710729152906e-38	2.49669411110831	0.36	0.099	5.65372718963598e-34
C10943	5.00759986572855e-38	2.00153154228031	0.384	0.111	5.66559848808528e-34
C1042	5.05006666044001e-38	1.40841565079985	0.374	0.103	5.71364541962183e-34
C10857	6.95724434039225e-38	2.25074513297408	0.414	0.126	7.87142624671979e-34
C10721	8.59689381955851e-38	1.25694129342699	0.384	0.11	9.72652566744849e-34
C189	1.18395951044642e-37	0.984230940338327	0.394	0.114	1.33953179011908e-33
C702	1.27374716334853e-37	0.843420297016907	0.345	0.089	1.44111754061252e-33
C8789	1.35561992735906e-37	0.546406191148682	0.635	0.256	1.53374838581404e-33
C7503	1.36180729223185e-37	0.969739371441465	0.498	0.168	1.54074877043112e-33
C11125	1.44896573011281e-37	0.846998002842324	0.409	0.121	1.63935982704963e-33
C8639	1.50438977800395e-37	0.800754175587949	0.576	0.216	1.70206659483367e-33
C11253	1.74205099568912e-37	1.32245328402396	0.374	0.106	1.97095649652267e-33
C10798	1.79627621017595e-37	1.10515040738549	0.463	0.153	2.03230690419307e-33
C10926	2.17201338662422e-37	1.23293162745557	0.384	0.111	2.45741594562664e-33
C11295	2.32512198606777e-37	0.749862121476279	0.414	0.125	2.63064301503708e-33
C8463	2.83410216915265e-37	1.1800259446663	0.458	0.145	3.2065031941793e-33
C516	2.88578663707722e-37	1.44524872004656	0.335	0.086	3.26497900118917e-33
C9218	3.08890768389663e-37	0.733492190189531	0.552	0.197	3.49479015356064e-33
C8849	4.83195738295078e-37	0.377392567438394	0.739	0.339	5.46687658307052e-33
C339	5.36650488212054e-37	1.32919720278606	0.404	0.121	6.07166362363118e-33
C9678	5.45508871469068e-37	0.748814758051368	0.33	0.083	6.17188737180104e-33
C7924	5.90867874353473e-37	1.29740543414273	0.355	0.096	6.68507913043519e-33
C2301	5.95735995856994e-37	0.803407973845026	0.355	0.095	6.74015705712603e-33
C8676	6.43457230912751e-37	0.796042041677592	0.493	0.165	7.28007511054686e-33
C11219	7.00519323401294e-37	2.1369049036714	0.438	0.142	7.92567562496224e-33
C11116	8.14804774941478e-37	2.35545406121407	0.483	0.169	9.21870122368788e-33
C3782	8.76290836582062e-37	2.41285782251239	0.345	0.093	9.91435452508945e-33
C11244	1.38664799622898e-36	0.868548501538733	0.369	0.103	1.56885354293346e-32
C7537	1.71091789837625e-36	0.905136216302405	0.473	0.159	1.93573251022289e-32
C6901	1.73586406967535e-36	0.848112444632727	0.409	0.126	1.96395660843069e-32
C10929	1.85729280872212e-36	1.35741550059789	0.399	0.122	2.1013410837882e-32
C10623	2.34877331364555e-36	0.860036165133091	0.355	0.096	2.65740212705858e-32
C10556	2.41700995782177e-36	0.708676067603512	0.296	0.07	2.73460506627956e-32
C9376	2.46578876980965e-36	2.40956356745168	0.315	0.08	2.78979341416264e-32
C11029	2.57699352862467e-36	1.69225377856542	0.365	0.103	2.91561047828595e-32
C1965	2.68145207425111e-36	0.716413460974695	0.369	0.105	3.0337948768077e-32
C10644	3.00419379671238e-36	1.03903857476114	0.355	0.098	3.39894486160038e-32
C9042	3.23336704077421e-36	0.398575108784814	0.631	0.256	3.65823146993194e-32
C9118	3.47897164738737e-36	0.922866975893937	0.522	0.19	3.93610852185408e-32
C10944	4.32519501522651e-36	0.698265656438496	0.483	0.168	4.89352564022727e-32
C7215	4.92374732099793e-36	1.5306603926518	0.369	0.104	5.57072771897705e-32
C216	5.83588230740886e-36	0.747859647293083	0.325	0.081	6.60271724260238e-32
C11254	6.03304791238771e-36	0.835582284255815	0.389	0.116	6.82579040807546e-32
C8206	6.51396730231039e-36	1.21957431526686	0.345	0.092	7.36990260583398e-32
C1304	6.55061029172223e-36	1.31669181812144	0.448	0.147	7.41136048405453e-32
C10471	7.46974831834323e-36	1.24831281180949	0.35	0.095	8.45127324737353e-32
C7209	7.76521592290303e-36	0.984601431082608	0.399	0.12	8.78556529517248e-32
C11305	1.04779595717186e-35	1.09638337572907	0.379	0.11	1.18547634594424e-31
C10725	1.05271917644104e-35	0.770825729980984	0.404	0.124	1.1910464762254e-31
C10977	1.07020800861299e-35	0.838809419292668	0.355	0.098	1.21083334094474e-31
C10865	1.10226113526813e-35	0.776610972910399	0.384	0.11	1.24709824844236e-31
C2125	1.21768110854028e-35	0.675589966406393	0.335	0.087	1.37768440620247e-31
C11193	1.22376291655317e-35	0.894485376617135	0.374	0.109	1.38456536378826e-31
C6606	1.26364906452008e-35	0.740695160845794	0.468	0.158	1.42969255159802e-31
C9046	1.32394497073916e-35	0.664182455655449	0.542	0.195	1.49791133989429e-31
C9256	1.91354781602864e-35	0.704230962230138	0.64	0.258	2.1649879990548e-31
C10890	2.4170547996295e-35	0.751134912783489	0.384	0.112	2.73465580030082e-31
C75	2.53039428709308e-35	0.86626421778603	0.409	0.127	2.86288809641711e-31
C10450	2.66132849308231e-35	0.653737013324355	0.424	0.137	3.01102705707332e-31
C10530	3.28473735846059e-35	0.781911392978867	0.345	0.093	3.71635184736231e-31
C597	3.60926505950403e-35	1.06448987036862	0.384	0.113	4.08352248832286e-31
C10034	4.51205189638671e-35	0.709620929929208	0.365	0.104	5.10493551557193e-31
C10799	4.5433749427867e-35	0.653227679579096	0.365	0.103	5.14037441026887e-31
C11117	8.12841569787256e-35	1.95477249173492	0.389	0.118	9.19648952057301e-31
C9076	1.00074801371208e-34	0.709186593526772	0.443	0.141	1.13224630271385e-30
C9264	1.06681474556393e-34	0.928723827442263	0.414	0.13	1.20699420313102e-30
C10455	1.12402568236441e-34	2.56879352295641	0.345	0.097	1.2717226570271e-30
C7894	1.17424844916465e-34	1.12875175029982	0.325	0.086	1.32854469538488e-30
C1250	1.28545201090453e-34	1.21464924719102	0.424	0.138	1.45436040513738e-30
C9235	2.20101322987536e-34	0.600642366342508	0.665	0.287	2.49022636828098e-30
C8913	2.34580456907728e-34	1.05279615611984	0.458	0.154	2.65404328945404e-30
C8443	2.45275011212242e-34	0.328055649826265	0.621	0.257	2.7750414768553e-30
C7571	2.64726923450765e-34	0.88794939238688	0.389	0.117	2.99512041192195e-30
C10203	2.68419772442942e-34	0.709184727456009	0.35	0.097	3.03690130541945e-30
C6559	3.10493209476117e-34	0.846729070243184	0.448	0.152	3.51292017201279e-30
C2006	3.52907975684178e-34	0.633324172798315	0.32	0.083	3.99280083689079e-30
C10007	3.97149760448446e-34	1.44487989067013	0.33	0.09	4.49335238971372e-30
C1886	4.23136122315872e-34	1.19822062745522	0.365	0.106	4.78736208788178e-30
C602	4.44493749649436e-34	0.928495294985146	0.424	0.14	5.02900228353372e-30
C7407	4.50740524967781e-34	1.14914156711398	0.325	0.087	5.09967829948548e-30
C8828	5.13610902905844e-34	1.07319577830052	0.448	0.149	5.81099375547672e-30
C10589	5.31606115097099e-34	2.3341327535529	0.369	0.11	6.01459158620858e-30
C266	7.41877432943684e-34	1.53810743240672	0.33	0.091	8.39360127632484e-30
C10413	7.75845316953583e-34	0.770699383986716	0.34	0.095	8.77791391601284e-30
C1745	8.81160040779366e-34	0.95936461276474	0.493	0.181	9.96944470137775e-30
C9967	1.28506311505664e-33	0.487337587277902	0.581	0.233	1.45392040837508e-29
C2	1.54838157032293e-33	0.732630950052216	0.374	0.111	1.75183890866336e-29
C706	1.78579186850506e-33	0.89347261719836	0.379	0.115	2.02044492002662e-29
C2325	1.82031619179039e-33	0.840064837921542	0.35	0.1	2.05950573939165e-29
C877	1.85839840348356e-33	0.720504524489495	0.443	0.149	2.1025919537013e-29
C418	1.97892948243835e-33	1.59671812557927	0.345	0.099	2.23896081643075e-29
C7864	2.01545433514584e-33	1.06230565044196	0.36	0.104	2.28028503478401e-29
C126	2.35223550513676e-33	0.900689302560202	0.3	0.077	2.66131925051173e-29
C8609	2.95319938965085e-33	0.303868188372849	0.734	0.345	3.34124978945098e-29
C7341	3.04645651499136e-33	1.06474058088189	0.36	0.106	3.44676090106123e-29
C11124	3.10002457751323e-33	0.622685665082381	0.355	0.101	3.50736780699847e-29
C2080	3.23063795832903e-33	1.4005286913384	0.374	0.112	3.65514378605347e-29
C7095	3.5188309228261e-33	1.00224567629454	0.399	0.125	3.98120530608545e-29
C1821	3.84638558874807e-33	0.954763321271485	0.365	0.108	4.35180065510956e-29
C1449	4.16623636811944e-33	1.12569388949204	0.305	0.079	4.71367982689033e-29
C7080	4.39303352909792e-33	0.396369622460649	0.631	0.265	4.97027813482139e-29
C8520	4.51466364833907e-33	0.798400414802085	0.369	0.107	5.10789045173083e-29
C2195	4.77690841158466e-33	1.07139973643913	0.473	0.171	5.40459417686688e-29
C11258	5.10277579993384e-33	0.976255348900244	0.33	0.092	5.77328054004515e-29
C11159	5.14386718602352e-33	2.07288265448559	0.478	0.177	5.81977133426701e-29
C27	6.51848091386974e-33	1.08675087316912	0.399	0.128	7.37500930595222e-29
C11100	7.19087645744004e-33	0.755935170725722	0.325	0.089	8.13575762394766e-29
C8471	7.29045627665984e-33	0.603019711537112	0.635	0.286	8.24842223141295e-29
C9911	7.49049302727855e-33	1.58266168737003	0.335	0.095	8.47474381106295e-29
C836	8.1539553705556e-33	0.824074488085157	0.502	0.188	9.22538510624661e-29
C8830	9.0579904929044e-33	1.00607398394552	0.32	0.086	1.0248210443672e-28
C8189	9.48111613183705e-33	1.39460444549793	0.399	0.129	1.07269347915604e-28
C7378	9.54648424528729e-33	1.4723850046434	0.315	0.086	1.0800892275118e-28
C7104	9.59935722708779e-33	0.796579623884591	0.379	0.114	1.08607127667271e-28
C8570	1.02436433649507e-32	0.417160878859066	0.655	0.281	1.15896581031052e-28
C10113	1.33007987942995e-32	0.724198419898171	0.335	0.093	1.50485237558704e-28
C8535	1.47971722714631e-32	0.924273140040091	0.325	0.089	1.67415207079334e-28
C165	1.65682736593724e-32	1.06482224398508	0.33	0.092	1.87453448182139e-28
C10015	1.95263291005329e-32	0.601229160412592	0.335	0.094	2.20920887443429e-28
C7424	2.07184045348789e-32	0.61718843186613	0.581	0.248	2.3440802890762e-28
C8707	2.29295855353594e-32	1.51904778008403	0.355	0.102	2.59425330747056e-28
C8439	2.30744281735762e-32	1.01146183587372	0.453	0.161	2.61064080355841e-28
C9055	2.37935590203307e-32	0.437624968461276	0.581	0.235	2.69200326756022e-28
C9183	2.5174052533066e-32	0.59581294409082	0.522	0.203	2.84819230359109e-28
C6645	2.66175571862886e-32	1.02670381251165	0.31	0.083	3.01151042005669e-28
C10990	3.28674265500863e-32	1.07383368685838	0.409	0.136	3.71862063987677e-28
C2257	3.34004807412019e-32	0.713359143334568	0.31	0.083	3.77893039105958e-28
C10526	4.29603557151239e-32	2.45037540865605	0.325	0.092	4.86053464560911e-28
C10047	5.97338576068791e-32	0.725723246551243	0.33	0.093	6.7582886496423e-28
C9261	6.11245207350465e-32	1.24283116774721	0.32	0.088	6.91562827596316e-28
C1538	7.42920440376947e-32	0.477207295476476	0.389	0.122	8.40540186242478e-28
C629	7.44928871222069e-32	1.05962314903351	0.345	0.103	8.42812524900649e-28
C9721	8.2192215385997e-32	1.45323086041078	0.355	0.105	9.2992272487717e-28
C9066	8.77718512449879e-32	0.697644404381184	0.325	0.091	9.93050724985793e-28
C10577	8.91163329804736e-32	0.594169675822929	0.379	0.119	1.00826219134108e-27
C10447	9.1549293783582e-32	0.627972193051046	0.389	0.123	1.03578870986745e-27
C7874	9.32754489961179e-32	0.957934955868228	0.502	0.192	1.05531842994208e-27
C1288	1.10061866238484e-31	1.13206371760622	0.305	0.081	1.2452399546222e-27
C9184	1.12119925454484e-31	0.528340018613993	0.754	0.346	1.26852483659204e-27
C8008	1.13932083513074e-31	0.716547160514104	0.32	0.087	1.28902759286692e-27
C9187	1.46939470886073e-31	0.465244620631818	0.443	0.151	1.66247317360503e-27
C11055	1.50954683647095e-31	1.08242615020551	0.389	0.125	1.70790129078323e-27
C8251	1.56400935862069e-31	1.10227842580181	0.305	0.082	1.76952018834345e-27
C8561	1.59465162088584e-31	1.29187070390141	0.35	0.105	1.80418884387024e-27
C999	1.91308243704175e-31	1.5985383119421	0.3	0.079	2.16446146926904e-27
C6689	2.00681857985254e-31	0.620366198588713	0.502	0.191	2.27051454124516e-27
C10096	2.12323828469436e-31	1.14189092817399	0.355	0.106	2.4022317953032e-27
C7428	2.30328647972171e-31	1.21512563955504	0.409	0.134	2.60593832315714e-27
C10975	2.32922611935508e-31	0.828706169563778	0.36	0.109	2.63528643143834e-27
C7216	2.4600644095157e-31	0.75328196964713	0.325	0.091	2.78331687292606e-27
C6805	2.47145975058037e-31	0.686623195117865	0.552	0.223	2.79620956180663e-27
C11018	2.57739117333054e-31	0.645399731852573	0.399	0.131	2.91606037350618e-27
C7330	2.85056630839872e-31	1.41279026327303	0.389	0.125	3.22513072132231e-27
C9609	2.92383177553321e-31	0.419349100145331	0.709	0.333	3.30802327083827e-27
C8169	2.95993002525383e-31	1.06110628514385	0.517	0.2	3.34886483057219e-27
C11142	3.01371114829101e-31	2.43701615828747	0.424	0.151	3.40971279317645e-27
C1488	3.27689415512413e-31	0.962869726116355	0.443	0.158	3.70747804710744e-27
C10779	3.64458723756791e-31	0.698209461377088	0.389	0.124	4.12348600058433e-27
C693	3.6766625375982e-31	1.07712871658028	0.399	0.13	4.1597759950386e-27
C9030	4.20904309997368e-31	0.851726130477952	0.379	0.118	4.76211136331022e-27
C9067	4.22931525127743e-31	1.1676163819065	0.379	0.12	4.78504727529528e-27
C6987	6.0117672918634e-31	1.11191577516155	0.335	0.096	6.80171351401424e-27
C10074	6.05756245258083e-31	0.681459137095713	0.345	0.102	6.85352615884995e-27
C11239	6.67376075516872e-31	0.456565217584193	0.557	0.226	7.55069291839789e-27
C1603	6.96872660152628e-31	0.499494293440217	0.355	0.105	7.88441727696683e-27
C8480	7.18693824933632e-31	0.971052456056766	0.389	0.129	8.13130193529911e-27
C2326	7.4525487031237e-31	0.65398606238908	0.394	0.127	8.43181360271416e-27
C7920	7.56065288746744e-31	0.848305765805012	0.35	0.106	8.55412267688066e-27
C8776	8.37107196202575e-31	0.621325843452108	0.64	0.284	9.47103081783593e-27
C160	9.54521753283583e-31	1.04421038746126	0.463	0.17	1.07994591166505e-26
C10892	9.74802799812942e-31	2.56526900351331	0.379	0.125	1.10289188770836e-26
C10960	1.01153946360595e-30	1.32842793561963	0.369	0.116	1.14445574912377e-26
C2246	1.04316283989697e-30	0.977174398843857	0.315	0.09	1.18023443705943e-26
C10668	1.10771280847775e-30	0.843920068137852	0.345	0.103	1.25326627151173e-26
C9104	1.43344172259082e-30	0.680626939115501	0.537	0.216	1.62179596493926e-26
C8782	1.46668593896111e-30	0.498569681240468	0.512	0.187	1.6594084713406e-26
C1833	1.59585508618083e-30	0.727851600639726	0.463	0.173	1.80555044450499e-26
C10543	1.59995670348527e-30	0.713061598350818	0.315	0.088	1.81019101432324e-26
C9185	1.63055247235353e-30	1.56257731303137	0.325	0.093	1.84480706722079e-26
C11042	1.79070642471331e-30	0.960648164420326	0.36	0.11	2.02600524892064e-26
C8595	1.8389772412765e-30	0.294735812119214	0.739	0.346	2.08061885078023e-26
C8576	2.02931791209823e-30	0.510324626671745	0.36	0.111	2.29597028574794e-26
C10966	2.14358494410778e-30	0.620495213355627	0.345	0.103	2.42525200576354e-26
C8586	2.75743433491302e-30	0.615574761374583	0.374	0.117	3.1197612065206e-26
C517	2.90314729406455e-30	0.968195832493563	0.379	0.126	3.28462084850463e-26
C8540	2.95772304425012e-30	0.431178760930543	0.443	0.158	3.34636785226459e-26
C8647	3.0396223789039e-30	0.533796220859951	0.542	0.216	3.43902875949188e-26
C6835	3.44273096431453e-30	1.23560099302212	0.404	0.136	3.89510581302546e-26
C8979	3.58763868029019e-30	1.84868057667838	0.355	0.109	4.05905440288032e-26
C6580	3.63812928414911e-30	1.20024796906339	0.488	0.189	4.1161794720863e-26
C9144	3.75886540077981e-30	0.283028189732893	0.65	0.281	4.25278031444228e-26
C7067	3.80070976624481e-30	0.735558473289021	0.34	0.101	4.30012302952938e-26
C7176	4.04523885950019e-30	0.790206337140045	0.433	0.159	4.57678324563851e-26
C10693	4.04885529640427e-30	0.719169025848447	0.369	0.117	4.58087488235179e-26
C6997	4.4398960294822e-30	1.4164446033064	0.305	0.084	5.02329836775616e-26
C9221	4.70339600074625e-30	0.326962319829003	0.463	0.169	5.32142223524431e-26
C7711	4.76963510845223e-30	1.5829344761238	0.365	0.112	5.39636516170286e-26
C7886	4.87742594650918e-30	0.464322824889242	0.355	0.107	5.51831971588049e-26
C7794	5.7307747276666e-30	0.468763760224789	0.547	0.223	6.483798526882e-26
C10103	6.04351211964145e-30	0.833364679842488	0.34	0.101	6.83762961216233e-26
C9230	6.49527030219622e-30	1.39568574975302	0.34	0.098	7.3487488199048e-26
C10802	6.87070416525669e-30	2.48430232487937	0.379	0.127	7.77351469257142e-26
C2082	7.34962073766046e-30	0.801040649753708	0.36	0.112	8.31536090258904e-26
C1066	8.00073712027364e-30	0.788761039177407	0.3	0.082	9.0520339778776e-26
C890	8.09378916561257e-30	1.11467708777192	0.325	0.094	9.15731306197406e-26
C7670	8.22752474303685e-30	1.72027608923343	0.424	0.145	9.30862149427189e-26
C10110	1.06247497378942e-29	2.68999955729637	0.31	0.089	1.20208418534534e-25
C9091	1.13717227322999e-29	1.31833766136203	0.296	0.081	1.28659670993241e-25
C6513	1.35600054563372e-29	1.35904827255482	0.424	0.151	1.53417901732999e-25
C10801	1.50815318364752e-29	0.975667220287706	0.394	0.132	1.70632451197881e-25
C9028	2.0438819350527e-29	0.650511375798605	0.532	0.215	2.31244802131862e-25
C7294	2.1129783051427e-29	1.14382275093508	0.429	0.154	2.39062365443845e-25
C10671	2.31068065044184e-29	0.696320172437942	0.335	0.1	2.6143040879099e-25
C1165	2.53392532469356e-29	0.989709551249693	0.384	0.131	2.86688311235829e-25
C6568	2.59200619586257e-29	0.557532856315182	0.438	0.161	2.93259580999891e-25
C3165	2.78513503555108e-29	2.5010344685064	0.33	0.101	3.15110177922249e-25
C8559	2.84526573448164e-29	0.255874850139178	0.631	0.276	3.21913365199252e-25
C9073	2.94569249761627e-29	0.814531024930746	0.291	0.079	3.33275649180305e-25
C7351	3.38316742720595e-29	0.77831095992733	0.507	0.2	3.82771562714081e-25
C9769	3.63395110968067e-29	1.18443207620382	0.31	0.089	4.11145228549271e-25
C8748	3.75158607611013e-29	0.513734330751027	0.493	0.191	4.244544486511e-25
C8702	3.88185500169589e-29	1.10382404462074	0.369	0.117	4.39193074891873e-25
C6747	4.28191350596774e-29	0.745905937744985	0.557	0.242	4.8445569406519e-25
C7257	4.28332564430077e-29	1.02406029974548	0.468	0.178	4.84615463396189e-25
C4876	4.74550966280208e-29	0.826705192278209	0.34	0.104	5.36906963249427e-25
C8626	4.8268964093667e-29	0.764431925224917	0.379	0.125	5.46115059755748e-25
C5234	5.05369473705721e-29	0.756334967230396	0.296	0.082	5.71775022550652e-25
C9172	6.16554853087763e-29	1.79763137192542	0.394	0.133	6.97570160783495e-25
C6801	6.34715603738848e-29	1.215871848362	0.31	0.088	7.18117234070133e-25
C8716	6.84398248492456e-29	1.44681049354117	0.33	0.1	7.74328178344365e-25
C8043	8.18919979711733e-29	1.26433567625885	0.325	0.096	9.26526065045855e-25
C10138	9.180751788604e-29	0.521378826457051	0.33	0.098	1.03871025736266e-24
C7221	9.40653121843958e-29	0.922813351484056	0.473	0.177	1.06425494205425e-24
C7964	9.53481813916234e-29	0.766185530017189	0.468	0.179	1.07876932426483e-24
C7803	1.01318651293187e-28	0.58423673234398	0.315	0.089	1.14631922073112e-24
C7557	1.0182551858983e-28	0.948958970885759	0.296	0.082	1.15205391732533e-24
C11114	1.17443715069553e-28	1.05643906938952	0.345	0.105	1.32875819229692e-24
C9309	1.27494169915855e-28	1.90454623090603	0.305	0.088	1.44246903842798e-24
C9057	1.59679754861461e-28	0.574993660225872	0.586	0.256	1.80661674650257e-24
C7750	2.0569137992881e-28	0.425293308443266	0.552	0.228	2.32719227251455e-24
C8943	2.16229083090026e-28	0.83277974650183	0.517	0.209	2.44641584608056e-24
C8412	2.35303676922189e-28	0.457506337151718	0.438	0.157	2.66222580069765e-24
C9959	2.54332747821388e-28	0.548433069849672	0.498	0.198	2.87752070885118e-24
C8791	2.57895595009632e-28	1.29033459007104	0.36	0.115	2.91783076193898e-24
C7569	2.61808047867311e-28	0.694039662570085	0.389	0.131	2.96209625357076e-24
C6785	2.62792992601094e-28	0.532275017631706	0.33	0.099	2.97323991828878e-24
C2345	2.66131503962248e-28	0.762816279401469	0.493	0.201	3.01101183582887e-24
C9010	2.75374924913962e-28	1.56922969085793	0.365	0.119	3.11559190047656e-24
C1670	3.04248916640168e-28	0.625524365850618	0.305	0.088	3.44227224286686e-24
C7546	3.19246726466188e-28	1.15601098268774	0.414	0.15	3.61195746323845e-24
C10914	3.31906410155214e-28	0.882792099380736	0.379	0.128	3.75518912449609e-24
C9884	3.82311810795279e-28	0.655231223302842	0.3	0.085	4.32547582733779e-24
C8397	3.94299937916001e-28	0.305277519402379	0.635	0.282	4.46110949758163e-24
C1788	4.66201502004347e-28	0.73689120907759	0.389	0.132	5.27460379367718e-24
C10657	6.21822791431534e-28	0.853528709188938	0.335	0.105	7.03530306225638e-24
C1315	6.81112734623259e-28	0.394451115674653	0.655	0.316	7.70610947952756e-24
C551	7.44111589852558e-28	0.903643850500064	0.325	0.099	8.41887852759184e-24
C10665	7.66195928782795e-28	1.76724436308732	0.34	0.107	8.66874073824855e-24
C8692	7.71420294069249e-28	0.294806397467937	0.547	0.228	8.72784920709948e-24
C10954	8.28264256890416e-28	0.965249288841271	0.33	0.103	9.37098180245817e-24
C10338	8.56887005137001e-28	0.757235121615332	0.345	0.111	9.69481957612003e-24
C11022	9.06180142946196e-28	0.562194140052143	0.389	0.134	1.02525221372933e-23
C8117	9.11509705796371e-28	1.08564772882773	0.557	0.241	1.03128208113801e-23
C11081	9.15014010821975e-28	0.68698811250158	0.345	0.11	1.03524685184398e-23
C8859	9.38298822331867e-28	0.845863219206374	0.31	0.09	1.06159128758627e-23
C10826	1.09956856723027e-27	0.779890598184854	0.32	0.097	1.24405187696433e-23
C10794	1.17483788500492e-27	1.15610132215947	0.424	0.157	1.32921158309457e-23
C8677	1.40857340769992e-27	0.594144384406949	0.562	0.265	1.59365995347169e-23
C11281	1.61694845478312e-27	0.624541089403074	0.384	0.13	1.82941548174162e-23
C9116	1.76552512325017e-27	2.06207046847725	0.296	0.085	1.99751512444524e-23
C8195	1.8972993249715e-27	0.597720810280907	0.365	0.119	2.14660445627275e-23
C8781	2.0284307622687e-27	0.544277884525088	0.31	0.091	2.29496656443081e-23
C8994	2.03596885663578e-27	0.57851896631611	0.498	0.197	2.30349516439772e-23
C9001	2.26733640326563e-27	0.624045962074508	0.325	0.098	2.56526440665473e-23
C6820	2.29206349934047e-27	0.65261455451208	0.365	0.119	2.59324064315381e-23
C6933	2.43567953204958e-27	0.864084564222326	0.365	0.12	2.7557278225609e-23
C254	2.58073510652849e-27	0.65792332094135	0.296	0.086	2.91984369952634e-23
C977	2.72675098828765e-27	0.707499073721057	0.3	0.087	3.08504606814864e-23
C8341	2.75662632748514e-27	0.576846375100008	0.448	0.171	3.11884702691669e-23
C8163	2.81510242460221e-27	0.833923769257039	0.36	0.121	3.18500688319494e-23
C8733	3.00951014759327e-27	1.19689184679242	0.345	0.112	3.40495978098703e-23
C499	3.11425523028589e-27	1.28535535744368	0.33	0.104	3.52346836754546e-23
C10568	3.58469064792998e-27	1.22025229310356	0.31	0.095	4.05571899906797e-23
C8618	4.06728311991774e-27	0.512691533166482	0.532	0.228	4.60172412187493e-23
C7612	4.86267636294941e-27	1.21243337637065	0.31	0.093	5.50163203704097e-23
C10881	5.23322372063477e-27	0.861919786917742	0.522	0.231	5.92086931752618e-23
C7582	5.42443509071657e-27	0.771699600641861	0.488	0.197	6.13720586163673e-23
C69	5.59566120108752e-27	0.823840785053305	0.365	0.124	6.33093108291042e-23
C8842	6.43560680584208e-27	0.314821043413033	0.591	0.261	7.28124554012973e-23
C6970	6.58832845509577e-27	1.37237716641563	0.325	0.104	7.45403481409536e-23
C6623	6.70245908400075e-27	2.07280511734491	0.305	0.091	7.58316220763845e-23
C7643	7.23034850967243e-27	1.05082565533661	0.296	0.086	8.18041630384339e-23
C8807	7.33733786463688e-27	0.332358789558064	0.591	0.255	8.30146406005017e-23
C8420	7.83764468015729e-27	0.760160540619157	0.473	0.191	8.86751119112996e-23
C9059	8.69716294174565e-27	0.406813443285537	0.468	0.175	9.83997015229102e-23
C710	1.10632847772621e-26	1.00250402301743	0.424	0.159	1.25170003969943e-22
C10158	1.23502365120684e-26	0.582309523501035	0.315	0.097	1.39730575897542e-22
C8568	1.3577489215644e-26	0.554467001887051	0.345	0.111	1.53615712985796e-22
C2177	1.38993424016705e-26	1.71016249309335	0.276	0.077	1.572571599325e-22
C10245	1.47772421682375e-26	0.613547232597786	0.33	0.104	1.67189717891439e-22
C7383	1.6043400860558e-26	0.961170619521219	0.34	0.11	1.81515037336354e-22
C1844	1.71369705893997e-26	0.971367593284337	0.325	0.101	1.93887685248468e-22
C7073	1.9690039573813e-26	1.03240467698563	0.305	0.091	2.22773107738121e-22
C8600	2.78742342103155e-26	0.776219639788793	0.586	0.273	3.1536908585551e-22
C8553	2.80744199245698e-26	0.480632313819881	0.576	0.27	3.17633987026582e-22
C8925	3.29303059117731e-26	0.574585133275051	0.502	0.208	3.72573481085801e-22
C9049	5.56232337689233e-26	1.32821586867862	0.355	0.117	6.29321266861599e-22
C8726	5.62758828714829e-26	0.56605991925623	0.36	0.119	6.36705338807958e-22
C1764	5.74524774892194e-26	1.34490299120499	0.31	0.097	6.50017330313028e-22
C6829	5.82713914891976e-26	0.718587659024942	0.345	0.112	6.59282523308782e-22
C9149	6.27711434546207e-26	0.456906096215392	0.374	0.124	7.10192717045578e-22
C8384	6.4945846472009e-26	0.39822690010161	0.394	0.143	7.3479730698431e-22
C8792	6.544631283612e-26	0.529031195482667	0.517	0.224	7.40459583427862e-22
C8968	7.43112617008746e-26	0.469656653619259	0.468	0.188	8.40757614883695e-22
C9117	7.72518718266093e-26	0.638080771863567	0.443	0.172	8.74027677846258e-22
C9876	9.36633679253363e-26	0.831881016619087	0.365	0.129	1.05970734470725e-21
C8528	1.00762126234931e-25	1.62370738139856	0.31	0.094	1.14002269622201e-21
C8597	1.10317437095477e-25	1.08138511879382	0.296	0.089	1.24813148329823e-21
C7645	1.3044806894361e-25	1.002962720026	0.379	0.132	1.47588945202801e-21
C6736	1.50836653137442e-25	0.970633961264509	0.335	0.11	1.70656589359702e-21
C8358	1.77811675998333e-25	0.829219856029372	0.571	0.263	2.01176130224514e-21
C1967	1.91945901476743e-25	1.34223132240067	0.31	0.099	2.17167592930787e-21
C9327	1.99290822102268e-25	0.484042659379364	0.281	0.081	2.25477636126506e-21
C9926	2.02923545795892e-25	0.282511339957692	0.355	0.119	2.29587699713472e-21
C7204	2.59929929872606e-25	1.16400387248229	0.424	0.164	2.94084722657866e-21
C9311	3.02167461404357e-25	0.759608817614063	0.271	0.077	3.4187226583289e-21
C8832	3.0254260328883e-25	0.721240670800579	0.443	0.171	3.42296701360982e-21
C2347	3.25200712234413e-25	0.746197066799175	0.557	0.256	3.67932085822015e-21
C8275	3.83590116158877e-25	0.342119731063531	0.66	0.331	4.33993857422153e-21
C6985	4.26876958236015e-25	0.839105215315712	0.365	0.126	4.82968590548227e-21
C9197	4.37180844857694e-25	1.06563026279459	0.3	0.092	4.94626407871995e-21
C1382	4.5247854458236e-25	0.617576380472975	0.325	0.104	5.11934225340482e-21
C11154	5.06740884270019e-25	0.67713278693282	0.36	0.126	5.733266364631e-21
C8889	5.10923726894428e-25	0.364406098039864	0.429	0.162	5.78059104608356e-21
C7177	5.14617816332901e-25	0.649681684195046	0.429	0.16	5.82238597399044e-21
C6838	5.23936011375708e-25	0.389616455351245	0.433	0.165	5.92781203270476e-21
C8836	5.72112472567013e-25	0.464968912816997	0.517	0.226	6.47288051462318e-21
C2189	5.84333328101421e-25	0.457257086791212	0.365	0.127	6.61114727413947e-21
C8805	5.98461656864859e-25	0.616622905796278	0.404	0.147	6.77099518576901e-21
C9978	6.8834144962994e-25	0.799078122914017	0.458	0.181	7.78789516111315e-21
C9367	6.98716451181032e-25	0.638536113337568	0.438	0.175	7.9052779286622e-21
C8519	7.9048881004613e-25	0.517292009750533	0.281	0.082	8.94359039686192e-21
C8382	8.50731606837707e-25	0.761101579771467	0.433	0.164	9.62517739976181e-21
C11049	1.02330703007942e-24	1.9468941829357	0.409	0.162	1.15776957383186e-20
C10582	1.14687460179478e-24	0.826433453210162	0.35	0.123	1.29757392447062e-20
C8759	1.16199606049374e-24	0.939037365452063	0.32	0.104	1.31468234284262e-20
C11072	1.19800035253632e-24	0.353747907498843	0.512	0.225	1.3554175988596e-20
C8229	1.2187595236865e-24	1.15091478823766	0.384	0.139	1.37890452509891e-20
C2646	1.25302661597016e-24	1.21711903228012	0.483	0.209	1.41767431330864e-20
C1567	1.2780079937051e-24	0.911646792266172	0.365	0.13	1.44593824407795e-20
C10883	1.4692773341371e-24	0.410516304299075	0.31	0.098	1.66234037584271e-20
C9020	1.9620151819077e-24	0.776604688917887	0.33	0.11	2.21982397681037e-20
C9742	1.97099536565646e-24	1.5593693230538	0.286	0.087	2.22998415670372e-20
C10593	2.15724877539907e-24	0.564385491701801	0.36	0.128	2.44071126448651e-20
C2285	2.43074084888559e-24	0.967617785478178	0.3	0.094	2.75014019642916e-20
C132	2.68199589213058e-24	1.00024529023742	0.3	0.095	3.03441015235654e-20
C9035	2.74329793615828e-24	0.392047715184784	0.537	0.235	3.10376728496948e-20
C8414	2.79729577450221e-24	0.882344941541081	0.305	0.097	3.1648604392718e-20
C8811	2.98435014786549e-24	0.469014072018125	0.335	0.111	3.37649375729501e-20
C7495	3.22777275289697e-24	1.3082756570097	0.296	0.093	3.65190209262763e-20
C8886	3.24551582279285e-24	0.323162319931191	0.409	0.15	3.67197660190784e-20
C1334	3.50536272029941e-24	1.39664220608984	0.281	0.085	3.96596738174675e-20
C8847	3.64040205315943e-24	0.787820699608197	0.315	0.104	4.11875088294457e-20
C8518	3.90376537616743e-24	1.15423738883399	0.374	0.137	4.41672014659583e-20
C7999	4.05969378225128e-24	0.546720902984128	0.36	0.125	4.59313754523909e-20
C346	4.16596148340945e-24	0.746201280623534	0.3	0.095	4.71336882232945e-20
C8810	4.70104815110926e-24	0.418530266526254	0.493	0.205	5.31876587816502e-20
C7375	5.01069148681564e-24	0.316672495329254	0.552	0.249	5.66909634818322e-20
C1683	5.04860436578669e-24	0.712631804736313	0.443	0.179	5.71199097945106e-20
C7726	5.40358981102855e-24	0.688643746669375	0.281	0.084	6.1136215121977e-20
C918	6.32383631131959e-24	0.79622065685146	0.33	0.11	7.15478840262698e-20
C9240	6.74724948227206e-24	0.284069738780291	0.552	0.247	7.63383806424261e-20
C8036	7.86776501370679e-24	0.480522717644046	0.517	0.231	8.90158933650786e-20
C8517	7.91501326473114e-24	0.358001109408214	0.586	0.287	8.95504600771681e-20
C7504	9.05358126526099e-24	0.761911461564219	0.355	0.126	1.02432218435163e-19
C8680	1.06060533517374e-23	0.389156947862471	0.537	0.237	1.19996887621557e-19
C1481	1.06768840712869e-23	1.18816679579423	0.443	0.187	1.2079826638254e-19
C1974	1.36314299635494e-23	0.784806951156638	0.33	0.111	1.54225998607598e-19
C479	1.41912372541649e-23	0.891926284333095	0.35	0.126	1.60559658293622e-19
C5073	1.59936408344271e-23	0.712434756042371	0.335	0.116	1.80952052400709e-19
C669	1.70822903086598e-23	0.672387910767145	0.286	0.088	1.93269032552177e-19
C3329	1.77276781782951e-23	1.59889348206244	0.35	0.124	2.00570950909231e-19
C7053	2.12571744616809e-23	1.09380970727421	0.414	0.162	2.40503671859457e-19
C10595	2.2108573186396e-23	0.658031026722357	0.384	0.146	2.50136397030885e-19
C8629	2.21803287996548e-23	0.457568407828246	0.478	0.196	2.50948240039295e-19
C10250	2.3095053873339e-23	0.652966966976752	0.291	0.09	2.61297439522958e-19
C1377	2.33942849381627e-23	0.629884370646628	0.35	0.124	2.64682939790373e-19
C6777	2.37610416690148e-23	0.376523034481681	0.458	0.186	2.68832425443233e-19
C8252	2.56613998279914e-23	0.605778163475551	0.379	0.142	2.90333077653894e-19
C7880	2.61300302832665e-23	0.652935263259815	0.305	0.099	2.95635162624877e-19
C8753	2.7971358740085e-23	0.744465470083764	0.355	0.125	3.16467952785322e-19
C8816	3.11481750043163e-23	0.516523885271185	0.502	0.216	3.52410451998834e-19
C10175	3.49775225936108e-23	1.00782132191943	0.281	0.088	3.95735690624112e-19
C8285	3.53447110841427e-23	0.630823119958166	0.335	0.115	3.9989006120599e-19
C7873	3.57147979864687e-23	0.704421464553414	0.458	0.19	4.04077224418907e-19
C6617	3.79266782215984e-23	0.398779417050271	0.438	0.179	4.29102437399164e-19
C9159	4.05658937237872e-23	0.589526119989738	0.369	0.133	4.58962521590929e-19
C7559	4.366895776041e-23	0.532624429278203	0.399	0.154	4.94070588101279e-19
C11276	4.59656948823735e-23	0.723248712186675	0.325	0.109	5.20055871899173e-19
C179	4.76890637667072e-23	0.905263157615396	0.374	0.141	5.39554067456526e-19
C11056	4.96158702767927e-23	0.702916368211465	0.34	0.121	5.61353956311633e-19
C6776	5.02591952307467e-23	0.653524315855319	0.424	0.17	5.68632534840668e-19
C8837	5.37483493685112e-23	0.570269049223438	0.394	0.148	6.08108824755335e-19
C8668	5.77594051733201e-23	0.441013305554835	0.374	0.137	6.53489910130944e-19
C11313	6.33593199251113e-23	0.384787685701811	0.473	0.202	7.16847345632709e-19
C9025	6.44171251491303e-23	0.555095478198663	0.438	0.178	7.2881535393726e-19
C6741	6.7058540704789e-23	1.35554367211093	0.443	0.192	7.58700329533982e-19
C8808	7.35397118155681e-23	0.70726331191256	0.493	0.212	8.32028299481337e-19
C11260	7.51846301540077e-23	0.514660653095501	0.305	0.101	8.50638905562443e-19
C276	7.74812388146688e-23	1.93234888777722	0.291	0.095	8.76622735949163e-19
C9962	8.06050106019966e-23	0.311233076237749	0.557	0.266	9.11965089950989e-19
C10844	8.25423976094294e-23	0.467046055212728	0.483	0.213	9.33884686553084e-19
C11070	8.54523397327569e-23	0.638933852668633	0.315	0.105	9.66807771736411e-19
C201	9.27444595772091e-23	0.69435416029903	0.315	0.107	1.04931081565654e-18
C1938	9.4908561187813e-23	0.986266801951777	0.3	0.098	1.07379546127892e-18
C4632	1.00748373168221e-22	0.73167159862656	0.315	0.107	1.13986709402525e-18
C9110	1.07848367518105e-22	0.787620855279285	0.34	0.118	1.22019643009984e-18
C8282	1.12688591469866e-22	0.391328479069978	0.507	0.231	1.27495872389006e-18
C1018	1.20125232904923e-22	1.26904614027358	0.33	0.115	1.3590968850863e-18
C8368	1.22578020736855e-22	0.984321176461445	0.473	0.207	1.38684772661677e-18
C7579	1.30552019592298e-22	0.554957607726401	0.34	0.118	1.47706554966726e-18
C2111	1.4869881451018e-22	0.636133997859238	0.315	0.107	1.68237838736818e-18
C11006	1.58010353481523e-22	0.64018336485357	0.31	0.104	1.78772913928995e-18
C2295	1.59056871600375e-22	1.01123908984022	0.33	0.116	1.79956944528665e-18
C8746	1.62949410267408e-22	0.51454324421511	0.409	0.159	1.84360962776545e-18
C8061	1.74895800840631e-22	0.877827885751392	0.3	0.097	1.9787710907109e-18
C7825	1.90583301849857e-22	0.925411261033769	0.286	0.091	2.15625947712929e-18
C6965	1.99777820271629e-22	0.649354358281649	0.32	0.109	2.26028625855321e-18
C9713	2.01268854362555e-22	0.32354215181973	0.498	0.219	2.27715581825794e-18
C3823	2.04356658992257e-22	0.574075329838855	0.404	0.165	2.3120912398384e-18
C7604	2.07596682645072e-22	0.394863951926226	0.606	0.291	2.34874886744635e-18
C10894	2.09187766916052e-22	0.596373332322913	0.305	0.102	2.36675039488821e-18
C2269	2.25818414259079e-22	0.584845574979146	0.389	0.152	2.55490953892722e-18
C1822	2.31606544064807e-22	0.917020904247616	0.335	0.12	2.62039643954923e-18
C1812	2.34846008267822e-22	0.677110636086941	0.355	0.129	2.65704773754213e-18
C7281	2.9633062644782e-22	1.72929426152959	0.276	0.085	3.35268470763063e-18
C1479	3.04934985601013e-22	0.484648634579692	0.315	0.109	3.45003442708986e-18
C1261	3.17146518762907e-22	0.668165786137307	0.32	0.109	3.58819571328353e-18
C6954	3.38702459931657e-22	0.660153911416407	0.34	0.122	3.83207963166676e-18
C8232	3.77862979492051e-22	0.476482623217952	0.547	0.254	4.27514174997306e-18
C11025	3.99900344541205e-22	0.506632732901465	0.345	0.124	4.52447249813919e-18
C10783	4.007497448652e-22	0.514848424549405	0.32	0.111	4.53408261340487e-18
C8288	5.8243954359264e-22	0.848838243209263	0.305	0.103	6.58972099620713e-18
C9170	6.18758686284294e-22	0.541218544335285	0.498	0.224	7.00063577662051e-18
C9614	6.4231030689409e-22	0.718920375576835	0.355	0.131	7.26709881219973e-18
C6788	6.99997607289631e-22	0.474341424067139	0.65	0.348	7.91977292887488e-18
C9370	7.33247425449609e-22	0.461234418254175	0.478	0.213	8.29596137153688e-18
C8266	7.33333864827305e-22	0.963001078290109	0.369	0.144	8.29693934665613e-18
C11065	8.87149508010681e-22	2.01663430234354	0.478	0.223	1.00372095336328e-17
C11060	9.09839419014638e-22	0.546999733215193	0.325	0.115	1.02939231867316e-17
C9023	9.37653305959021e-22	0.501547885697746	0.463	0.208	1.06086095036204e-17
C7943	1.12371468118398e-21	0.250527917814569	0.596	0.294	1.27137079029156e-17
C8470	1.14587248662355e-21	1.63111582793485	0.276	0.088	1.29644013136588e-17
C9140	1.27593619682697e-21	1.66928796721204	0.31	0.108	1.44359421309003e-17
C8442	1.27701225289476e-21	0.321832398676238	0.517	0.238	1.44481166292513e-17
C8432	1.30045707615451e-21	1.25262341469214	0.281	0.09	1.47133713596122e-17
C8448	1.32072529938573e-21	0.897646190226093	0.266	0.082	1.49426860372501e-17
C6550	1.42165652230675e-21	0.561806393675437	0.355	0.134	1.60846218933786e-17
C9894	1.55290335500188e-21	0.640343664569573	0.384	0.152	1.75695485584913e-17
C8019	1.61792208748043e-21	0.481238219223896	0.424	0.178	1.83051704977536e-17
C9081	1.94306054643402e-21	0.434030368495627	0.626	0.32	2.19837870223544e-17
C8798	2.05468423637895e-21	0.339277094747798	0.468	0.201	2.32466974503915e-17
C7831	2.07609770164824e-21	0.686491697396654	0.478	0.213	2.34889693964482e-17
C7890	2.33820438767265e-21	0.703162039386668	0.409	0.168	2.64544444421283e-17
C8750	2.62659346768425e-21	1.53587831571618	0.369	0.143	2.97172784933796e-17
C6511	2.71642379272964e-21	0.443636899058227	0.36	0.134	3.07336187909432e-17
C6929	2.72178813984497e-21	0.300062165810144	0.315	0.108	3.0794311014206e-17
C9430	2.89599792865489e-21	0.725795625029298	0.36	0.142	3.27653205648015e-17
C213	3.28215946751534e-21	0.698226882870778	0.31	0.11	3.71343522154685e-17
C9125	3.32878185049216e-21	0.716660566116289	0.374	0.145	3.76618378564683e-17
C9130	3.34880804366743e-21	0.591784461145281	0.453	0.19	3.78884142060534e-17
C10069	3.3950107936729e-21	0.52148315136706	0.266	0.082	3.84111521196152e-17
C8804	3.40431135378409e-21	0.719388557446472	0.369	0.144	3.85163786567132e-17
C10871	3.48643755439854e-21	0.75535482987612	0.3	0.103	3.9445554490465e-17
C10905	3.705303438631e-21	0.653569095324974	0.325	0.115	4.19218031046712e-17
C8421	4.00252364838076e-21	0.396364437737785	0.296	0.098	4.528455255778e-17
C9397	4.12282885081484e-21	0.974736269245136	0.251	0.077	4.66456856181191e-17
C8456	4.25296357666502e-21	0.314354099527028	0.517	0.24	4.8118029906388e-17
C9000	4.47679483042477e-21	0.607674341402659	0.369	0.145	5.06504567114258e-17
C8566	4.70432706780707e-21	0.479644697851966	0.512	0.231	5.32247564451692e-17
C7542	5.08342487720085e-21	0.993845483518913	0.315	0.115	5.75138690606504e-17
C10891	5.53371516355581e-21	0.676389350247757	0.291	0.098	6.26084533604705e-17
C9071	6.40736714922962e-21	0.444448438982449	0.389	0.157	7.24929519263839e-17
C10856	6.59078884840137e-21	0.395313830112349	0.31	0.109	7.45681850308131e-17
C9027	7.31204585971706e-21	1.18864526012375	0.281	0.092	8.27284868568388e-17
C9711	7.31886637161779e-21	0.3784053312496	0.498	0.24	8.28056541284836e-17
C8051	8.70400619730339e-21	1.14878642668097	0.374	0.147	9.84771261162905e-17
C8302	9.70740905038163e-21	0.525261931724496	0.34	0.123	1.09829625996018e-16
C8758	1.02308976598275e-20	0.878877338622194	0.345	0.132	1.15752376123288e-16
C1452	1.12708117139373e-20	0.671525871341969	0.266	0.085	1.27517963731486e-16
C2356	1.12737865538551e-20	0.635073931369145	0.276	0.091	1.27551621070317e-16
C8507	1.25883364085287e-20	1.48655754724196	0.369	0.142	1.42424438126094e-16
C6790	1.35357653399961e-20	0.998724708308803	0.458	0.206	1.53143649056716e-16
C332	1.45934480094577e-20	0.459830417375205	0.291	0.097	1.65110270779005e-16
C2003	1.50446748620115e-20	1.29390316829705	0.296	0.1	1.70215451388798e-16
C8723	1.5773151265939e-20	0.460181294700073	0.374	0.145	1.78457433422834e-16
C9578	1.63810423154574e-20	1.81628601338804	0.276	0.093	1.85335112757084e-16
C8978	1.64772228179411e-20	0.505226532215875	0.409	0.166	1.86423298962185e-16
C8863	1.66832228307564e-20	0.365125330828119	0.522	0.23	1.88753983107178e-16
C7490	1.73852553681383e-20	0.624700818440904	0.409	0.17	1.96696779235117e-16
C2218	1.77127531109205e-20	0.462479257083506	0.369	0.145	2.00402088696955e-16
C9034	1.90969451626207e-20	0.93717919617468	0.438	0.185	2.16062837569891e-16
C6882	1.93764054111081e-20	0.368677638954701	0.488	0.221	2.19224650821277e-16
C9862	2.07643275106427e-20	0.957269343891283	0.315	0.113	2.34927601455412e-16
C7517	2.23628689105226e-20	0.678819188072108	0.271	0.088	2.53013498853653e-16
C7684	2.29832653962254e-20	0.876380715492231	0.365	0.142	2.60032664692894e-16
C8724	2.31800792308257e-20	0.763956479911872	0.286	0.096	2.62259416417562e-16
C10368	2.64886978343701e-20	0.865888650761235	0.276	0.092	2.99693127298063e-16
C8846	3.23699961457506e-20	0.281785748435645	0.463	0.199	3.66234136393023e-16
C6525	3.35149134670668e-20	0.461290975805025	0.419	0.176	3.79187730966394e-16
C9098	3.57540322890964e-20	1.53961866402935	0.276	0.092	4.04521121318836e-16
C6520	4.70835530892733e-20	1.19033080352511	0.424	0.184	5.32703319652039e-16
C1957	5.10273901910035e-20	0.931069099236371	0.286	0.098	5.77323892621014e-16
C7960	5.13223832584572e-20	1.46554779203489	0.3	0.104	5.80661444186185e-16
C8638	5.17806494331448e-20	0.956207287051522	0.31	0.111	5.858462676866e-16
C11136	5.69966424399878e-20	0.662859088732287	0.32	0.117	6.44860012566022e-16
C8714	6.0130942823176e-20	1.04849864521643	0.325	0.119	6.80321487101413e-16
C8498	6.28457664087109e-20	1.39314181445634	0.271	0.087	7.11037001148155e-16
C8544	6.58358516800126e-20	0.757756028971913	0.355	0.139	7.44866825907662e-16
C8665	7.36518898884679e-20	0.834369070579787	0.325	0.121	8.33297482198126e-16
C4133	7.99502527362271e-20	1.7136347057036	0.394	0.171	9.04557159457673e-16
C6758	8.59115329031633e-20	0.38162381160079	0.458	0.201	9.7200308326639e-16
C8278	9.2239260068848e-20	1.01058021166819	0.34	0.13	1.04359498841895e-15
C6913	9.38566021420097e-20	0.768526241275042	0.483	0.227	1.0618935966347e-15
C7499	9.80346206689014e-20	0.309538312354677	0.517	0.253	1.10916369824795e-15
C8409	1.03269443894135e-19	0.806910068281979	0.256	0.082	1.16839048821824e-15
C9239	1.11025552553097e-19	0.931972746668004	0.384	0.159	1.25614310158574e-15
C6739	1.11400966329977e-19	0.793458055043566	0.374	0.152	1.26039053305737e-15
C6594	1.3293344467121e-19	0.542896950047176	0.335	0.127	1.50400899301007e-15
C7686	1.33651333579547e-19	0.573854753359029	0.448	0.198	1.512131188119e-15
C9472	1.40878607485437e-19	0.606261246789571	0.246	0.078	1.59390056509024e-15
C2972	1.45024233908726e-19	0.623353656167769	0.355	0.142	1.64080418244332e-15
C10870	1.51047137508988e-19	0.757539066275609	0.32	0.119	1.70894731377669e-15
C8768	1.56346099267386e-19	0.386959503986286	0.517	0.24	1.76889976711121e-15
C7850	1.66398403816905e-19	0.423701312076146	0.33	0.122	1.88263154078446e-15
C1343	1.71754063939112e-19	0.639085194312757	0.345	0.133	1.94322547940711e-15
C4987	1.77501196666709e-19	0.51339063556477	0.3	0.106	2.00824853908715e-15
C7010	1.8022119024619e-19	0.807614175717023	0.424	0.192	2.03902254644539e-15
C2431	2.00285827834187e-19	1.24698632981482	0.399	0.176	2.26603385611599e-15
C8353	2.02265859988565e-19	0.899522502473594	0.3	0.108	2.28843593991063e-15
C8356	2.04901048706139e-19	0.45022437162629	0.355	0.139	2.31825046506125e-15
C1361	2.24370833049794e-19	0.299429953407171	0.438	0.195	2.53853160512537e-15
C9016	2.47201955019873e-19	1.05643378162201	0.261	0.087	2.79684291909484e-15
C9163	2.67388008080169e-19	0.442766413812527	0.389	0.159	3.02522792341903e-15
C11202	2.86170759889525e-19	0.620329426071294	0.335	0.131	3.23773597739009e-15
C7385	3.12908676461513e-19	0.609657143697959	0.399	0.165	3.54024876548556e-15
C9710	3.24856957379401e-19	0.504513488398974	0.369	0.15	3.67543161579054e-15
C8871	3.32917486034876e-19	1.86156554856292	0.3	0.107	3.76662843699859e-15
C9062	3.37516383647146e-19	0.404781991430508	0.606	0.313	3.81866036458381e-15
C9102	3.46081980183199e-19	0.280247334342146	0.433	0.185	3.91557152379272e-15
C95	4.14200625988691e-19	0.253781848148417	0.399	0.17	4.68626588243605e-15
C10238	4.37100704746502e-19	1.50691951898703	0.438	0.2	4.94535737350192e-15
C8895	4.80306984111574e-19	1.38883224948865	0.374	0.151	5.43419321823835e-15
C8715	5.68064014395457e-19	0.541532694219881	0.305	0.109	6.4270762588702e-15
C6822	7.18710552834668e-19	0.892873993143541	0.35	0.142	8.13149119477143e-15
C8154	7.37489771362778e-19	0.327047611490418	0.453	0.207	8.34395927319847e-15
C10724	8.03713308154409e-19	0.766762214113689	0.369	0.154	9.09321236845899e-15
C6577	8.50625184039932e-19	0.530803117750817	0.369	0.152	9.62397333222779e-15
C6976	9.91648863994505e-19	0.557985656656458	0.325	0.124	1.12195152472338e-14
C7642	1.13653823331941e-18	0.748736360723697	0.433	0.197	1.28587935717758e-14
C9206	1.18358585197351e-18	0.388828538564677	0.394	0.163	1.33910903292283e-14
C3614	1.25204305032823e-18	0.658706945391362	0.315	0.119	1.41656150714136e-14
C9517	1.2931957106636e-18	0.775215120128949	0.286	0.102	1.4631216270448e-14
C8860	1.42241709048063e-18	0.346019627254313	0.325	0.125	1.60932269616979e-14
C7149	1.59366267246617e-18	0.267140293601886	0.571	0.296	1.80306994762822e-14
C7735	1.61330548139215e-18	0.658074269122761	0.355	0.143	1.82529382164708e-14
C10298	1.71257811842323e-18	0.301929715981601	0.281	0.098	1.93761088318404e-14
C7802	1.71702974726505e-18	0.481408809789756	0.305	0.113	1.94264745605568e-14
C8333	1.95013387872184e-18	0.508524086095659	0.493	0.233	2.20638147038589e-14
C9248	2.23590804868617e-18	0.317888106161335	0.256	0.085	2.52970636628353e-14
C7627	2.37599444055357e-18	0.313485369819011	0.448	0.205	2.68820011004231e-14
C9589	2.51912056094603e-18	1.36527517430638	0.281	0.102	2.85013300265434e-14
C8620	2.90656211509412e-18	0.485654542054556	0.463	0.22	3.28848437701748e-14
C7539	2.99478407151952e-18	0.305219506190308	0.33	0.128	3.38829869851719e-14
C7034	3.31360539671615e-18	0.548747378696576	0.473	0.226	3.74901314584466e-14
C10291	3.41748605345843e-18	0.549556162435834	0.256	0.087	3.86654372088286e-14
C6912	3.6572584159664e-18	0.834216384492665	0.389	0.166	4.13782217182438e-14
C8778	3.77181283320377e-18	0.319452271434581	0.429	0.185	4.26742903948675e-14
C1966	4.01021956922443e-18	0.563823768343575	0.36	0.151	4.53716242062052e-14
C8661	4.47857191521429e-18	1.50287151853095	0.251	0.084	5.06705626487344e-14
C2810	4.69390872751346e-18	0.597082860539989	0.305	0.117	5.31068833430873e-14
C2148	4.72828676946181e-18	0.268556148396819	0.473	0.221	5.34958365096909e-14
C6628	4.86861946767467e-18	0.561727446079896	0.443	0.201	5.50835606572712e-14
C453	4.94111082265226e-18	0.629038529862879	0.286	0.105	5.59037278474876e-14
C1240	5.04700249134577e-18	0.548160931085307	0.458	0.215	5.7101786187086e-14
C8696	5.41802056297205e-18	0.957135047989309	0.335	0.129	6.12994846494658e-14
C7723	6.00661278619923e-18	0.875907208322316	0.246	0.082	6.79588170630581e-14
C9220	6.29536166228639e-18	0.360850605986408	0.493	0.235	7.12257218471082e-14
C8705	7.28143409765857e-18	0.393766491310017	0.291	0.105	8.2382145380909e-14
C9011	7.8143229324567e-18	1.12538956414835	0.34	0.138	8.84112496578151e-14
C8875	1.04516705587539e-17	0.639042379977426	0.36	0.152	1.18250200701741e-13
C6512	1.19717748616949e-17	0.304436738188077	0.453	0.206	1.35448660785216e-13
C8841	1.21601541410373e-17	1.42838697112933	0.271	0.095	1.37579983951696e-13
C7717	1.24561611084029e-17	0.505728058108537	0.379	0.168	1.4092900678047e-13
C7037	1.35826943842534e-17	0.407433767403404	0.443	0.201	1.53674604263442e-13
C1221	1.40930144998939e-17	0.755215127536964	0.31	0.117	1.594483660518e-13
C10898	1.41916393348839e-17	0.510283939546079	0.305	0.115	1.60564207434876e-13
C7734	1.52166139833877e-17	1.22153485857042	0.32	0.129	1.72160770608048e-13
C980	1.59426699200358e-17	0.832968044772658	0.394	0.176	1.80375367475285e-13
C9254	1.64126634845466e-17	1.03516604648318	0.291	0.109	1.8569287466416e-13
C8606	1.69583104527275e-17	0.266601928419732	0.31	0.116	1.91866324462159e-13
C2466	1.80236167976541e-17	0.59008769670358	0.345	0.144	2.03919200448658e-13
C1411	2.11744022767607e-17	0.745914603188474	0.266	0.094	2.3956718735927e-13
C6905	2.17574492499839e-17	1.1570985555386	0.379	0.164	2.46163780814318e-13
C9613	2.30562670428703e-17	0.328632249393851	0.31	0.118	2.60858605323034e-13
C7322	2.42379637343022e-17	0.874962679019301	0.291	0.107	2.74228321689895e-13
C8780	2.50102912117579e-17	0.679549874131809	0.286	0.104	2.82966434769829e-13
C7935	2.6996007491652e-17	1.08034941680393	0.384	0.164	3.05432828760551e-13
C8598	3.1453460877241e-17	0.390957027255669	0.394	0.176	3.55864456365105e-13
C8516	3.24152881285959e-17	0.94023810295305	0.33	0.128	3.66746569886934e-13
C9771	3.26709506114549e-17	0.533416701352333	0.374	0.157	3.69639135218e-13
C8440	3.28491003884862e-17	0.278267068243676	0.512	0.261	3.71654721795333e-13
C7871	3.30510620693362e-17	0.36051325411654	0.458	0.216	3.7393971625247e-13
C9341	3.45660950681669e-17	0.742724320904185	0.31	0.123	3.9108079960124e-13
C8897	3.58097193638482e-17	0.34584279590596	0.335	0.135	4.05151164882578e-13
C8743	3.83515018052891e-17	0.488935640268864	0.424	0.19	4.3390889142504e-13
C9236	4.26026332527823e-17	0.312447355661529	0.512	0.25	4.82006192621979e-13
C3144	4.28591673498899e-17	1.08960891025503	0.355	0.151	4.84908619396654e-13
C7808	4.37582736076157e-17	0.29532000212645	0.35	0.14	4.95081107596564e-13
C2748	4.45649724543739e-17	1.16403258469404	0.35	0.146	5.04208098348786e-13
C8983	4.50590890800141e-17	0.490051438448083	0.488	0.233	5.09798533851279e-13
C8760	4.73100703035579e-17	0.504918465549454	0.31	0.119	5.35266135414454e-13
C874	5.81746642964923e-17	0.461775901266563	0.3	0.115	6.58188151850514e-13
C9960	6.98000330081867e-17	0.514483034918395	0.399	0.173	7.89717573454625e-13
C8806	7.4948246339604e-17	0.262094951888054	0.374	0.155	8.4796445908628e-13
C8648	8.34189969516934e-17	0.364092352282969	0.443	0.207	9.43802531511459e-13
C1935	8.44662963396915e-17	0.283097314215319	0.409	0.187	9.55651676787269e-13
C1628	8.50083700749397e-17	0.381648794303457	0.33	0.135	9.61784699027868e-13
C9812	8.55023633221508e-17	0.747846235283981	0.424	0.193	9.67373738626814e-13
C8391	9.19736051055318e-17	0.303986457123448	0.478	0.235	1.04058936816399e-12
C6567	9.51991090378626e-17	0.942916743293115	0.355	0.153	1.07708271965438e-12
C6881	1.0009406539024e-16	0.401673718434241	0.424	0.194	1.13246425582518e-12
C11237	1.04348934604318e-16	0.411447198505994	0.271	0.099	1.18060384611325e-12
C6557	1.1116580720875e-16	0.62682315658948	0.305	0.119	1.2577299427598e-12
C6716	1.14411194690252e-16	0.80128982085922	0.345	0.143	1.29444825672551e-12
C7922	1.24066170508374e-16	0.286232252439369	0.507	0.263	1.40368465313174e-12
C8915	1.24089331309942e-16	1.01945290571702	0.325	0.135	1.40394669444069e-12
C633	1.24312976145379e-16	0.51176452203418	0.409	0.197	1.40647701210881e-12
C9012	1.27463246079466e-16	0.942775443214819	0.261	0.093	1.44211916614308e-12
C717	1.28478029203613e-16	0.495172944238027	0.586	0.336	1.45360042240968e-12
C8055	1.38670143488008e-16	0.512760480759706	0.291	0.11	1.56891400342332e-12
C8933	1.55183376027487e-16	0.296073084086329	0.355	0.147	1.75574471637499e-12
C9250	1.90694226258481e-16	0.341505613591415	0.419	0.189	2.15751447588846e-12
C9845	2.0001624249192e-16	1.18789731400552	0.256	0.092	2.26298376755359e-12
C8536	2.59111515365743e-16	0.366719817010186	0.365	0.154	2.93158768484801e-12
C8349	2.97268322654303e-16	0.332074613222562	0.271	0.099	3.36329380251079e-12
C9772	3.06314123504667e-16	0.505770486169638	0.217	0.07	3.4656379933318e-12
C718	3.26529170797569e-16	0.577025497970312	0.394	0.184	3.6943510384037e-12
C7220	3.34253239014795e-16	1.54969123770784	0.335	0.143	3.78174114621339e-12
C9519	3.67465905098904e-16	0.877332018565879	0.414	0.197	4.157509250289e-12
C8320	4.00887205970497e-16	0.987189400467804	0.35	0.146	4.5356378483502e-12
C11300	4.7936341695709e-16	0.353561413922513	0.222	0.073	5.42351769945251e-12
C9605	4.92289206936831e-16	1.22963467687281	0.3	0.12	5.56976008728331e-12
C8877	5.61933731899672e-16	0.62821556814104	0.266	0.099	6.35771824271289e-12
C11223	5.68649442392733e-16	0.596109012361172	0.32	0.136	6.43369979123138e-12
C1883	5.80339072913808e-16	0.598623429450176	0.281	0.106	6.56595627094682e-12
C8896	6.82179909080837e-16	0.638845872547812	0.345	0.142	7.71818349134059e-12
C7596	7.15005242799853e-16	0.618910232075994	0.512	0.267	8.08956931703754e-12
C10502	7.31872857812269e-16	0.554651762083795	0.291	0.115	8.28040951328801e-12
C9193	7.53542473861141e-16	0.813681578556983	0.281	0.108	8.52557954926495e-12
C8908	7.5986368390654e-16	0.339558550812685	0.355	0.153	8.59709771971859e-12
C8506	7.87710683440391e-16	0.301658810077043	0.369	0.161	8.91215867244458e-12
C6652	8.94526334786936e-16	1.39923370869996	0.271	0.104	1.01206709517794e-11
C8467	9.10982716592054e-16	0.327753416352162	0.35	0.145	1.03068584555225e-11
C7588	9.48046258108571e-16	0.419041023758747	0.251	0.089	1.07261953642404e-11
C7026	9.59203430428542e-16	0.343145467660406	0.443	0.217	1.08524276118685e-11
C8537	1.04388254620224e-15	0.335172194412575	0.409	0.187	1.18104871277322e-11
C9954	1.1459466464873e-15	0.708275508540865	0.246	0.088	1.29652403583573e-11
C8656	1.15687540981572e-15	0.576176179951017	0.453	0.223	1.30888883866551e-11
C7655	1.36748868261516e-15	0.813829520790183	0.296	0.118	1.54717669551079e-11
C9233	1.37133067057141e-15	0.352824808788067	0.493	0.256	1.5515235206845e-11
C9051	1.38929844517478e-15	0.376095698536275	0.3	0.121	1.57185226087075e-11
C9109	1.44828116746609e-15	0.325197067129585	0.33	0.136	1.63858531287113e-11
C487	1.55645556904203e-15	0.459104692875259	0.32	0.134	1.76097383081415e-11
C9910	1.73852129591061e-15	0.450913850420989	0.394	0.182	1.96696299419327e-11
C7454	1.99228912057078e-15	0.355297924563852	0.315	0.129	2.25407591101378e-11
C7560	2.01834852948645e-15	0.407725488845271	0.493	0.258	2.28355952626097e-11
C7608	2.02980412939971e-15	0.615721723360174	0.291	0.116	2.29652039200284e-11
C6975	2.05825679862386e-15	0.350499033890334	0.468	0.237	2.32871174196304e-11
C2553	2.35348267570012e-15	0.589110255437091	0.31	0.132	2.66273029928712e-11
C8736	2.47851272603111e-15	0.288825016009918	0.374	0.171	2.80418929823159e-11
C6635	2.52656126553246e-15	0.583310080759572	0.271	0.103	2.85855141582343e-11
C11019	2.56085062505034e-15	1.92465404224882	0.379	0.183	2.89734639718195e-11
C10404	2.61672024517798e-15	0.310495278109245	0.315	0.129	2.96055728539437e-11
C10189	2.78084606118247e-15	0.438848350968864	0.256	0.095	3.14624923362185e-11
C8272	3.05272615326774e-15	0.81258419533642	0.468	0.245	3.45385436980712e-11
C8991	3.12763505356743e-15	0.447055408089947	0.35	0.15	3.53860629960619e-11
C8354	3.22050446527214e-15	0.314885347401703	0.453	0.223	3.6436787520089e-11
C420	3.80095012700278e-15	0.312855481692077	0.488	0.262	4.30039497369095e-11
C8263	3.89964357440278e-15	0.43540602430727	0.276	0.106	4.41205674007931e-11
C7483	4.04833956501412e-15	0.355020878928725	0.404	0.199	4.58029138385697e-11
C6666	5.53712624367189e-15	0.959341119354731	0.271	0.104	6.26470463209038e-11
C3564	5.77366820306863e-15	0.930922809745021	0.32	0.139	6.53232820495185e-11
C9639	5.85655481957699e-15	0.626173491637139	0.463	0.238	6.62610612286941e-11
C7622	6.6280285404503e-15	0.251563423074544	0.384	0.172	7.49895149066547e-11
C7791	7.23430520099209e-15	0.39777646389813	0.325	0.139	8.18489290440245e-11
C20	7.60746411806161e-15	0.452908451188123	0.266	0.102	8.6070849031749e-11
C8567	7.73768056726797e-15	0.468370105254108	0.448	0.214	8.75441179380698e-11
C9318	8.17087585235916e-15	0.538737195081946	0.217	0.073	9.24452893935916e-11
C6847	8.20932895817447e-15	0.433572977046381	0.458	0.234	9.2880347832786e-11
C7085	8.35811426185884e-15	0.312401416237392	0.345	0.152	9.45637047586709e-11
C8103	8.59469745093199e-15	0.616749109104939	0.33	0.144	9.72404069598445e-11
C8434	8.71832159236875e-15	0.90924418771375	0.271	0.108	9.863909049606e-11
C7694	8.78334236405628e-15	0.596120449739306	0.31	0.13	9.93747355069328e-11
C8745	9.59841585920589e-15	0.425469896423827	0.414	0.201	1.08596477031055e-10
C8594	9.99566614417664e-15	0.397842409137248	0.365	0.161	1.13090966755214e-10
C7009	1.05383373655504e-14	0.256788077107323	0.365	0.162	1.19230748953837e-10
C8703	1.05635562432762e-14	0.461742520561779	0.34	0.146	1.19516075336427e-10
C8744	1.07209559300934e-14	0.33893331053307	0.31	0.128	1.21296895393076e-10
C9039	1.1783948550228e-14	0.485957416828646	0.291	0.117	1.3332359389728e-10
C1344	1.30701821823491e-14	1.45369239992399	0.31	0.135	1.47876041211098e-10
C9107	1.69825965377438e-14	0.348058139955282	0.335	0.145	1.92141097228033e-10
C7275	1.73252983054852e-14	0.357570809525636	0.251	0.094	1.9601842502826e-10
C8417	1.73763522605115e-14	0.701788201050598	0.488	0.255	1.96596049475427e-10
C8491	1.82608060876553e-14	0.289612282900174	0.581	0.322	2.06602760075733e-10
C906	1.90973222996681e-14	0.577698271398655	0.281	0.114	2.16067104498445e-10
C9523	2.61884630951361e-14	0.303885425217512	0.335	0.147	2.9629627145837e-10
C3639	2.70985847822629e-14	0.478238203693409	0.291	0.12	3.06593388226523e-10
C7068	3.49443275127765e-14	0.266639197347172	0.315	0.13	3.95360121479554e-10
C11030	3.9291642502396e-14	0.454029469402611	0.256	0.101	4.44545643272109e-10
C2015	3.96020071586482e-14	0.711220927104727	0.246	0.092	4.48057108992946e-10
C1298	4.00286754157224e-14	0.277886197235385	0.345	0.155	4.52884433653483e-10
C8296	4.53876984742103e-14	0.311278189649655	0.409	0.198	5.13516420537215e-10
C9908	4.64459853588059e-14	0.414241888763001	0.222	0.079	5.2548987834953e-10
C7895	5.19716526168092e-14	0.523166470188884	0.31	0.132	5.88007277706580e-10
C2862	5.48112611026701e-14	0.544010335055418	0.251	0.098	6.2013460811561e-10
C6908	5.59013501313427e-14	0.945497282719993	0.246	0.093	6.32467875386011e-10
C11289	5.75333682942633e-14	0.282333613691894	0.217	0.076	6.50932528881295e-10
C6667	6.62064051445439e-14	1.32064537165114	0.305	0.133	7.4905926780537e-10
C54	6.95798502955861e-14	0.547055611873588	0.33	0.148	7.87226426244262e-10
C7990	7.0747129449897e-14	0.527095230406647	0.286	0.118	8.00433022596134e-10
C8128	7.82642217392824e-14	0.400633899936035	0.32	0.142	8.85481404758241e-10
C7347	7.88265908043207e-14	0.981676723553383	0.286	0.116	8.91844048360084e-10
C8012	1.06451178216968e-13	0.957078165557312	0.246	0.096	1.20438863034677e-09
C7472	1.09826165836495e-13	0.553506386084863	0.369	0.175	1.2425732402741e-09
C7113	1.12835935911044e-13	0.336512432657385	0.271	0.107	1.27662577889755e-09
C8917	1.22401577752639e-13	0.51734180016748	0.33	0.148	1.38485145069336e-09
C7189	1.29369617450722e-13	0.448678474275396	0.448	0.235	1.46368785183747e-09
C6342	1.32930847411272e-13	0.345373330544796	0.256	0.101	1.50397960761113e-09
C7903	1.75091492577283e-13	0.396090942012036	0.261	0.103	1.98098514701938e-09
C6810	1.75279900749098e-13	1.04853886413883	0.424	0.221	1.9831167970753e-09
C7931	1.8220596008947e-13	0.335297686132936	0.35	0.16	2.06147823245227e-09
C8063	1.88505564551975e-13	0.293889552346762	0.409	0.202	2.13275195734105e-09
C4480	1.93463215198389e-13	1.9339029507606	0.222	0.083	2.18884281675457e-09
C7681	1.96574530383815e-13	1.67350055554314	0.276	0.117	2.22404423676249e-09
C10912	2.15355168859069e-13	0.402908367496085	0.281	0.12	2.43652838047151e-09
C10339	2.39301739522324e-13	0.342040372735762	0.3	0.13	2.70745988095558e-09
C8892	2.4105525606128e-13	0.460377075311091	0.384	0.191	2.72729916707733e-09
C9817	2.71495115236292e-13	0.451400618873739	0.296	0.127	3.07169573378341e-09
C10269	2.95299924000815e-13	0.424301464168492	0.246	0.098	3.34102334014522e-09
C8244	3.2796125441753e-13	1.83558315892414	0.345	0.165	3.71055363247994e-09
C10791	3.81655640197803e-13	0.44505645215095	0.271	0.113	4.31805191319794e-09
C4051	4.37716244662683e-13	1.64892506214243	0.241	0.096	4.95232159211359e-09
C6610	4.54150288970114e-13	0.570903804712064	0.502	0.282	5.13825636940786e-09
C11268	5.62875833478836e-13	0.361118256002847	0.217	0.08	6.36837717997955e-09
C7957	5.67639917448651e-13	0.354919573171217	0.36	0.173	6.42227802601404e-09
C8534	7.16727187835524e-13	0.342534411011794	0.3	0.128	8.10905140317112e-09
C7507	7.44910172348197e-13	0.357381816636452	0.365	0.174	8.4279136899475e-09
C7065	9.24644107080865e-13	0.76940172250695	0.33	0.152	1.04614234275129e-08
C7973	9.95906145509925e-13	0.406078583786725	0.502	0.28	1.12676821302993e-08
C1543	1.03213419115888e-12	0.411637712235786	0.281	0.121	1.16775662387716e-08
C7127	1.06576895949496e-12	0.528739399787915	0.374	0.19	1.2058110007726e-08
C9208	1.08995987925245e-12	0.535835675241695	0.256	0.102	1.23318060738622e-08
C7052	1.16666271052679e-12	0.344631031413839	0.365	0.174	1.31996219069001e-08
C7828	1.18044287894599e-12	0.367563361852858	0.261	0.104	1.3355530732395e-08
C8833	1.2473991644624e-12	0.270139786106777	0.261	0.106	1.41130741467275e-08
C8436	1.32326972160286e-12	0.294965942033911	0.394	0.197	1.49714736302148e-08
C8024	1.35435170810566e-12	0.529856450615256	0.379	0.196	1.53231352255075e-08
C8611	1.35552802728328e-12	0.375689986993389	0.438	0.229	1.5336444100683e-08
C1030	1.35596154503685e-12	0.318556686339183	0.33	0.153	1.5341348920547e-08
C9368	1.37859256392714e-12	0.27365981196891	0.305	0.14	1.55973962682717e-08
C9266	1.46330754856386e-12	0.28284982883181	0.517	0.283	1.65558616044515e-08
C9807	1.50413539241871e-12	0.380503169527062	0.33	0.156	1.70177878298253e-08
C7868	1.58529703519376e-12	0.257947809768414	0.463	0.253	1.79360506561822e-08
C6727	1.62206491636484e-12	0.39065969157431	0.271	0.113	1.83520424637518e-08
C8938	1.85833539696595e-12	0.642700947505653	0.3	0.135	2.10252066812727e-08
C8678	1.9289060709516e-12	0.384810053368135	0.517	0.291	2.18236432867464e-08
C11287	2.12715625169779e-12	0.31038007726098	0.222	0.085	2.40666458317088e-08
C6957	2.20600374267435e-12	0.324050291610062	0.438	0.237	2.49587263446176e-08
C10438	2.5115302672549e-12	0.319516149978262	0.3	0.134	2.84154534437219e-08
C1471	2.80680964175021e-12	0.825410360855253	0.31	0.147	3.17562442867619e-08
C7469	3.35352479591173e-12	0.622163351493423	0.232	0.093	3.79417795409453e-08
C1185	4.49637934714818e-12	0.500561511214747	0.305	0.141	5.08720359336345e-08
C8653	5.22269151678535e-12	0.338472640541732	0.32	0.149	5.90895318209094e-08
C7701	5.49317228134605e-12	0.360817733784903	0.3	0.138	6.21497511911492e-08
C9167	5.53777272096882e-12	0.497902169891121	0.232	0.092	6.26543605650413e-08
C2018	5.65810163727822e-12	0.265403240316758	0.369	0.188	6.40157619241658e-08
C2542	6.32993773359774e-12	0.617669653979617	0.369	0.193	7.16169155179248e-08
C9501	6.66171110184519e-12	0.863360879833253	0.207	0.079	7.53705994062765e-08
C7817	7.00307196848549e-12	0.289162968445946	0.305	0.139	7.92327562514449e-08
C8142	7.0743920677271e-12	0.554457293255761	0.305	0.144	8.00396718542644e-08
C7893	7.46282393976993e-12	0.261092012597605	0.527	0.313	8.4434390054557e-08
C9433	7.64580394888737e-12	0.382322483279381	0.227	0.089	8.65046258777117e-08
C8881	7.91417482012764e-12	0.376191821719804	0.394	0.204	8.95409739149241e-08
C1774	8.44912209132568e-12	0.327391977036069	0.222	0.088	9.55933673412588e-08
C7827	9.62679173466121e-12	0.331841923502577	0.256	0.107	1.08917521685957e-07
C1427	1.15701716047899e-11	0.627359164238757	0.3	0.14	1.30904921536593e-07
C9196	1.22278884537452e-11	0.268928851840708	0.3	0.136	1.38346329965673e-07
C7195	1.30020686093478e-11	0.265812914485363	0.394	0.2	1.47105404246161e-07
C6004	1.35326650312844e-11	0.277047346703099	0.227	0.092	1.53108572163952e-07
C6830	1.35643233523522e-11	0.265524854775926	0.256	0.108	1.53466754408513e-07
C9047	1.58160354284115e-11	0.386332377962672	0.296	0.132	1.78942624837048e-07
C8651	1.59313697455791e-11	0.458359533897768	0.33	0.155	1.80247517301482e-07
C9677	1.64401790941012e-11	0.421777390105876	0.473	0.263	1.86004186270661e-07
C8504	1.71962778341896e-11	0.527706475662815	0.384	0.197	1.94558687416021e-07
C6923	1.85887355769434e-11	0.323572983409796	0.305	0.142	2.10312954317538e-07
C7448	2.13442310562647e-11	0.256452369367809	0.429	0.233	2.41488630170578e-07
C7861	2.21530135667779e-11	0.892790324164074	0.227	0.092	2.50639195494525e-07
C9151	2.260309182192e-11	0.361981903663511	0.246	0.102	2.55731380873203e-07
C362	2.49706648684192e-11	0.425146611341216	0.394	0.212	2.82518102321295e-07
C9480	2.51532394193001e-11	0.615911129489805	0.3	0.144	2.84583750789962e-07
C3075	2.76457002432716e-11	0.513440879206025	0.256	0.115	3.12783452552375e-07
C7133	2.80038772692168e-11	1.39880205664193	0.305	0.146	3.16835867423919e-07
C9040	2.85565568335387e-11	0.455801514264242	0.374	0.189	3.23088884014657e-07
C8330	3.16324329211045e-11	0.311607297454421	0.227	0.09	3.57889346069376e-07
C8940	3.29706717983729e-11	0.536374484453672	0.3	0.141	3.73030180726791e-07
C7363	4.59134168628738e-11	0.314883584442359	0.409	0.222	5.19464398386554e-07
C8172	4.96538704306776e-11	0.409257724047698	0.315	0.15	5.61783890052687e-07
C9182	4.98157236303696e-11	0.273596758192661	0.488	0.285	5.63615097154002e-07
C8670	5.11084602489249e-11	0.696704224850807	0.3	0.143	5.78241119256336e-07
C8454	8.21588859400008e-11	0.348931860507782	0.315	0.151	9.29545635525169e-07
C1980	8.39765742049003e-11	0.342722064561099	0.463	0.273	9.50110960554242e-07
C1096	9.98940695649334e-11	0.290482148648426	0.232	0.098	1.13020150305766e-06
C8844	1.02297383677142e-10	0.335746623897739	0.478	0.263	1.15739259892318e-06
C7022	1.1454351199282e-10	0.297403685410174	0.241	0.102	1.29594529468677e-06
C6867	1.16928587511315e-10	0.817434514083236	0.31	0.153	1.32293003910302e-06
C8571	1.39683244765499e-10	0.503073315906546	0.31	0.151	1.58037623127686e-06
C7777	1.47963786559578e-10	0.91454252640794	0.3	0.146	1.67406228113507e-06
C1404	1.6863375117391e-10	0.322655700229535	0.488	0.286	1.90792226078162e-06
C3129	1.87188271391603e-10	0.347620450752286	0.251	0.115	2.11784810252459e-06
C10160	2.54230949888733e-10	0.29369403588014	0.212	0.087	2.87636896704112e-06
C6572	2.66526884000295e-10	0.468991670532023	0.369	0.2	3.01548516557933e-06
C7192	3.21249474028524e-10	0.277967446740439	0.291	0.139	3.63461654915872e-06
C9388	3.54688249845289e-10	0.306247573808793	0.369	0.195	4.0129428587496e-06
C97	4.3538866373761e-10	0.306739085749431	0.433	0.248	4.92598734152732e-06
C7458	4.36917402217752e-10	0.259107279336163	0.232	0.1	4.94328348869165e-06
C2084	4.81291745634621e-10	0.563082121112344	0.291	0.141	5.4453348101101e-06
C10540	4.91563001977377e-10	0.378523501881968	0.261	0.12	5.56154380437205e-06
C9731	5.64454209201939e-10	0.281787893813823	0.212	0.089	6.38623492291073e-06
C7240	6.2264171227444e-10	0.705185521115037	0.251	0.115	7.04456833267301e-06
C8283	9.07647001494242e-10	0.517918519985555	0.256	0.116	1.02691181749059e-05
C8882	1.120093511831e-09	0.639268315104592	0.281	0.132	1.26727379928559e-05
C9210	1.14267272488521e-09	0.267907109129508	0.291	0.138	1.29281992093513e-05
C953	1.21229386701985e-09	0.412854304157979	0.33	0.174	1.37158928114626e-05
C8013	1.22268995514818e-09	0.623211659997919	0.236	0.107	1.38335141525465e-05
C7027	1.37058707162033e-09	0.416771857049976	0.296	0.143	1.55068221283124e-05
C11149	1.46824734804667e-09	0.40143117245873	0.296	0.152	1.66117504958001e-05
C872	1.49494073580797e-09	0.260726474358357	0.266	0.128	1.69137594849314e-05
C8032	1.56721983045472e-09	0.303255270408941	0.281	0.136	1.77315251617647e-05
C9630	1.63272064704898e-09	0.356660569331615	0.433	0.25	1.84726014007122e-05
C10038	1.63406829493940e-09	0.270421915144116	0.246	0.112	1.84878486889443e-05
C1775	1.6426419837448e-09	0.288908338020049	0.207	0.088	1.85848514040886e-05
C8730	1.91131782759533e-09	0.698800687237017	0.251	0.118	2.16246499014136e-05
C8688	2.06784204204693e-09	0.694456796423478	0.261	0.123	2.33955648637189e-05
C8635	2.09646995011343e-09	0.43414101019288	0.374	0.201	2.37194610155833e-05
C9658	2.13058924704405e-09	0.601747499877232	0.256	0.121	2.41054867410564e-05
C8616	2.26529127610104e-09	0.285737625990789	0.291	0.143	2.56295054978071e-05
C8545	2.33556621831444e-09	0.382660262616449	0.241	0.11	2.64245961940096e-05
C9693	2.47245914754474e-09	0.501556274842625	0.286	0.144	2.79734027953212e-05
C7117	2.57560391560271e-09	0.335749020789921	0.394	0.221	2.9140382701129e-05
C7592	2.8130450826649e-09	0.286793444237371	0.251	0.119	3.18267920652706e-05
C1547	3.05703018330559e-09	0.278627521176782	0.335	0.179	3.45872394939194e-05
C11290	3.50405786563315e-09	0.329918726826707	0.251	0.12	3.96449106917735e-05
C8119	3.52929355689978e-09	0.361323038035755	0.305	0.152	3.99304273027642e-05
C7769	3.53699634519195e-09	0.291976354443213	0.256	0.121	4.00175766495017e-05
C11243	3.55948037888549e-09	0.306115157839404	0.281	0.142	4.02719610067104e-05
C9405	4.08171653479188e-09	0.272528160089754	0.369	0.199	4.61805408746353e-05
C8920	4.41941618454493e-09	0.660913095036941	0.374	0.211	5.00012747119413e-05
C8067	4.43731083743525e-09	0.962177367075652	0.281	0.14	5.02037348147424e-05
C8797	4.52394585550369e-09	0.508043987512601	0.276	0.137	5.11839234091688e-05
C7451	4.5842390187851e-09	1.19349914304161	0.222	0.101	5.18660802585346e-05
C6549	4.59087605860639e-09	0.498682586948317	0.281	0.139	5.19411717270727e-05
C7352	4.70656360991247e-09	0.831127056495183	0.251	0.121	5.32500606825496e-05
C9097	4.71031119662168e-09	0.263962632301013	0.33	0.177	5.32924608785777e-05
C7329	4.93522689281424e-09	0.528673533084303	0.261	0.128	5.58371570653003e-05
C8309	5.06086943777274e-09	0.285507356770327	0.291	0.149	5.72586768189608e-05
C8321	7.33193800313274e-09	0.360132211827796	0.374	0.209	8.29535465674438e-05
C8912	1.26559533615443e-08	0.277923827561562	0.33	0.178	0.000143189456332512
C7107	1.31573284230184e-08	0.41147535269988	0.399	0.233	0.00014886201377803
C7468	1.83995303112438e-08	0.474983780767687	0.251	0.123	0.000208172285941412
C7450	1.90246437365144e-08	0.393200949548946	0.34	0.183	0.000215244819234924
C9597	1.90357427011643e-08	0.507189182302754	0.305	0.167	0.000215370392920973
C8593	2.14342381082437e-08	0.362681968553446	0.291	0.15	0.00024250696995667
C8269	2.65742657374548e-08	0.311913520371256	0.286	0.15	0.000300661242553564
C6723	2.68944250467082e-08	0.292399278012177	0.261	0.129	0.000304283524978456
C10056	2.75002645591076e-08	0.260939895246868	0.192	0.084	0.000311137993221744
C7200	3.39802651983532e-08	1.29946576908043	0.305	0.164	0.000384452720454168
C8390	4.13834301176258e-08	0.541941841939365	0.236	0.118	0.000468212128350818
C8002	4.96802840253969e-08	0.895956300752907	0.197	0.088	0.00056208273346334
C6624	7.06576010579887e-08	0.413493551066332	0.261	0.133	0.000799420098370084
C8815	7.74871173711959e-08	0.426767756723135	0.271	0.138	0.00087668924593771
C8698	7.75035096064745e-08	0.66965121097855	0.217	0.106	0.000876874707687653
C8132	9.19765411271088e-08	0.485731737381236	0.315	0.18	0.00104062258631211
C8350	1.01814093445497e-07	0.35099767031311	0.266	0.139	0.00115192465324235
C6940	1.06883082824438e-07	0.266008062263076	0.345	0.197	0.00120927519907569
C2037	1.10248177779278e-07	0.424489866670667	0.251	0.129	0.00124734788339475
C8755	1.5501273784335e-07	0.573907870334244	0.241	0.122	0.00175381411595966
C7184	1.57618860760578e-07	1.05522119728371	0.291	0.161	0.00178329979064518
C7097	1.59362156713014e-07	0.433124773286715	0.222	0.108	0.00180302344105104
C8855	1.60526993104953e-07	1.12925582411956	0.271	0.142	0.00181620239998943
C6730	1.70948284683335e-07	0.522058671438966	0.241	0.123	0.00193410889290726
C8493	1.77415622631248e-07	0.391773782363495	0.296	0.16	0.00200728035444994
C9768	2.24674484594452e-07	0.354973155049402	0.271	0.147	0.00254196711870163
C9594	2.76118449961928e-07	0.388477442319787	0.251	0.133	0.00312400414286925
C8197	3.26813766960261e-07	0.913349488981986	0.197	0.094	0.0036975709593884
C9253	4.04433943494185e-07	0.391171704333987	0.379	0.223	0.0045757656366932
C9450	4.16075883921924e-07	0.383197689624667	0.261	0.138	0.00470748255069265
C8742	4.65099512235774e-07	0.993878423640389	0.197	0.094	0.00526213588143555
C7767	5.82765824774506e-07	0.653971622740927	0.281	0.155	0.00659341254149876
C8633	5.8463494670635e-07	0.704537132130429	0.266	0.143	0.00661455978703565
C7248	6.98667175605421e-07	0.278907381962656	0.241	0.128	0.00790472042479973
C7168	7.15328824233572e-07	0.312586841709231	0.187	0.089	0.00809323031737863
C9700	7.80273479797127e-07	0.403501590753593	0.3	0.168	0.00882801415042469
C7274	9.33261808951485e-07	0.441184530098658	0.31	0.184	0.0105589241064771
C7024	9.6866145989458e-07	0.495626328741059	0.207	0.102	0.0109594357572473
C10974	1.16568535237829e-06	0.286156329484059	0.271	0.153	0.013188564076808
C4198	1.32186788584704e-06	0.522938440434999	0.276	0.161	0.0149556132604734
C8799	1.90511107358345e-06	0.401746914618939	0.197	0.098	0.0215544266865231
C7305	1.95234920010341e-06	0.365686667124108	0.33	0.201	0.02208887884997
C218	2.6311966834056e-06	0.787467172069172	0.266	0.153	0.0297693592760509
C7020	2.95094573910752e-06	0.257037461128458	0.286	0.168	0.0333870000922624
