id	p_val	avg_log2FC	pct.1	pct.2	p_val_adj
Grem1	6.04837834723948e-49	4.02892483606381	1	0.672	1.2096756694479e-45
Mylk	1.75030167789435e-48	4.03155925033075	1	0.554	3.50060335578869e-45
Cald1	3.80493875481962e-48	3.65466771652183	1	0.646	7.60987750963923e-45
Actg2	7.62113326637932e-48	4.39151165524515	1	0.645	1.52422665327586e-44
Myh11	1.88872431567965e-47	4.21790317825555	0.986	0.404	3.77744863135931e-44
Tpm1	1.60237440870391e-46	3.80928510025719	1	0.741	3.20474881740783e-43
Des	2.07522116525053e-46	4.19368632139323	0.986	0.569	4.15044233050106e-43
Psd	4.70715011141502e-46	1.5893137679116	1	0.41	9.41430022283005e-43
Cpe	6.14700241806839e-46	2.30582968587538	1	0.469	1.22940048361368e-42
Tpm2	2.38633469815823e-45	4.06933843011502	0.986	0.633	4.77266939631646e-42
Tagln	7.50072378902482e-45	4.95134865026723	0.986	0.678	1.50014475780496e-41
Rgs5	2.04241109307897e-44	2.84067139269664	1	0.413	4.08482218615793e-41
Lpp	7.71901063756218e-44	2.47689469449081	1	0.818	1.54380212751244e-40
Postn	1.1630851898705e-43	2.67492510319569	0.986	0.561	2.326170379741e-40
Nexn	1.98685783404154e-43	1.69652662181189	0.986	0.449	3.97371566808308e-40
Acta2	2.64826895823636e-43	4.64037757765484	0.973	0.594	5.29653791647273e-40
Tceal9	3.47485844341712e-43	2.49726559796101	1	0.825	6.94971688683424e-40
Synpo2	4.76183371850378e-43	2.05166870370883	0.973	0.504	9.52366743700756e-40
Sparcl1	1.27033351424988e-42	2.89560802956988	1	0.438	2.54066702849976e-39
Rbpms	7.07028515935311e-42	1.86851420283908	1	0.657	1.41405703187062e-38
Slc25a4	7.32862555044804e-42	1.52408267261543	1	0.949	1.46572511008961e-38
Csrp1	1.77943095322251e-41	2.53029812058372	0.986	0.677	3.55886190644502e-38
Dstn	4.43520847923931e-41	2.34710579807261	1	0.867	8.87041695847863e-38
Actn1	2.34131912325965e-40	1.94137134513874	1	0.68	4.68263824651929e-37
Myl9	1.15938225001939e-39	3.50509239209794	0.945	0.486	2.31876450003878e-36
Tgfb1i1	1.59672040589385e-39	1.57776673973909	0.973	0.54	3.19344081178769e-36
Phldb2	3.27727692204092e-39	1.28803899040617	0.973	0.536	6.55455384408184e-36
Rhoc	4.19802264772373e-39	1.73441546028487	1	0.722	8.39604529544745e-36
Col4a2	5.41760811825377e-39	1.99805806630515	1	0.505	1.08352162365075e-35
Palld	1.14680804651367e-38	1.84656229035512	0.973	0.677	2.29361609302734e-35
Col4a1	1.26279940627815e-38	2.12467786716212	1	0.593	2.5255988125563e-35
Mdk	1.6789392912825e-38	1.30659365798624	0.973	0.5	3.357878582565e-35
Col5a2	1.92355162014905e-38	2.10473348087119	1	0.613	3.84710324029809e-35
Vcl	2.34135534760019e-38	1.68182575981976	0.986	0.601	4.68271069520039e-35
Gem	3.22374988613474e-38	1.70267375308426	0.973	0.571	6.44749977226949e-35
Tshz2	3.33603456716169e-38	1.77366801729222	1	0.569	6.67206913432338e-35
Smoc2	3.68497170823898e-38	1.59091115954051	1	0.5	7.36994341647795e-35
Cfl2	3.7459616889492e-38	1.64553971135995	0.973	0.663	7.4919233778984e-35
Fbn1	4.38165294538722e-38	1.48877969725145	1	0.555	8.76330589077444e-35
Cryab	5.43044024569262e-38	1.75387336187379	1	0.602	1.08608804913852e-34
Ogn	7.23911205100104e-38	2.12972357932947	0.973	0.599	1.44782241020021e-34
Fermt2	1.14008806421212e-37	1.54548065162456	0.986	0.592	2.28017612842424e-34
Cnn3	1.2539829929436e-37	1.58376291196012	0.986	0.675	2.5079659858872e-34
Hspb1	1.45759104062144e-37	2.38579374137071	0.986	0.636	2.91518208124289e-34
Cnn1	1.84886689949195e-37	3.48404165032835	0.918	0.603	3.6977337989839e-34
Lmod1	1.87205855200839e-37	1.63278650062759	0.904	0.518	3.74411710401677e-34
Hspg2	3.31523970981907e-37	1.30506756689125	1	0.544	6.63047941963813e-34
Clu	3.45965299975744e-37	3.16740457069276	0.973	0.584	6.91930599951489e-34
Bex3	5.19952640943638e-37	1.60185100395432	0.986	0.697	1.03990528188728e-33
Clmp	5.40893402078517e-37	1.38291277468145	0.986	0.539	1.08178680415704e-33
Map1b	5.70414265666448e-37	1.31983755867779	0.986	0.563	1.1408285313329e-33
Ptn	5.73232974573558e-37	2.20355650745248	0.986	0.55	1.14646594914712e-33
Fstl1	8.14148706651718e-37	1.80583982341138	1	0.63	1.62829741330344e-33
Nedd4	9.09853353877506e-37	1.95611579737605	1	0.662	1.81970670775501e-33
Fxyd6	9.32425992569057e-37	1.79089677623769	0.973	0.627	1.86485198513811e-33
Loxl2	1.11574057808421e-36	1.32304435325227	1	0.56	2.23148115616841e-33
Col1a1	1.32284141107745e-36	2.28746328383766	0.986	0.64	2.6456828221549e-33
Cd63	1.32569309072648e-36	1.94283608077592	1	0.857	2.65138618145297e-33
Cd59a	4.03527472402191e-36	1.30372202701324	0.973	0.606	8.07054944804382e-33
Pgm5	4.23931629514736e-36	1.33112649571738	0.904	0.392	8.47863259029473e-33
Map3k20	4.56710258884712e-36	1.44321784489216	0.945	0.526	9.13420517769425e-33
Flna	6.47101827352775e-36	2.24128712594576	1	0.931	1.29420365470555e-32
Col3a1	2.12646062999585e-35	2.12852568260511	1	0.638	4.2529212599917e-32
Meis2	4.1724138977961e-35	1.32510358499105	1	0.521	8.34482779559219e-32
Dmpk	7.28184653629802e-35	1.19194702463606	0.904	0.392	1.4563693072596e-31
Chrm2	8.40848337654746e-35	1.57544629644316	0.877	0.402	1.68169667530949e-31
Col5a1	1.33929064646401e-34	1.20442656741534	1	0.584	2.67858129292801e-31
Slit3	2.37904519858265e-34	1.15728471290814	0.986	0.543	4.7580903971653e-31
Ecscr	2.60595675297069e-34	1.09465362386403	0.959	0.602	5.21191350594138e-31
Gng12	3.06060823914221e-34	1.29444593072368	1	0.864	6.12121647828442e-31
Lcn2	3.15032652586683e-34	3.08563404111852	0.959	0.685	6.30065305173365e-31
Tead1	4.5591244902894e-34	1.18395196449978	0.986	0.581	9.11824898057879e-31
Id3	6.91166817901434e-34	2.33002270508789	0.959	0.653	1.38233363580287e-30
Serpina3n	6.95568061988944e-34	1.70276092705392	0.973	0.614	1.39113612397789e-30
Ccn4	9.87658127017625e-34	0.930845025245939	0.932	0.621	1.97531625403525e-30
Sod3	1.35212178049762e-33	1.55429055254803	0.945	0.533	2.70424356099524e-30
Nbl1	1.61815098134525e-33	1.59154635947277	0.945	0.475	3.23630196269049e-30
Map1lc3a	1.69573806974555e-33	1.3385430533316	0.973	0.737	3.3914761394911e-30
Prss23	2.6252848342774e-33	1.4101112119299	0.959	0.545	5.2505696685548e-30
Mab21l2	3.1379458432713e-33	1.34228392711535	0.918	0.432	6.2758916865426e-30
Ddr2	3.81328972429872e-33	1.15335152913995	0.932	0.498	7.62657944859743e-30
Pcdh7	4.32122155660105e-33	1.10797903654809	0.959	0.545	8.64244311320209e-30
Pde5a	7.45763244332162e-33	1.26027591201392	0.932	0.46	1.49152648866432e-29
Khdrbs3	8.59933992083973e-33	1.20289837433679	0.945	0.625	1.71986798416795e-29
Ppic	9.39462545671053e-33	1.2259329906339	0.973	0.615	1.87892509134211e-29
Plod2	9.8295829110629e-33	1.27865303518857	0.986	0.619	1.96591658221258e-29
Plpp3	1.10478552258842e-32	1.44820447927245	0.959	0.498	2.20957104517684e-29
Col1a2	1.27255479490252e-32	1.82435665144541	1	0.641	2.54510958980504e-29
Selenom	1.44064460659725e-32	1.77640432523077	0.973	0.727	2.88128921319451e-29
Ppp1r14a	1.60862266300336e-32	1.98730272837853	0.89	0.536	3.21724532600671e-29
Aspn	1.94296733312017e-32	1.66720078618626	0.918	0.446	3.88593466624035e-29
Snhg18	2.15805592479537e-32	1.1448997562437	0.986	0.571	4.31611184959075e-29
Lamb1	3.30643715805206e-32	1.03090965058374	1	0.535	6.61287431610411e-29
Chchd10	4.43692241711136e-32	1.49460723716427	0.945	0.649	8.87384483422272e-29
Colec12	5.35226268195799e-32	1.25263833115811	0.986	0.613	1.0704525363916e-28
Nfix	6.58069623804846e-32	1.2788749646099	1	0.724	1.31613924760969e-28
Ehd2	7.88838819403908e-32	1.1590489105085	0.959	0.537	1.57767763880782e-28
Sdc1	1.02909541484997e-31	1.29994872016552	0.918	0.609	2.05819082969994e-28
Rbfox2	1.42747766183617e-31	1.00747799690124	0.959	0.569	2.85495532367234e-28
Slc6a8	1.50205785962957e-31	0.999283871936677	0.904	0.534	3.00411571925915e-28
Col6a3	2.18390988390411e-31	0.902154006181949	0.986	0.495	4.36781976780822e-28
Klhl23	4.0481678510496e-31	0.873962404251822	0.89	0.41	8.09633570209919e-28
Rasl11a	5.52100883309694e-31	1.25795655089917	0.932	0.625	1.10420176661939e-27
Aebp1	9.68858000541492e-31	1.83549719377027	0.973	0.687	1.93771600108298e-27
Nrep	1.16137413976797e-30	1.12173096990672	0.904	0.636	2.32274827953593e-27
Lama4	1.18010406637989e-30	0.947158807641548	0.973	0.565	2.36020813275977e-27
Tsc22d1	1.34186963147579e-30	1.36842750252954	1	0.645	2.68373926295158e-27
Gstm2	1.3699042981536e-30	1.23389357239777	0.945	0.651	2.7398085963072e-27
Ppp1r12b	1.39209846824506e-30	1.39214175215129	0.89	0.478	2.78419693649012e-27
Sparc	1.5860747217701e-30	1.86853031523526	1	0.68	3.1721494435402e-27
Myo10	1.66590256112971e-30	0.826641341660344	0.945	0.522	3.33180512225942e-27
Serpinh1	1.86218912414719e-30	1.50872068390125	0.986	0.616	3.72437824829438e-27
Igfbp4	2.93394848454966e-30	1.90277760583254	1	0.769	5.86789696909933e-27
Wwtr1	3.4627711869479e-30	0.855148851975112	0.986	0.598	6.9255423738958e-27
Hacd1	4.77707467601375e-30	1.32299181799456	0.877	0.599	9.55414935202749e-27
Filip1l	6.05506970987882e-30	1.67772488314303	0.959	0.796	1.21101394197576e-26
Loxl1	6.12013215653244e-30	1.00455776684749	0.986	0.596	1.22402643130649e-26
Dkk3	7.42997667072357e-30	1.00292203804268	0.918	0.454	1.48599533414471e-26
Nxn	9.75566570443353e-30	1.03175901867486	0.932	0.646	1.95113314088671e-26
Serping1	1.73431883884839e-29	1.73428525000656	1	0.612	3.46863767769678e-26
Parm1	2.06655704569597e-29	1.20777021377079	0.863	0.4	4.13311409139194e-26
Nnmt	2.52928111676531e-29	0.94646199009842	0.959	0.662	5.05856223353063e-26
Ryk	2.64900428097044e-29	1.07195156345541	0.945	0.571	5.29800856194089e-26
Igfbp7	2.88949577772376e-29	1.46131415506171	1	0.598	5.77899155544751e-26
Heg1	3.566453653187e-29	0.980296752750036	1	0.571	7.13290730637399e-26
Lgals1	3.57090393981413e-29	1.57262931842856	1	0.99	7.14180787962827e-26
Lamc1	3.80603513904472e-29	0.996247007560915	0.973	0.598	7.61207027808943e-26
Pdlim7	5.24600029811089e-29	1.10692524831052	0.932	0.667	1.04920005962218e-25
Mustn1	7.84783091233318e-29	1.56380273036819	0.877	0.564	1.56956618246664e-25
Rgs4	1.00428208724448e-28	0.970637338584973	0.836	0.478	2.00856417448895e-25
Cped1	1.13378776918499e-28	1.16378164717919	0.89	0.568	2.26757553836997e-25
Cgnl1	1.37015591783277e-28	0.731768251033592	0.959	0.61	2.74031183566554e-25
Pdlim3	1.46414069465744e-28	1.36466247611036	0.877	0.587	2.92828138931488e-25
Adgrl2	2.21350417907968e-28	0.741640227220848	0.904	0.554	4.42700835815935e-25
Cebpd	2.43639216537926e-28	1.35648136447124	0.986	0.811	4.87278433075852e-25
Parva	3.31290953538694e-28	1.13785883361557	0.932	0.575	6.62581907077389e-25
Osr1	4.3556377905698e-28	1.16477028870264	0.863	0.426	8.71127558113961e-25
Cxcl12	4.74554750054847e-28	0.784663818852457	0.918	0.426	9.49109500109694e-25
Il1r1	4.81577408932337e-28	1.11481263878678	0.877	0.564	9.63154817864674e-25
Nenf	5.3050043807019e-28	1.12250531562488	1	0.843	1.06100087614038e-24
Ctps	6.78336587933017e-28	0.930076833715363	0.932	0.715	1.35667317586603e-24
Ccdc80	9.16274708133656e-28	1.37419608581631	0.945	0.626	1.83254941626731e-24
Fxyd1	9.29637361803865e-28	0.597510134120157	0.904	0.435	1.85927472360773e-24
Bmpr2	1.33523241174168e-27	1.19959730739616	0.986	0.703	2.67046482348336e-24
Tns1	1.63185378537688e-27	1.09845040867986	0.918	0.516	3.26370757075375e-24
Atp8b1	1.66258968869294e-27	0.647651098402847	0.863	0.465	3.32517937738589e-24
Mxra7	3.21836698427283e-27	1.04880177992405	0.918	0.594	6.43673396854566e-24
Maged1	3.34584304284767e-27	1.02009869996307	0.959	0.632	6.69168608569534e-24
Cavin3	3.87151408706553e-27	1.19371840164379	0.959	0.596	7.74302817413107e-24
Col6a1	4.56929191990269e-27	1.08672807138885	1	0.657	9.13858383980538e-24
Spon2	5.32687730147453e-27	0.866912259391541	0.877	0.427	1.06537546029491e-23
Itga1	8.80211584784712e-27	1.20927572255434	0.932	0.565	1.76042316956942e-23
Saa3	8.90117386012244e-27	3.53607897316555	0.945	0.779	1.78023477202449e-23
Zbtb20	1.1778162731563e-26	1.18076764993886	1	0.673	2.3556325463126e-23
Cyp7b1	1.22980579993491e-26	0.815842542464898	0.877	0.549	2.45961159986981e-23
Kcnj8	1.45792214786937e-26	0.975438533552873	0.849	0.355	2.91584429573874e-23
C3	1.58314789908214e-26	1.27692639368158	0.986	0.86	3.16629579816428e-23
Ldhb	1.76847812820662e-26	0.942718982073155	0.945	0.683	3.53695625641324e-23
Tmem200a	1.80315286456219e-26	0.645387904480373	0.822	0.408	3.60630572912438e-23
Rab34	2.01871084888048e-26	0.742176249624118	0.918	0.592	4.03742169776096e-23
Hand2	2.13815927816385e-26	1.31753549292245	0.918	0.537	4.2763185563277e-23
Npdc1	4.83403846495352e-26	0.729253846823096	0.973	0.514	9.66807692990703e-23
Csrp2	7.35701303823803e-26	1.25581715891899	0.973	0.729	1.47140260764761e-22
Mt2	8.30699841886782e-26	1.44362527075258	0.973	0.614	1.66139968377356e-22
Lgi2	9.23223883714359e-26	0.660922382639962	0.849	0.429	1.84644776742872e-22
Abcc9	9.56924360060318e-26	1.17211358195167	0.877	0.327	1.91384872012064e-22
Grb10	1.05134832321457e-25	0.708619253375811	0.89	0.454	2.10269664642914e-22
Ahnak2	1.15144752371424e-25	0.933034077321133	0.904	0.668	2.30289504742848e-22
Olfml2b	1.92336633308067e-25	0.573158345597922	0.89	0.629	3.84673266616134e-22
Flnc	2.01964387399869e-25	0.789223305217383	0.849	0.483	4.03928774799738e-22
P4ha2	2.26764676155724e-25	0.781600466702307	0.849	0.53	4.53529352311449e-22
Ltbp1	4.10510480210275e-25	0.810000576935206	0.877	0.468	8.2102096042055e-22
Plcb4	5.08679159321045e-25	0.992897737507238	0.863	0.507	1.01735831864209e-21
Fat1	6.02060994364447e-25	0.698607656625427	0.822	0.392	1.20412198872889e-21
Mmp23	6.64008730716707e-25	0.472874222603229	0.836	0.401	1.32801746143341e-21
Dst	1.20877170000857e-24	1.16770487329334	0.959	0.755	2.41754340001714e-21
C1s1	1.61824617759139e-24	0.98139380873351	0.959	0.575	3.23649235518278e-21
Mrvi1	1.83334077776756e-24	1.08608335026581	0.822	0.416	3.66668155553512e-21
S100a16	2.17247710963936e-24	0.776699694335201	0.959	0.664	4.34495421927871e-21
Sox4	2.44687902804213e-24	0.803656681847242	1	0.687	4.89375805608427e-21
1500009L16Rik	2.50696157647272e-24	0.254814129682042	0.795	0.365	5.01392315294544e-21
Col6a2	2.80504494343727e-24	0.813679563337738	0.986	0.606	5.61008988687454e-21
Ckap4	3.111322734699e-24	0.873363289278382	1	0.734	6.22264546939799e-21
Bend5	3.51089458606192e-24	0.861330962211596	0.781	0.393	7.02178917212383e-21
Bag2	3.51318403986844e-24	0.889675737196982	0.795	0.529	7.02636807973687e-21
Dpysl3	5.13752136961456e-24	0.785145900429588	0.89	0.62	1.02750427392291e-20
Mfge8	5.21001055677159e-24	0.577227627365802	0.959	0.591	1.04200211135432e-20
Pbx1	6.35191290209345e-24	0.819806963034631	0.973	0.581	1.27038258041869e-20
Rhoj	6.56254948627027e-24	0.73784481958557	0.932	0.553	1.31250989725405e-20
Timp2	7.18958230240096e-24	1.02167014086804	1	0.874	1.43791646048019e-20
Gpx8	7.78883642999044e-24	0.802281749400376	0.918	0.543	1.55776728599809e-20
Ifitm1	8.72978025103144e-24	1.23081873461842	0.973	0.709	1.74595605020629e-20
Pls3	1.72145461683894e-23	0.619720581934671	0.932	0.573	3.44290923367788e-20
Mmp14	2.07555114984389e-23	0.903326668332401	0.986	0.8	4.15110229968779e-20
Slc39a14	2.19382129107038e-23	0.859835678710621	0.932	0.74	4.38764258214077e-20
Ptgfrn	2.49455328693469e-23	0.707010973504159	0.89	0.527	4.98910657386937e-20
Emilin1	2.55109059816873e-23	0.840867214129006	0.918	0.643	5.10218119633747e-20
Dcn	2.59885672555385e-23	1.07740328158403	0.986	0.651	5.19771345110769e-20
Lhfp	3.38556521404725e-23	0.681043120390308	0.863	0.491	6.7711304280945e-20
C4b	5.60561406631128e-23	0.964255295980917	0.973	0.781	1.12112281326226e-19
Fkbp10	5.72537236163758e-23	0.490323950026989	0.863	0.474	1.14507447232752e-19
Synm	6.13648482220631e-23	1.39168551261645	0.753	0.398	1.22729696444126e-19
Zfhx4	6.15457273354293e-23	0.644702256221648	0.863	0.505	1.23091454670859e-19
Lmo4	6.65958476173754e-23	1.200079093389	0.973	0.835	1.33191695234751e-19
Timp1	8.32326505980916e-23	2.84117744147305	0.959	0.828	1.66465301196183e-19
Maged2	1.36779084395038e-22	0.718931441218968	0.918	0.603	2.73558168790076e-19
Pdpn	1.79481973113773e-22	1.15687254869015	0.959	0.787	3.58963946227545e-19
Igf2r	1.81448259069497e-22	0.74492025431483	0.959	0.633	3.62896518138995e-19
Auts2	2.17853468407304e-22	0.927899973998936	0.89	0.491	4.35706936814608e-19
Pam	2.20943737218752e-22	0.893722915834164	0.945	0.647	4.41887474437505e-19
Sorbs1	3.1326202278668e-22	0.683348433608473	0.849	0.53	6.26524045573361e-19
Atp2a2	3.16828053481617e-22	0.915053364048147	0.986	0.894	6.33656106963233e-19
Ctsk	3.34732637391228e-22	0.456690409207791	0.836	0.56	6.69465274782456e-19
Osmr	3.36404188872765e-22	0.538660051758353	0.89	0.532	6.72808377745531e-19
Mast4	3.47061887836789e-22	0.860331672979525	0.877	0.57	6.94123775673579e-19
C1ra	4.73357571845741e-22	0.72146681953728	0.959	0.622	9.46715143691482e-19
Kdelr3	5.14159225187314e-22	0.55657906062591	0.822	0.579	1.02831845037463e-18
Phlda3	6.70020310208705e-22	0.73760620431716	0.863	0.559	1.34004062041741e-18
Rcn1	7.15302418299191e-22	0.575141447189486	0.932	0.67	1.43060483659838e-18
Cd81	8.55808165581924e-22	1.05456038178775	0.986	0.853	1.71161633116385e-18
Sod2	1.3470010892334e-21	1.55026661111797	0.986	0.927	2.6940021784668e-18
Phlda1	1.34765811393773e-21	1.08509136294615	0.945	0.586	2.69531622787546e-18
Cacna2d1	1.53726043652757e-21	0.879803389589385	0.795	0.368	3.07452087305513e-18
Ddah2	1.56741173158322e-21	0.545097513069619	0.918	0.533	3.13482346316645e-18
Lrp1	2.1708358348077e-21	1.02509752752923	1	0.785	4.3416716696154e-18
Hand2os1	2.55480963247617e-21	0.773569348043328	0.877	0.517	5.10961926495233e-18
Lmna	2.79723984499577e-21	0.926755825859052	0.973	0.826	5.59447968999155e-18
Nfib	2.91662671916435e-21	0.731776572439777	0.986	0.612	5.83325343832871e-18
Hist1h2bc	3.07053956066258e-21	1.05134468814972	0.945	0.848	6.14107912132517e-18
Arhgap42	3.20500058783107e-21	0.739450919361797	0.781	0.428	6.41000117566214e-18
Klf9	3.9947266933383e-21	0.723936636920475	0.959	0.565	7.98945338667661e-18
Gjc1	5.49454718228964e-21	0.56858277292276	0.808	0.417	1.09890943645793e-17
Il11ra1	8.76662808869678e-21	0.938042759751432	0.945	0.706	1.75332561773936e-17
Lmcd1	1.16701119567601e-20	0.861642358036796	0.767	0.526	2.33402239135202e-17
Smtn	1.47340594328366e-20	0.881304444452024	0.767	0.409	2.94681188656732e-17
Sesn3	1.58275612241908e-20	0.682084839374759	0.918	0.573	3.16551224483816e-17
Lox	1.74207353538267e-20	0.822550357888102	0.836	0.704	3.48414707076534e-17
C1qtnf6	1.93112963510931e-20	0.441817584417506	0.849	0.636	3.86225927021862e-17
Tcf21	2.07470049753963e-20	0.630333097822117	0.781	0.405	4.14940099507925e-17
Gpnmb	2.27511577079372e-20	0.355053924759315	0.767	0.517	4.55023154158744e-17
Rgs7bp	2.87691916218216e-20	0.806950212229447	0.795	0.587	5.75383832436432e-17
Gas6	3.29456354290326e-20	1.05645375239944	0.973	0.758	6.58912708580653e-17
Cyb5r3	3.64514276402682e-20	0.850770410643866	1	0.832	7.29028552805364e-17
Ctsl	3.73756894586077e-20	1.25204272763501	1	0.93	7.47513789172153e-17
Prelp	3.99978373913677e-20	0.753853130597512	0.767	0.409	7.99956747827353e-17
Spsb1	7.07517418795242e-20	0.554913204994662	0.89	0.663	1.41503483759048e-16
Bicc1	7.73052445123417e-20	0.597175076417551	0.932	0.585	1.54610489024683e-16
Gm13889	8.62481697196236e-20	1.41786490987565	0.767	0.528	1.72496339439247e-16
Plagl1	9.05543335897806e-20	0.77119036419399	0.753	0.419	1.81108667179561e-16
Rcn3	1.07445461683599e-19	0.819108526882419	0.973	0.804	2.14890923367199e-16
Gm12840	1.93691521672793e-19	1.07220336135295	0.89	0.623	3.87383043345587e-16
Bgn	1.9818524718514e-19	0.606245264612011	0.904	0.594	3.9637049437028e-16
Crispld2	2.07238159359424e-19	1.00711633718144	0.781	0.493	4.14476318718849e-16
Ccn2	2.15055444080403e-19	0.601299146796284	0.671	0.366	4.30110888160807e-16
Kitl	2.19517002147274e-19	0.809091018986031	0.904	0.53	4.39034004294548e-16
F3	2.5674669150882e-19	0.787066813647883	0.767	0.514	5.13493383017639e-16
Copz2	2.81532383651127e-19	0.62508598848881	0.877	0.62	5.63064767302254e-16
Ptprf	2.86959609216853e-19	0.264269380812994	0.877	0.465	5.73919218433707e-16
Fn1	3.58965304754634e-19	1.20536910525532	0.986	0.826	7.17930609509269e-16
Olfml3	4.01858707448612e-19	0.574547262019802	0.918	0.739	8.03717414897224e-16
Mfap2	4.68191245636454e-19	0.300745069862135	0.699	0.353	9.36382491272907e-16
Fndc1	5.2629874918717e-19	0.269130565633418	0.74	0.4	1.05259749837434e-15
Gpx7	5.53526819134167e-19	0.490793791988731	0.849	0.652	1.10705363826833e-15
Nid1	5.61825770880534e-19	0.478862671639347	0.89	0.495	1.12365154176107e-15
Eln	7.01050590308344e-19	0.810724036906818	0.726	0.429	1.40210118061669e-15
Cd151	9.37407403145249e-19	0.745824668823847	0.904	0.667	1.8748148062905e-15
Hmgn1	1.05291023134808e-18	0.775765249784207	0.986	0.885	2.10582046269615e-15
Rbpms2	1.68627723269908e-18	0.704217601799374	0.699	0.394	3.37255446539816e-15
Vat1	1.96850067149389e-18	0.636135007627623	0.959	0.714	3.93700134298779e-15
Hes1	1.97413501557969e-18	0.720718327412498	0.849	0.526	3.94827003115937e-15
Akap12	2.40657265722415e-18	0.672221522551613	0.877	0.586	4.81314531444829e-15
Matn2	2.53235866973976e-18	0.293117961092225	0.808	0.516	5.06471733947951e-15
Cavin1	2.7275541330633e-18	0.614126188902756	0.918	0.545	5.45510826612661e-15
Tmem176b	2.92502978305285e-18	0.915983907416741	1	0.905	5.8500595661057e-15
Mgst3	3.28079742351429e-18	1.06079972458886	0.863	0.692	6.56159484702858e-15
Tspan4	4.10561879199899e-18	0.539835676719679	0.973	0.715	8.21123758399797e-15
Rbms3	4.16272181027095e-18	0.609097800117436	0.822	0.529	8.3254436205419e-15
Tmem47	4.39280882434685e-18	0.797794033350015	0.74	0.362	8.7856176486937e-15
Tmem263	4.64653722333017e-18	0.54174278615695	0.877	0.646	9.29307444666034e-15
Lbp	4.66521287880844e-18	0.823003763648295	0.836	0.652	9.33042575761689e-15
Prkg1	5.3375525097918e-18	0.782255768686692	0.767	0.443	1.06751050195836e-14
Cxcl1	6.2991211308357e-18	0.864888647701882	0.712	0.442	1.25982422616714e-14
Emp2	7.30539327463745e-18	0.41578295523496	0.836	0.451	1.46107865492749e-14
Sema6a	7.34113512445982e-18	0.500977005772418	0.767	0.448	1.46822702489196e-14
Fkbp11	8.90532770471136e-18	0.351025068922009	0.822	0.555	1.78106554094227e-14
Itga9	1.02576957346596e-17	0.718775611994875	0.822	0.563	2.05153914693191e-14
Dbn1	1.25117757348975e-17	0.398087932322887	0.822	0.57	2.5023551469795e-14
Flnb	1.37481120677044e-17	0.463712910229218	0.849	0.56	2.74962241354088e-14
Aoc3	1.47383496335536e-17	0.562230731033153	0.726	0.361	2.94766992671072e-14
Spint2	2.17346516717201e-17	0.582173817453255	0.89	0.575	4.34693033434403e-14
Chpt1	2.61456674053995e-17	0.527955953751952	0.849	0.564	5.2291334810799e-14
Epn2	3.51089535073263e-17	0.638954003645777	0.795	0.45	7.02179070146526e-14
Col14a1	5.2475884925719e-17	0.747467581697863	0.877	0.639	1.04951769851438e-13
Slc16a1	5.69166144190934e-17	0.612008807298316	0.877	0.634	1.13833228838187e-13
Plpp1	8.73095062246006e-17	0.688762296570221	0.836	0.594	1.74619012449201e-13
Pxdn	9.46196943304005e-17	0.389728139242706	0.795	0.456	1.89239388660801e-13
Atf5	1.13240589763728e-16	0.542466208600639	0.795	0.571	2.26481179527455e-13
Amotl1	1.16037865873241e-16	0.375435248556104	0.808	0.475	2.32075731746482e-13
Gdpd1	1.23341969343965e-16	0.300058785045905	0.808	0.61	2.46683938687931e-13
Thbs4	1.25749487659747e-16	1.17053565624756	0.781	0.65	2.51498975319495e-13
Il6st	1.87267940320351e-16	0.713224801108382	1	0.691	3.74535880640703e-13
Pkd2	1.92228389347427e-16	0.671684771796932	0.863	0.583	3.84456778694854e-13
Slc16a2	2.25572623127299e-16	0.612885161851156	0.781	0.5	4.51145246254597e-13
Tnfrsf12a	2.42469031042974e-16	0.562771563771255	0.781	0.51	4.84938062085948e-13
Atp2b4	3.04515282664134e-16	0.694885122191041	0.849	0.567	6.09030565328269e-13
Elovl6	3.64101222828852e-16	0.544554376353757	0.753	0.493	7.28202445657704e-13
Enc1	3.90963751029049e-16	0.562911492850633	0.767	0.598	7.81927502058099e-13
Gna11	4.45982298565919e-16	0.508938565879373	0.863	0.566	8.91964597131839e-13
Efna5	4.50312873920831e-16	0.429468724221308	0.849	0.517	9.00625747841662e-13
Irak1bp1	4.95525820717918e-16	0.535568667491238	0.795	0.529	9.91051641435837e-13
Gstm1	5.42929385511562e-16	1.06509827685674	0.849	0.596	1.08585877102312e-12
Tcea3	1.04604360143475e-15	0.660035360810623	0.808	0.581	2.09208720286949e-12
Islr	1.10457294040603e-15	0.553178825623031	0.726	0.333	2.20914588081205e-12
Ifitm3	1.22158277760104e-15	0.87526790827227	1	0.955	2.44316555520207e-12
Cttn	1.4871525351235e-15	0.491698844260423	0.822	0.61	2.97430507024701e-12
Vcam1	1.65448362080508e-15	0.403428782529701	0.918	0.658	3.30896724161017e-12
Antxr1	1.71918251599999e-15	0.384769204885975	0.753	0.467	3.43836503199999e-12
Stxbp6	1.92164323530624e-15	0.458164684842309	0.836	0.601	3.84328647061249e-12
Foxp2	2.1582825148675e-15	0.667402356657815	0.699	0.395	4.316565029735e-12
Bsg	3.56454308064632e-15	0.635427112170113	1	0.963	7.12908616129263e-12
Oat	4.21943717546345e-15	0.609847403351211	0.959	0.787	8.4388743509269e-12
Thbs1	5.04956452662549e-15	0.856394785571496	0.959	0.841	1.0099129053251e-11
Vim	5.72489250877578e-15	0.94626132773217	1	0.987	1.14497850175516e-11
Mgp	5.73972417153958e-15	0.843847716756124	0.904	0.716	1.14794483430791e-11
Serpina3g	5.9231975228083e-15	0.615211688108813	0.863	0.69	1.18463950456166e-11
Clic4	7.15666670911648e-15	0.624712358433294	0.973	0.819	1.4313333418233e-11
Mt1	9.30503244492082e-15	1.36672471869587	0.986	0.937	1.86100648898416e-11
Nkx2-3	1.24799649156487e-14	0.599244441670283	0.753	0.453	2.49599298312974e-11
Slc43a3	1.3700144709536e-14	0.389357678234451	0.808	0.564	2.7400289419072e-11
Ccn1	2.69711190554264e-14	0.402908948219713	0.658	0.372	5.39422381108529e-11
Ptgis	2.80610107856499e-14	0.581187126365371	0.863	0.592	5.61220215712998e-11
Msrb3	3.39961192167061e-14	0.562635850271261	0.753	0.483	6.79922384334123e-11
Sh3bgr	3.85560701353004e-14	1.20970335912575	0.671	0.532	7.71121402706007e-11
Nckap1	4.25208205375823e-14	0.501582148182574	0.863	0.589	8.50416410751647e-11
Fam162a	5.03001482995947e-14	0.939577490509766	0.945	0.828	1.00600296599189e-10
Egln3	5.32714345242229e-14	0.570530140152809	0.74	0.562	1.06542869048446e-10
Cdc42ep5	5.36477457342803e-14	0.304998941754674	0.712	0.419	1.07295491468561e-10
Svep1	5.58601742151809e-14	0.333177521171641	0.685	0.432	1.11720348430362e-10
Eml1	5.69519474483033e-14	0.426212781696021	0.74	0.496	1.13903894896607e-10
Rbp1	6.18488244610169e-14	1.36728480705666	0.863	0.714	1.23697648922034e-10
Tm4sf1	7.07627987940283e-14	0.380903951052027	0.836	0.576	1.41525597588057e-10
Foxf1	9.71504443199866e-14	0.604875288026598	0.699	0.417	1.94300888639973e-10
Mgst1	1.19010513525483e-13	0.465399259140866	0.973	0.799	2.38021027050965e-10
Mxra8	1.76122984660617e-13	0.615726475832504	0.795	0.527	3.52245969321235e-10
Cacnb3	1.92472390228543e-13	0.474029569210428	0.685	0.451	3.84944780457086e-10
Bnip3	2.03322665583117e-13	0.489368980021412	0.89	0.639	4.06645331166235e-10
Mif	2.34351038496061e-13	0.87732748190648	0.986	0.975	4.68702076992123e-10
Arhgef12	2.50418754085722e-13	0.502848211981842	0.904	0.617	5.00837508171445e-10
Cdkn1c	2.76738190480444e-13	0.731417075885113	0.685	0.488	5.53476380960888e-10
Nupr1	2.80211000218857e-13	0.769529290883021	0.932	0.828	5.60422000437715e-10
H1fx	3.09938343527986e-13	0.341394855892368	0.712	0.55	6.19876687055971e-10
Lama2	3.46157463735424e-13	0.264608913280652	0.616	0.336	6.92314927470848e-10
Anxa1	3.51598924147136e-13	0.52318042805452	0.986	0.869	7.03197848294272e-10
Arl4a	3.54654025978005e-13	0.496711910149211	0.836	0.575	7.09308051956009e-10
Lims2	4.11209235823383e-13	0.46313040955039	0.589	0.322	8.22418471646765e-10
Sdc2	4.52058672779974e-13	0.450121162966969	0.808	0.525	9.04117345559948e-10
Pfkfb3	5.63184815612342e-13	0.498069039729206	0.863	0.665	1.12636963122468e-09
Lima1	5.77841066529255e-13	0.539011877056516	0.945	0.738	1.15568213305851e-09
Dag1	6.98473192393725e-13	0.409655281450734	0.932	0.684	1.39694638478745e-09
Angptl2	8.48839092615075e-13	0.39003926601413	0.767	0.483	1.69767818523015e-09
Neo1	9.06009032033703e-13	0.329909050296997	0.74	0.476	1.81201806406741e-09
Cav1	1.0108948551962e-12	0.293474793032369	0.781	0.508	2.02178971039241e-09
Tuba1a	1.03200191653156e-12	0.737927102656306	0.959	0.862	2.06400383306311e-09
Ppp2r3a	1.1331778524026e-12	0.63558325231047	0.767	0.504	2.2663557048052e-09
Meis1	1.29270258162635e-12	0.548104314936969	0.74	0.529	2.58540516325269e-09
Steap4	1.31427700498292e-12	0.409113782773939	0.781	0.631	2.62855400996584e-09
Rtl8a	1.35117861103556e-12	0.321338706939523	0.822	0.549	2.70235722207112e-09
Tnxb	1.5154879969624e-12	0.462009929801294	0.74	0.481	3.0309759939248e-09
Asns	1.59990173197399e-12	0.363686328329568	0.699	0.557	3.19980346394798e-09
Twsg1	1.72268646986127e-12	0.452864922768979	0.808	0.551	3.44537293972253e-09
Galk1	1.9815455719244e-12	0.423387577783156	0.918	0.718	3.96309114384881e-09
Adam19	2.00704768144106e-12	0.351153275043364	0.822	0.562	4.01409536288212e-09
Prkaa2	2.08236652021339e-12	0.442999525468124	0.589	0.341	4.16473304042677e-09
Spry2	2.11124054969345e-12	0.52626332561669	0.781	0.503	4.22248109938691e-09
Fkbp7	2.26326538188996e-12	0.502398013048919	0.808	0.553	4.52653076377993e-09
Lrig1	2.44238099170637e-12	0.655827837398776	0.63	0.281	4.88476198341275e-09
Ddr1	2.49411691220773e-12	0.449707313750054	0.795	0.616	4.98823382441546e-09
Phyh	3.23354258828553e-12	0.537838806392779	0.918	0.777	6.46708517657106e-09
Serpinb6a	3.93998183887472e-12	0.475264129150288	0.973	0.782	7.87996367774943e-09
Pla1a	4.01052834770804e-12	0.26723581620183	0.671	0.521	8.02105669541608e-09
Fam114a1	4.90986605528108e-12	0.467492885522633	0.795	0.567	9.81973211056217e-09
Adgra2	6.51919914738616e-12	0.570283020254776	0.753	0.587	1.30383982947723e-08
Ppfibp1	6.69711836608618e-12	0.376582110205261	0.863	0.676	1.33942367321724e-08
Fbln2	7.48232388470658e-12	0.58746916443559	0.753	0.552	1.49646477694132e-08
Bmp1	7.82449895792753e-12	0.38159057131004	0.753	0.485	1.56489979158551e-08
Ank3	8.71294429798929e-12	0.302917543799026	0.726	0.385	1.74258885959786e-08
Cp	1.02485734535784e-11	1.08490286955055	0.877	0.718	2.04971469071568e-08
Cdon	1.10752239986483e-11	0.439056036909654	0.685	0.489	2.21504479972966e-08
Fth1	1.13686343997747e-11	0.986286203619644	1	1	2.27372687995495e-08
Gabarapl1	1.20057186546448e-11	0.278281759868123	0.932	0.572	2.40114373092897e-08
Fhl1	1.36932450293045e-11	0.67502660171807	0.712	0.444	2.7386490058609e-08
Carmn	1.43591933797628e-11	0.567388217425494	0.589	0.316	2.87183867595256e-08
Bdh1	1.45440379200891e-11	0.846040900322955	0.644	0.542	2.90880758401783e-08
Ntn1	2.05941523721491e-11	0.531395872476483	0.658	0.403	4.11883047442982e-08
Gm49708	2.48478478332427e-11	0.397446373129837	0.808	0.725	4.96956956664853e-08
Lum	2.54928396223401e-11	0.334280235254936	0.712	0.5	5.09856792446802e-08
Pgam1	2.56801113697108e-11	0.659301061628967	1	0.946	5.13602227394217e-08
Cdc42bpa	3.7524560688811e-11	0.411238254542731	0.781	0.47	7.5049121377622e-08
Runx1t1	4.14899917296653e-11	0.658523426767005	0.685	0.432	8.29799834593305e-08
Plec	5.04520798683753e-11	0.48757815720895	0.918	0.796	1.00904159736751e-07
Mmp2	5.11782020936758e-11	0.377238661080153	0.685	0.574	1.02356404187352e-07
Cyb5a	5.50295233950923e-11	0.464198092440163	1	0.871	1.10059046790185e-07
Tmem123	5.55239960982169e-11	0.453005955810366	0.959	0.715	1.11047992196434e-07
Acaa2	7.3679140364247e-11	0.419700270640446	0.932	0.8	1.47358280728494e-07
Serpine1	8.48209855693122e-11	0.73967432210342	0.685	0.565	1.69641971138624e-07
Nfia	9.60561525695926e-11	0.439250467696226	0.89	0.58	1.92112305139185e-07
Mmp13	9.92097570674792e-11	0.270875224437571	0.63	0.445	1.98419514134958e-07
Arhgap5	1.01831848323218e-10	0.394197477676542	0.932	0.661	2.03663696646437e-07
Bmpr1a	1.10237252726222e-10	0.440913804864337	0.767	0.572	2.20474505452444e-07
Gnb4	1.10887507412254e-10	0.480711826822805	0.781	0.543	2.21775014824508e-07
Sptbn1	1.48038579764332e-10	0.374045722107727	1	0.827	2.96077159528664e-07
Hmcn2	1.63231082058224e-10	0.332422505918791	0.658	0.453	3.26462164116448e-07
Anln	1.911621773951e-10	0.377827942031965	0.658	0.527	3.82324354790201e-07
Tbrg1	2.01342145928219e-10	0.384383453098051	0.973	0.831	4.02684291856437e-07
Pde1a	2.22121020683703e-10	0.512741672698201	0.671	0.397	4.44242041367405e-07
Casc4	2.33610787386981e-10	0.341736210448851	0.726	0.471	4.67221574773963e-07
Tinagl1	2.48606908379766e-10	0.40018924545819	0.589	0.335	4.97213816759531e-07
Vcan	2.63256024221017e-10	0.60267639328984	0.822	0.707	5.26512048442034e-07
Fgfr1	4.23319408212368e-10	0.362347407184011	0.781	0.603	8.46638816424735e-07
Tmem176a	5.76740178090199e-10	0.494360246668229	1	0.883	1.1534803561804e-06
Dmd	6.6176094923959e-10	0.48780332425962	0.616	0.371	1.32352189847918e-06
Jcad	7.25371155362569e-10	0.257235001438761	0.616	0.509	1.45074231072514e-06
Pdgfa	8.00061370942511e-10	0.392400104199121	0.822	0.675	1.60012274188502e-06
Rnd1	8.18625905473722e-10	0.297327277543169	0.63	0.543	1.63725181094744e-06
Tgfbr3	9.88287524219719e-10	0.413433649422815	0.767	0.611	1.97657504843944e-06
Ghr	1.08571549782993e-09	0.437240239238213	0.671	0.45	2.17143099565985e-06
Nos2	1.09431600557726e-09	0.609969142418829	0.644	0.61	2.18863201115452e-06
Lrba	1.31246528990482e-09	0.475851734405105	0.808	0.622	2.62493057980965e-06
Creb3l1	1.35446124177155e-09	0.288045784156597	0.712	0.611	2.7089224835431e-06
Hspb6	1.35651593183474e-09	0.663296118380305	0.616	0.503	2.71303186366947e-06
Nrp2	1.38991314387201e-09	0.539175038826286	0.89	0.785	2.77982628774402e-06
C1qtnf2	1.60687549403968e-09	0.255085022958744	0.616	0.356	3.21375098807936e-06
Gadd45g	2.0560739519632e-09	0.609202069504689	0.808	0.711	4.11214790392641e-06
Zfp503	2.49140405885302e-09	0.593498480992917	0.671	0.53	4.98280811770604e-06
Prdx1	3.03603651075209e-09	0.349358603054382	1	0.99	6.07207302150418e-06
Ece1	3.46252485711817e-09	0.539255200434472	0.836	0.675	6.92504971423634e-06
Igfbp5	4.61686138136182e-09	1.36635408786636	0.63	0.483	9.23372276272363e-06
Ltbp3	5.31891910727275e-09	0.373595346040695	0.767	0.601	1.06378382145455e-05
Dtna	6.00073039534632e-09	0.28510631006503	0.548	0.365	1.20014607906926e-05
Ncald	6.3381586938828e-09	0.458026714924053	0.616	0.467	1.26763173877656e-05
Ckb	8.30936433298275e-09	1.25599919402809	0.877	0.841	1.66187286659655e-05
Atp1b1	1.00849462580818e-08	0.356932414007256	0.74	0.493	2.01698925161635e-05
Htra1	1.09923808612882e-08	0.453684488568866	0.658	0.445	2.19847617225764e-05
Glipr1	1.15295815954784e-08	0.388713483853867	0.767	0.624	2.30591631909568e-05
Mtch2	1.55644651671671e-08	0.338364381222028	0.945	0.822	3.11289303343343e-05
Qpct	1.66696685854892e-08	0.367288548511787	0.685	0.588	3.33393371709784e-05
Tspan18	1.77882440180177e-08	0.306899353911718	0.63	0.486	3.55764880360354e-05
Cyc1	2.43077267963509e-08	0.381558354700837	0.973	0.899	4.86154535927018e-05
Msi2	2.52370718652247e-08	0.409615844887012	0.753	0.556	5.04741437304494e-05
Ppm1l	2.78371624535153e-08	0.38720337790601	0.63	0.466	5.56743249070305e-05
Hadh	3.44119248426635e-08	0.363381047927334	0.863	0.698	6.8823849685327e-05
Lbh	3.65829909125952e-08	0.376080782640826	0.904	0.682	7.31659818251903e-05
Egr1	4.117974824475e-08	0.676258112638068	0.904	0.684	8.23594964894999e-05
Itpkb	4.53898213244658e-08	0.338740453313606	0.877	0.722	9.07796426489317e-05
Axl	4.69287427227735e-08	0.301189891244622	0.89	0.668	9.3857485445547e-05
Il6	8.26007169261918e-08	0.369583170215947	0.726	0.63	0.000165201433852384
Grina	1.13084151929118e-07	0.362239448262945	0.959	0.86	0.000226168303858236
Fhl2	1.92520245051324e-07	0.439603256429073	0.616	0.514	0.000385040490102648
Filip1	1.95516600058678e-07	0.281762716609435	0.603	0.425	0.000391033200117357
Dlc1	2.05845699604548e-07	0.293563820463816	0.63	0.397	0.000411691399209095
Txndc5	2.2000018372139e-07	0.272187717938231	0.836	0.716	0.00044000036744278
Jun	2.2695969288486e-07	0.596576196910555	1	0.91	0.000453919385769721
Tjp1	2.47808772349347e-07	0.344947782629664	0.712	0.479	0.000495617544698693
Plat	2.65409873980814e-07	0.329515297074331	0.644	0.456	0.000530819747961628
Epha4	4.42103851099466e-07	0.380946248263292	0.548	0.347	0.000884207702198932
Iigp1	4.80924576901665e-07	1.16306406468873	0.822	0.734	0.000961849153803329
Itgb3	5.37514728060582e-07	0.289228998596351	0.616	0.53	0.00107502945612116
Ndufa4l2	5.40204801252915e-07	0.389914486978049	0.521	0.448	0.00108040960250583
Gstt1	6.59138943468359e-07	0.348902926571499	0.671	0.584	0.00131827788693672
Trim47	9.92260582667938e-07	0.30480717865455	0.726	0.57	0.00198452116533588
Tcf4	1.1421362435905e-06	0.3486005774897	0.945	0.765	0.00228427248718099
Cd9	1.14600368458706e-06	0.265914385423785	0.932	0.801	0.00229200736917412
Bcl11a	1.15396450961421e-06	0.40826790019314	0.644	0.562	0.00230792901922841
Cstb	1.18511672654486e-06	0.409010815486726	1	0.96	0.00237023345308972
Ecm1	1.26887158493478e-06	0.412590317390252	0.822	0.721	0.00253774316986956
Id1	1.92034157947038e-06	0.5896483092988	0.63	0.552	0.00384068315894076
Nav2	2.22678374644845e-06	0.359158677547836	0.644	0.548	0.0044535674928969
Fzd2	2.26034549863275e-06	0.301819752624266	0.589	0.443	0.0045206909972655
Dysf	2.50898862384061e-06	0.402326611835189	0.575	0.437	0.00501797724768122
Asb2	3.28873577603935e-06	0.485657556993116	0.589	0.542	0.0065774715520787
2200002D01Rik	3.49507466834799e-06	0.305651900179025	0.589	0.529	0.00699014933669598
Klhdc8b	4.59904840804751e-06	0.259575745432835	0.479	0.396	0.00919809681609501
Socs2	5.89485041087781e-06	0.333364129194346	0.863	0.766	0.0117897008217556
Mcam	6.20656477669393e-06	0.316479561029456	0.521	0.403	0.0124131295533879
Ldha	7.57103411496595e-06	0.401115286981788	1	0.988	0.0151420682299319
Syne1	8.17742913075353e-06	0.317080771545697	0.658	0.546	0.0163548582615071
F2r	1.14959684862322e-05	0.257245511486148	0.644	0.528	0.0229919369724644
Esd	1.18196818634056e-05	0.288992624660428	0.986	0.934	0.0236393637268112
S100a11	1.32921225223872e-05	0.288886729445952	1	0.971	0.0265842450447743
Cavin2	1.63095410724914e-05	0.404079975158145	0.63	0.516	0.0326190821449829
Aldh1b1	2.08270062292619e-05	0.407736668594717	0.644	0.656	0.0416540124585237
