id	p_val	avg_log2FC	pct.1	pct.2	p_val_adj
G0s2	3.53770114071363e-198	3.67587887243281	0.955	0.652	7.07540228142726e-195
Il1b	3.94883385658366e-182	2.36810536367811	0.998	0.865	7.89766771316733e-179
Cxcl2	6.18408317030056e-182	3.10557679312216	0.983	0.772	1.23681663406011e-178
Srgn	7.67116021492813e-177	1.92300279502953	1	0.952	1.53423204298563e-173
Cxcr2	1.68653625330909e-172	1.95871762255637	0.905	0.588	3.37307250661818e-169
Trem1	8.30308018007357e-161	1.44552891353716	0.912	0.706	1.66061603601471e-157
Hdc	2.96666611827917e-156	1.90907983708608	0.891	0.653	5.93333223655834e-153
Pim1	2.77161232770486e-149	1.31827973560281	1	0.964	5.54322465540972e-146
Il1r2	2.32434519691142e-148	1.60496674228931	0.905	0.721	4.64869039382283e-145
Tnfaip2	3.53944130904312e-148	1.73447931888382	0.979	0.793	7.07888261808624e-145
Il1rn	2.66758553541489e-147	1.62874883135332	0.957	0.761	5.33517107082978e-144
Cd300lf	6.3166519016582e-144	1.31329393748384	0.962	0.805	1.26333038033164e-140
Slfn1	2.798591967447e-140	1.40212083429515	0.955	0.801	5.597183934894e-137
Plek	6.17608415679261e-139	1.24273139470312	0.998	0.875	1.23521683135852e-135
Csf3r	6.27392919145288e-138	1.22469846947773	0.903	0.655	1.25478583829058e-134
Mxd1	2.8646677453958e-127	1.49136111546587	0.945	0.78	5.72933549079159e-124
Clec4d	2.43818977922283e-124	1.15499512113569	0.876	0.687	4.87637955844566e-121
Plaur	8.91638663206797e-124	1.33690583826515	0.945	0.819	1.78327732641359e-120
Emilin2	1.13702637931776e-117	0.986161038033414	0.99	0.877	2.27405275863552e-114
Csf2rb	7.28092481824528e-116	0.979660473142959	0.988	0.859	1.45618496364906e-112
Lrg1	7.11640763465634e-114	1.49615562967191	0.846	0.641	1.42328152693127e-110
Cd14	2.54209720569435e-111	1.51772065063485	0.981	0.843	5.08419441138869e-108
Clec4e	1.08438235435788e-107	1.24068646939411	0.862	0.649	2.16876470871577e-104
Nlrp3	3.03501241656327e-107	1.10543159182449	0.905	0.718	6.07002483312654e-104
Wfdc17	6.68768629410364e-107	1.3839791532513	0.995	0.923	1.33753725882073e-103
Samsn1	2.62065402852237e-106	1.09952148083832	0.957	0.846	5.24130805704475e-103
Smox	1.98717465148071e-102	0.996523387217963	0.881	0.728	3.97434930296143e-99
Msrb1	7.80593693868854e-101	1.09700002266745	0.983	0.893	1.56118738773771e-97
Ifitm1	1.1659693675884e-100	1.72444588903726	0.905	0.703	2.3319387351768e-97
Slc7a11	6.13311299923211e-99	1.07842940252564	0.822	0.678	1.22662259984642e-95
Hcar2	7.44209906608678e-98	1.34595679193612	0.808	0.625	1.48841981321736e-94
Mmp9	2.14626204023062e-91	1.22118341729957	0.789	0.552	4.29252408046125e-88
Grina	1.95505329919046e-90	0.947950609328507	0.964	0.857	3.91010659838092e-87
Neat1	3.23403740375491e-90	1.00762671126789	0.995	0.895	6.46807480750982e-87
Ptgs2	9.24859857163708e-89	1.2466066501761	0.855	0.693	1.84971971432742e-85
C5ar1	1.11745564090808e-88	0.832172691290213	0.967	0.799	2.23491128181615e-85
Upp1	3.37884165651179e-87	1.2551886212328	0.817	0.674	6.75768331302358e-84
Osm	3.68528537424432e-87	0.911414823454263	0.967	0.813	7.37057074848864e-84
Ccrl2	7.77309732524889e-86	1.33477884141503	0.874	0.681	1.55461946504978e-82
Lst1	1.04993868423852e-85	0.936218238575067	0.983	0.877	2.09987736847705e-82
Cd44	1.15361389500566e-85	0.868335662336882	0.969	0.853	2.30722779001131e-82
Lmnb1	1.62597115025262e-85	0.847482656660011	0.914	0.775	3.25194230050525e-82
Cd9	4.36014894932795e-85	1.38937970298708	0.941	0.797	8.7202978986559e-82
Cd33	2.84183048987067e-83	0.983896885638883	0.831	0.603	5.68366097974134e-80
Basp1	1.88604148632252e-80	1.00956743116883	0.976	0.895	3.77208297264505e-77
Ier3	1.97433203653267e-80	0.951402584764389	0.998	0.873	3.94866407306534e-77
Pde4b	1.28968370163005e-78	0.806933667017066	0.938	0.768	2.57936740326011e-75
Cdkn1a	1.71083732512765e-76	0.904227102489818	0.988	0.852	3.42167465025531e-73
Ccl6	3.41963871361619e-75	0.927610848795566	0.99	0.89	6.83927742723239e-72
Gadd45b	1.13179752085177e-74	1.28838622800876	0.893	0.642	2.26359504170355e-71
Cd24a	7.38404002078668e-74	0.828473125416042	0.822	0.661	1.47680800415734e-70
Slc16a3	1.08019926723703e-72	0.756811606369042	0.865	0.758	2.16039853447405e-69
Il1a	7.10363846352899e-72	1.06030471284499	0.791	0.687	1.4207276927058e-68
Isg15	2.51516373760877e-71	1.04508702586262	0.929	0.849	5.03032747521754e-68
Bcl2a1a	6.39746382056643e-71	0.597688074376819	0.931	0.833	1.27949276411329e-67
Clec4n	9.1225556312274e-71	0.808680369772741	0.955	0.863	1.82451112624548e-67
Tgm2	1.23913310381727e-70	0.882566600146966	0.95	0.867	2.47826620763454e-67
Samhd1	1.65621093121017e-70	0.69422751350577	0.995	0.922	3.31242186242035e-67
Dusp1	4.21500930114701e-70	0.836576007825821	0.986	0.867	8.43001860229402e-67
Slc15a3	4.86060333884183e-70	0.777113164997399	0.969	0.883	9.72120667768365e-67
Hp	1.02248385467395e-68	0.587900414907114	0.884	0.723	2.04496770934789e-65
Entpd1	2.28598653533814e-67	0.743850423704691	0.862	0.672	4.57197307067628e-64
Itgam	2.3853069583302e-67	0.647574076042528	0.941	0.787	4.77061391666041e-64
Lilrb4a	3.16750133052782e-67	0.709530587884995	0.91	0.752	6.33500266105564e-64
Clec5a	3.78323906490412e-67	0.823625281631566	0.791	0.673	7.56647812980824e-64
Fcgr4	2.73579646974191e-66	0.662627291468212	0.929	0.823	5.47159293948381e-63
Arg1	3.85081537295224e-66	1.21265980285357	0.926	0.829	7.70163074590448e-63
Ptafr	4.07351797499233e-66	0.772436337030056	0.879	0.7	8.14703594998465e-63
Cyp4f18	6.73484000372778e-66	0.691530422518654	0.929	0.814	1.34696800074556e-62
Mrc1	8.43156965030956e-66	0.794060263872112	0.981	0.861	1.68631393006191e-62
H2-Q10	1.05446260816899e-64	0.86896467151248	0.705	0.5	2.10892521633798e-61
Bcl2a1b	7.81762935876636e-64	0.723937801487786	0.995	0.903	1.56352587175327e-60
Il4ra	2.70388835791983e-63	0.64836994204981	0.971	0.892	5.40777671583967e-60
Ncf1	7.15123121459272e-63	0.661559630377214	0.933	0.814	1.43024624291854e-59
Oasl2	1.05110363316943e-62	0.735023643761093	0.893	0.757	2.10220726633885e-59
Gda	1.20663426177497e-61	0.663524679472757	0.981	0.899	2.41326852354993e-58
Cd274	9.62123241187049e-61	0.798556352890193	0.853	0.744	1.9242464823741e-57
Trib1	3.68061246798694e-60	0.610439981829337	0.905	0.786	7.36122493597387e-57
Nfkbid	4.22283886931076e-59	0.529206787393765	0.739	0.503	8.44567773862152e-56
Plk3	5.05007897434595e-59	0.612833399005777	0.781	0.686	1.01001579486919e-55
Ctsd	7.01661237081388e-59	0.62976189579355	0.99	0.944	1.40332247416278e-55
Pygl	1.31817837477635e-58	0.647857105800327	0.834	0.706	2.6363567495527e-55
Pf4	5.78740004736614e-58	1.00040360254691	0.943	0.849	1.15748000947323e-54
Ccl24	5.9627349915443e-58	0.91080019164948	0.938	0.89	1.19254699830886e-54
Siglece	4.12542697096065e-57	0.594379784858078	0.76	0.623	8.25085394192129e-54
Cass4	2.23852082261856e-56	0.60354527160147	0.698	0.561	4.47704164523712e-53
Rnasel	4.26567921844113e-56	0.566640776462619	0.912	0.804	8.53135843688226e-53
Fgr	8.82048529015623e-56	0.520544185369524	0.86	0.78	1.76409705803125e-52
Pla2g7	1.45461846417412e-54	0.661169980681015	0.933	0.776	2.90923692834824e-51
Thbs1	1.32801657814862e-53	0.941720370101153	0.917	0.839	2.65603315629724e-50
Dgat1	5.92719948815818e-53	0.554973235156882	0.805	0.679	1.18543989763164e-49
Arg2	4.4734202942414e-52	0.711810616065782	0.708	0.635	8.94684058848279e-49
Csrnp1	4.55232057843782e-52	0.551999796377825	0.841	0.661	9.10464115687565e-49
Cd300ld	5.38037102211897e-52	0.555880277561736	0.77	0.596	1.07607420442379e-48
Cdk2ap2	5.4634765117217e-52	0.768496433235229	0.933	0.879	1.09269530234434e-48
Ctsb	7.52963190052506e-52	0.641284812736584	0.998	0.99	1.50592638010501e-48
Ltb4r1	1.16463786713329e-51	0.597095371881079	0.905	0.817	2.32927573426658e-48
Fos	1.33714747359064e-50	0.736886859981676	1	0.893	2.67429494718128e-47
Rnf149	3.6618779090536e-49	0.512538228706876	0.857	0.807	7.3237558181072e-46
Ccl8	1.32346147704575e-48	0.721689223248511	0.917	0.888	2.6469229540915e-45
Nfil3	1.51642046762671e-48	0.542731586158361	0.907	0.842	3.03284093525341e-45
Adam8	1.05844001280379e-47	0.606945670053539	0.8	0.731	2.11688002560758e-44
Mafb	1.07796754884721e-47	0.628669042125238	0.974	0.861	2.15593509769441e-44
Tgfbi	1.11990488780805e-47	0.673334571298627	0.981	0.89	2.23980977561611e-44
Adgre1	2.74342555549407e-47	0.392403005252538	0.941	0.776	5.48685111098813e-44
Ppp1r15a	3.18289218035998e-47	0.571426815164445	0.867	0.641	6.36578436071995e-44
Marcksl1	5.5507631307245e-47	0.637468293996735	0.886	0.732	1.1101526261449e-43
Fpr2	8.73666018853962e-47	0.620668602726527	0.682	0.584	1.74733203770792e-43
Ccl9	8.81439558669378e-47	0.666396890760889	0.952	0.849	1.76287911733876e-43
Maf	1.58841497994548e-46	0.649290881731451	0.976	0.891	3.17682995989096e-43
C3ar1	1.74623688194647e-46	0.45621896877426	0.962	0.792	3.49247376389293e-43
Chd7	1.80375851843373e-46	0.534175775722636	0.867	0.798	3.60751703686745e-43
Resf1	4.63135194459599e-46	0.636582705239981	0.903	0.806	9.26270388919197e-43
Il1rap	7.46450887614701e-46	0.702602597413513	0.703	0.566	1.4929017752294e-42
Ell2	8.90537391737509e-46	0.50244838204397	0.819	0.718	1.78107478347502e-42
Neurl3	1.73663978687522e-45	0.511192831017634	0.895	0.746	3.47327957375045e-42
Rnase2a	3.24503018347752e-45	0.934252066444098	0.9	0.865	6.49006036695503e-42
Cd300c2	7.41417941239994e-45	0.421400718136607	0.924	0.794	1.48283588247999e-41
Nfkbia	8.60404627268064e-45	0.934364277876059	0.945	0.857	1.72080925453613e-41
Rnf19b	2.99051392243417e-44	0.53346369598929	0.895	0.792	5.98102784486833e-41
Dusp5	1.23114302381455e-43	0.618539547520286	0.838	0.713	2.4622860476291e-40
Kctd12	1.24414934499326e-43	0.578346697857601	0.974	0.883	2.48829868998652e-40
Rgcc	1.91699499978612e-43	0.51739745920936	0.708	0.565	3.83398999957224e-40
Dab2	1.27684015684772e-42	0.529123883732039	0.981	0.914	2.55368031369543e-39
AA467197	3.01067207934087e-42	0.786942687434308	0.841	0.777	6.02134415868174e-39
Rdh12	3.50016466451279e-42	0.368018875284147	0.587	0.504	7.00032932902558e-39
Tlr2	4.75193048586053e-42	0.472033485187073	0.8	0.673	9.50386097172106e-39
Hk2	4.7662086424293e-42	0.539264653907936	0.922	0.85	9.5324172848586e-39
Stat1	5.44844008805108e-41	0.492514444264162	0.914	0.848	1.08968801761022e-37
Fbxl5	1.01831442142415e-40	0.691600140592892	0.867	0.809	2.03662884284829e-37
Gm26917	1.39990126299159e-40	0.614901353522852	0.948	0.92	2.79980252598319e-37
Isg20	3.55043078172221e-40	0.539326231833966	0.743	0.63	7.10086156344442e-37
Fth1	5.23604082563843e-40	0.526026092892923	1	1	1.04720816512769e-36
Gcnt2	7.78711990053963e-40	0.584392742474581	0.831	0.781	1.55742398010793e-36
Snx6	1.0372138714595e-39	0.427755035550899	0.983	0.948	2.07442774291901e-36
Lgmn	4.66272284548752e-39	0.5609663325239	0.986	0.924	9.32544569097504e-36
Ms4a7	1.2079623705378e-38	0.289628929147334	0.905	0.811	2.4159247410756e-35
Ccl4	2.50542600716161e-38	1.01836265133216	0.838	0.744	5.01085201432323e-35
Ap2a2	2.57948734763661e-38	0.573215775557687	0.974	0.92	5.15897469527323e-35
Rgs2	3.85946675444492e-38	0.566107234080769	0.857	0.774	7.71893350888984e-35
Pik3ap1	4.61416541386412e-38	0.487076358139305	0.798	0.685	9.22833082772824e-35
Msr1	1.29034289491938e-37	0.473311481286133	0.917	0.818	2.58068578983875e-34
March7	1.11800814078712e-36	0.479276538862124	0.843	0.709	2.23601628157425e-33
Gbp2	1.65672142657156e-35	0.570109541801476	0.903	0.837	3.31344285314312e-32
Sbno2	2.00181104877612e-35	0.464203064811769	0.903	0.808	4.00362209755225e-32
Creb5	2.41026142221787e-35	0.377199926479033	0.791	0.662	4.82052284443574e-32
Clec4a2	4.57886455214629e-35	0.350595323607874	0.941	0.83	9.15772910429257e-32
Cytip	4.71374777284369e-35	0.364463069847461	0.867	0.821	9.42749554568738e-32
Ankrd33b	5.2690691020111e-35	0.414035812491142	0.622	0.595	1.05381382040222e-31
Hilpda	1.00023517595367e-34	0.466909507562898	0.827	0.748	2.00047035190733e-31
Stab1	1.41264845911987e-34	0.274676744725463	0.881	0.767	2.82529691823974e-31
Fabp5	2.95091567584149e-34	0.755107112415708	0.952	0.914	5.90183135168298e-31
Ccl12	3.03211996879186e-34	0.419188754831069	0.898	0.817	6.06423993758371e-31
Sirpb1c	3.61766967594095e-34	0.366567110825678	0.855	0.816	7.23533935188189e-31
Id1	3.94876105301049e-34	0.402876041488414	0.644	0.549	7.89752210602099e-31
Ccl7	6.9529668454217e-34	0.539094531540202	0.924	0.841	1.39059336908434e-30
Selenop	1.12103298508515e-33	0.395490884486253	0.993	0.901	2.24206597017029e-30
Cxcr4	2.22304002511239e-33	0.437355661004342	0.72	0.617	4.44608005022479e-30
Malat1	3.51898248699102e-33	0.385890690845287	1	1	7.03796497398205e-30
Prkcd	7.71052327293692e-33	0.416142534586731	0.912	0.842	1.54210465458738e-29
C1qa	8.35361181708326e-33	0.289805920832249	0.979	0.874	1.67072236341665e-29
Psap	9.47780706406292e-33	0.492013255727206	1	0.982	1.89556141281258e-29
Fxyd5	1.23090878243593e-32	0.36498527614089	0.998	0.96	2.46181756487187e-29
Lair1	1.61691431750779e-32	0.3765896244499	0.903	0.791	3.23382863501558e-29
Car4	2.93010276754388e-32	0.790898771175268	0.646	0.642	5.86020553508777e-29
C1qb	8.0804922879425e-32	0.369374057857552	0.983	0.888	1.6160984575885e-28
Mirt1	1.5135348000418e-31	0.511942923471006	0.634	0.602	3.0270696000836e-28
Cfp	1.37448176204487e-30	0.380180119175296	0.962	0.887	2.74896352408973e-27
Itgb2	3.48142106612322e-30	0.344287140094586	0.943	0.875	6.96284213224645e-27
Atp6v0a1	3.88952998429405e-30	0.463666442321432	0.862	0.819	7.77905996858809e-27
Emb	5.05891662204508e-30	0.381739514734239	0.931	0.883	1.01178332440902e-26
Gbp7	5.99521687219441e-30	0.415567207348654	0.938	0.899	1.19904337443888e-26
Clec12a	6.30723366595226e-30	0.277509846373918	0.834	0.772	1.26144673319045e-26
F630028O10Rik	1.67905303263039e-29	0.619954316583215	0.663	0.598	3.35810606526077e-26
C1qc	2.98171739035337e-29	0.292301706632553	0.971	0.862	5.96343478070674e-26
Rab11fip1	3.75570831346368e-29	0.385072659967778	0.703	0.655	7.51141662692737e-26
Pgk1	7.41214167228536e-29	0.40007797059933	0.974	0.956	1.48242833445707e-25
Cx3cr1	4.03857481924028e-28	0.338854434489111	0.808	0.7	8.07714963848055e-25
Gatm	5.10405562203468e-28	0.455654796628654	0.969	0.903	1.02081112440694e-24
Hck	9.97553864451529e-28	0.349291545602766	0.824	0.766	1.99510772890306e-24
Zfp36l1	1.17668431929593e-27	0.401042066396261	0.983	0.927	2.35336863859186e-24
Fgl2	1.92318341366325e-27	0.335442441111459	0.933	0.839	3.84636682732651e-24
Trf	2.03033992411296e-27	0.434923008156579	0.969	0.843	4.06067984822592e-24
Bcl2l11	3.4844948659286e-27	0.461789275362389	0.81	0.721	6.9689897318572e-24
Mcemp1	5.3817105725931e-27	0.517353191115579	0.644	0.622	1.07634211451862e-23
Rtp4	5.69905231494332e-27	0.444348569870837	0.796	0.746	1.13981046298866e-23
Cybb	1.81447438376764e-26	0.38508554448385	0.914	0.817	3.62894876753529e-23
Irf7	2.36117511650603e-26	0.381193045149727	0.796	0.772	4.72235023301206e-23
Hmox1	7.35152298210241e-26	0.451388886403496	0.888	0.794	1.47030459642048e-22
Klf2	1.04487127646902e-25	0.42505336253815	0.846	0.674	2.08974255293804e-22
Clcn5	3.42372008723295e-25	0.32283884674189	0.808	0.725	6.8474401744659e-22
Cpeb2	5.25316382581986e-25	0.523116246356423	0.691	0.674	1.05063276516397e-21
Fam107b	1.03092795845176e-24	0.35555789544305	0.774	0.652	2.06185591690351e-21
Lyst	3.3956224507312e-24	0.426245565646404	0.724	0.652	6.79124490146241e-21
Ap1b1	4.66891062145804e-24	0.272948674027672	0.924	0.82	9.33782124291608e-21
Ccl2	1.53124358324313e-23	0.543353068982088	0.919	0.861	3.06248716648626e-20
Cstb	2.11931182933449e-23	0.430354086879237	0.957	0.961	4.23862365866898e-20
Fpr1	2.93188802487018e-23	0.321506017015405	0.584	0.581	5.86377604974036e-20
Csf1	3.27204386949506e-23	0.668744219321609	0.67	0.614	6.54408773899013e-20
Zfp703	1.75305753678376e-22	0.396710550378002	0.879	0.777	3.50611507356751e-19
Gcnt1	5.8316798841331e-22	0.375158278843596	0.679	0.62	1.16633597682662e-18
Spp1	9.62191976302375e-22	0.536197443296765	0.729	0.702	1.92438395260475e-18
Malt1	1.06191111508764e-21	0.408297875455824	0.817	0.811	2.12382223017528e-18
Vegfa	1.97785386233285e-21	0.382863815003369	0.736	0.718	3.95570772466569e-18
Eno1	5.03685476880749e-21	0.308468146709946	0.988	0.97	1.0073709537615e-17
Itsn1	5.073023617942e-21	0.256768477391843	0.812	0.723	1.0146047235884e-17
Metrnl	5.75347833992505e-21	0.300795656277641	0.898	0.816	1.15069566798501e-17
Rel	7.89264422126547e-21	0.328620683646518	0.824	0.76	1.57852884425309e-17
Atf3	1.35138915324706e-20	0.375329504192916	0.888	0.745	2.70277830649413e-17
Dennd4a	2.17172552940622e-20	0.34955204945277	0.734	0.675	4.34345105881244e-17
Arrdc4	2.28189659483814e-20	0.364572815000614	0.781	0.74	4.56379318967628e-17
Ptgs1	2.9926980744011e-20	0.264188998090427	0.907	0.806	5.98539614880221e-17
Cd52	3.89070478356052e-20	0.264699729446487	1	0.951	7.78140956712103e-17
Igtp	4.1074649872313e-20	0.265739500000569	0.777	0.745	8.2149299744626e-17
Ctsc	5.92195290854577e-20	0.257131535973869	0.983	0.943	1.18439058170915e-16
Nfkbiz	9.63540346875366e-20	0.467747590979724	0.817	0.704	1.92708069375073e-16
Zfp622	7.82480932267534e-19	0.321963425966354	0.817	0.788	1.56496186453507e-15
Cpd	1.14924983120688e-18	0.295311369531738	0.808	0.707	2.29849966241376e-15
Cd38	1.58203892206927e-18	0.267925025125286	0.867	0.789	3.16407784413854e-15
Ccl3	2.8367877238632e-18	0.869959061255456	0.644	0.593	5.6735754477264e-15
Egln3	4.38039647578409e-18	0.364237975596073	0.591	0.562	8.76079295156817e-15
Runx1	6.08110808292056e-18	0.280604023142542	0.933	0.878	1.21622161658411e-14
Gpr84	6.95768512412277e-18	0.286762089615668	0.568	0.583	1.39153702482455e-14
Cd163	1.18614178022153e-17	0.53655628819674	0.67	0.642	2.37228356044306e-14
Egr1	1.35965203868924e-17	0.315225771966729	0.855	0.679	2.71930407737849e-14
Ap2m1	3.76472908387239e-17	0.301777055678105	0.971	0.933	7.52945816774478e-14
Sell	5.45479345353679e-17	0.440259840343243	0.66	0.683	1.09095869070736e-13
Bst1	9.1092566477165e-17	0.395267590988083	0.686	0.694	1.8218513295433e-13
Nabp1	1.27264847396144e-16	0.36115462035492	0.789	0.764	2.54529694792287e-13
Txnrd1	1.75369953598456e-16	0.409010250916127	0.85	0.815	3.50739907196911e-13
Gk	4.09706920583303e-16	0.367965731975506	0.572	0.572	8.19413841166605e-13
Gngt2	4.3208906191999e-16	0.276701801147389	0.857	0.796	8.64178123839981e-13
F10	7.459757397163e-16	0.369870174414682	0.724	0.755	1.4919514794326e-12
Gm21188	1.70125195907005e-15	0.288846518756094	0.748	0.774	3.4025039181401e-12
Gbp5	5.03679291551403e-15	0.384024939306174	0.724	0.705	1.00735858310281e-11
Tnf	5.96781339123036e-15	0.512232318373081	0.477	0.404	1.19356267824607e-11
Pglyrp1	6.79668837947455e-15	0.566202754932303	0.565	0.564	1.35933767589491e-11
Hbegf	1.80919034813021e-14	0.491940960902673	0.651	0.641	3.61838069626042e-11
Txn1	7.02768190813544e-14	0.318751411881828	0.99	0.98	1.40553638162709e-10
Cemip2	1.46262772332598e-13	0.25224255989004	0.751	0.772	2.92525544665195e-10
Fn1	6.33669951581351e-13	0.257971897854158	0.838	0.827	1.2673399031627e-09
E230032D23Rik	2.76768119232415e-10	0.32853071548647	0.575	0.659	5.5353623846483e-07
Dhrs9	1.02511738058414e-09	0.332105809824518	0.565	0.63	2.05023476116828e-06
Trim30b	2.15751139829889e-08	0.430524065596667	0.499	0.543	4.31502279659779e-05
Havcr2	3.51218303615083e-08	0.323677572103706	0.689	0.781	7.02436607230167e-05
Ero1l	1.20241982084312e-07	0.295700358061673	0.732	0.712	0.000240483964168624
Tnfaip3	1.28064466788382e-07	0.304487917473847	0.594	0.566	0.000256128933576764
Dgat2	1.45113527695189e-06	0.261539659559367	0.501	0.57	0.00290227055390378
