id	p_val	avg_log2FC	pct.1	pct.2	p_val_adj
Fabp4	8.79576295351501e-154	5.33506519323555	0.996	0.407	1.759152590703e-150
Cdh5	5.76752159715145e-153	3.75584859189312	0.996	0.497	1.15350431943029e-149
Ramp2	8.30554107929291e-150	3.16186457837125	0.992	0.359	1.66110821585858e-146
Igfbp7	1.80624419617109e-149	4.04370319043464	1	0.592	3.61248839234219e-146
Pecam1	9.09419243134702e-149	3.33319160530564	0.996	0.613	1.8188384862694e-145
Egfl7	1.00824121807866e-148	3.0982841383541	0.992	0.416	2.01648243615733e-145
Col15a1	2.17991233067667e-148	3.26314007585593	0.996	0.474	4.35982466135334e-145
Col4a1	2.32092178213399e-147	4.10318621364508	1	0.587	4.64184356426797e-144
Adgrf5	4.64844480112106e-147	2.73979827180526	0.988	0.403	9.29688960224213e-144
Cd93	4.49590851255089e-146	2.95966081973646	1	0.698	8.99181702510178e-143
Gng11	1.47266121782919e-145	3.06797072659726	0.996	0.609	2.94532243565837e-142
Col4a2	7.7265978492529e-145	3.48269931084318	1	0.498	1.54531956985058e-141
Flt1	2.50961545849414e-144	2.53465713066985	0.983	0.491	5.01923091698827e-141
Myct1	4.35454385029549e-144	2.48909458446126	0.979	0.355	8.70908770059098e-141
Ly6c1	7.11207724575491e-144	2.97471357122659	0.983	0.464	1.42241544915098e-140
Ptprb	3.22796105647263e-142	3.02412146130419	0.975	0.329	6.45592211294526e-139
Eng	3.89394979806246e-140	2.58977608361823	0.988	0.618	7.78789959612491e-137
Tmem252	2.15442335423836e-139	2.41202651859414	0.963	0.338	4.30884670847672e-136
Crip2	2.09682115287383e-138	2.43655912866741	0.992	0.555	4.19364230574765e-135
S1pr1	3.10785517478581e-138	2.3572106300913	0.983	0.305	6.21571034957162e-135
Cav1	4.18886209003982e-138	2.58342120954045	0.992	0.499	8.37772418007964e-135
Tm4sf1	1.78356460934249e-137	2.7224827452956	1	0.569	3.56712921868498e-134
Meox1	1.09207456371331e-136	1.43432644892267	0.963	0.418	2.18414912742661e-133
Cd36	4.85190821649349e-136	2.69254674624062	0.983	0.61	9.70381643298697e-133
Hspg2	8.66204592733018e-136	2.23138897518642	1	0.537	1.73240918546604e-132
Ecscr	1.10935801811545e-135	2.80493362978952	0.975	0.596	2.21871603623091e-132
Prex2	3.85906097543302e-134	2.20943731033897	0.971	0.352	7.71812195086604e-131
Esam	4.03999019739945e-134	2.45707849344552	0.963	0.438	8.0799803947989e-131
Rgcc	1.28760754623686e-133	2.80390239494059	0.988	0.561	2.57521509247371e-130
Vwf	1.69545832055589e-133	2.93490578481022	0.975	0.717	3.39091664111179e-130
Emcn	2.28016318829538e-133	2.18297127906931	0.958	0.279	4.56032637659076e-130
Plvap	1.00524372837365e-132	4.20581595294272	0.963	0.358	2.0104874567473e-129
Sparcl1	1.48837802586166e-132	2.73119326689042	1	0.43	2.97675605172332e-129
Tcf4	4.1047818904074e-132	2.19379273242565	0.996	0.762	8.20956378081479e-129
Cd34	2.28933361671755e-131	2.49443898068819	0.979	0.533	4.5786672334351e-128
Mgll	3.28988811561519e-131	2.14512642244324	0.975	0.468	6.57977623123037e-128
Sptbn1	1.61383190620188e-130	2.17475817202465	0.996	0.824	3.22766381240376e-127
Epas1	5.81782667038033e-129	2.26407648195904	0.971	0.426	1.16356533407607e-125
Cd200	5.79921932978537e-128	2.12991799012442	0.988	0.524	1.15984386595707e-124
Tspan18	5.22200281948896e-127	1.18203820926315	0.971	0.477	1.04440056389779e-123
Podxl	7.13825715547896e-127	2.44787343742757	0.954	0.38	1.42765143109579e-123
Pcdh1	5.46357006340323e-125	1.57341787086726	0.954	0.461	1.09271401268065e-121
Pdlim1	9.15048045572991e-125	2.16063358147652	0.983	0.57	1.83009609114598e-121
Trp53i11	1.50076658461194e-123	1.7699724328212	0.954	0.368	3.00153316922388e-120
Vwa1	3.12526097989267e-123	1.81863177983578	0.963	0.387	6.25052195978534e-120
Cavin3	5.29141811830518e-123	2.25563904478897	0.992	0.59	1.05828362366104e-119
Aplnr	9.93577100072939e-123	2.17794350300658	0.933	0.377	1.98715420014588e-119
Ets1	1.74341462754444e-122	2.20980753583943	0.988	0.574	3.48682925508888e-119
Tek	1.02840956588897e-120	1.75395777001357	0.933	0.363	2.05681913177794e-117
Pdgfb	1.06899531174085e-120	2.02284542863951	0.971	0.41	2.1379906234817e-117
Mmrn2	1.57924644337642e-120	1.94284546289828	0.933	0.243	3.15849288675284e-117
Slc9a3r2	8.68834786391196e-120	2.16034367229265	0.95	0.432	1.73766957278239e-116
Spns2	4.89822640202781e-119	1.30907286707702	0.95	0.518	9.79645280405562e-116
Exoc3l4	1.00435466221949e-117	0.827694061986259	0.954	0.639	2.00870932443898e-114
Rflnb	1.57222048586956e-117	2.3786429936006	0.95	0.521	3.14444097173913e-114
Grrp1	6.43577106987343e-117	1.96698782361894	0.9	0.242	1.28715421397469e-113
Cdh13	1.32224939091523e-116	2.02384575761679	0.925	0.325	2.64449878183045e-113
Kdr	6.19371566666303e-116	2.19900987923875	0.933	0.39	1.23874313333261e-112
Cavin2	2.95989573718816e-115	2.04625650041911	0.954	0.507	5.91979147437632e-112
Sparc	4.26829671303125e-115	2.3983336829169	1	0.675	8.5365934260625e-112
2200002D01Rik	2.58555090932988e-114	1.76081975648373	0.942	0.52	5.17110181865976e-111
Cd81	7.34323231966327e-114	1.65866776466557	0.996	0.851	1.46864646393265e-110
Lamb1	1.66447490266385e-113	1.51600945081867	0.996	0.528	3.3289498053277e-110
Chst1	2.02076978519417e-113	0.388984404234014	0.929	0.541	4.04153957038835e-110
Ebf1	7.26064060942005e-113	1.93664704424115	0.938	0.334	1.45212812188401e-109
Pxdn	5.69306397757347e-112	1.63692763588593	0.958	0.448	1.13861279551469e-108
Nfib	8.51944426068722e-112	1.77968971731478	0.992	0.606	1.70388885213744e-108
Flnb	1.81402681052954e-111	1.52577100939875	0.983	0.552	3.62805362105908e-108
Ly6a	3.75604861546542e-111	1.95408302457292	0.992	0.77	7.51209723093085e-108
Ehd2	1.11899556314149e-109	2.04627884042363	0.942	0.531	2.23799112628297e-106
Rasip1	1.43316700226734e-109	1.89376017503	0.917	0.459	2.86633400453467e-106
Tmem255b	2.20959566958289e-109	1.26704270132914	0.908	0.421	4.41919133916578e-106
Gm32688	1.27513398400253e-107	1.09639030717502	0.883	0.281	2.55026796800507e-104
Fam167b	1.12549755337527e-106	0.602734137455511	0.921	0.617	2.25099510675054e-103
Jam2	2.11542990292627e-106	1.63191113803983	0.921	0.37	4.23085980585254e-103
Serpine1	5.61936514627415e-106	0.81246018409367	0.954	0.557	1.12387302925483e-102
Sox17	9.77608418857823e-106	2.17395562643921	0.904	0.32	1.95521683771565e-102
Emp1	1.61049633077774e-104	1.69543961710991	0.971	0.651	3.22099266155548e-101
Prnp	1.98295875734615e-104	2.03690494358471	0.996	0.624	3.96591751469229e-101
Mall	2.08581505158601e-104	1.00588750158992	0.887	0.358	4.17163010317202e-101
S100a16	1.4658576466636e-103	1.57245135338271	0.954	0.66	2.9317152933272e-100
Ltbp4	1.91451170696926e-103	1.79297756321137	0.938	0.489	3.82902341393852e-100
Cavin1	6.66338441804606e-102	1.63695963434881	0.958	0.539	1.33267688360921e-98
C1qtnf9	8.09248495896775e-102	1.6573616757831	0.892	0.291	1.61849699179355e-98
Cxcl12	3.14404821469327e-101	2.83672713505009	0.917	0.418	6.28809642938654e-98
Scarb1	1.13260908275068e-100	2.13766141398925	0.925	0.585	2.26521816550135e-97
Nid1	1.14014643132838e-100	1.4228650113044	0.979	0.487	2.28029286265676e-97
Plxnd1	1.49376781065685e-100	1.67312468738334	0.967	0.743	2.9875356213137e-97
Sept4	2.52572810193637e-100	1.83794212042549	0.9	0.392	5.05145620387273e-97
Lrg1	3.59091862736074e-100	2.31407672509064	0.933	0.642	7.18183725472148e-97
Lama4	1.64507880228276e-99	1.31788636662293	0.967	0.559	3.29015760456551e-96
Ctla2a	4.47554837842189e-99	2.0992119139849	0.942	0.64	8.95109675684378e-96
Ppic	6.9922793309042e-99	1.37349456589006	0.971	0.61	1.39845586618084e-95
Ddah2	2.30447937057774e-97	1.35958282158702	0.942	0.527	4.60895874115548e-94
Adgrl4	6.41362048357822e-97	1.80200349716122	0.887	0.281	1.28272409671564e-93
Snai1	1.22087872218781e-96	0.345629751645666	0.917	0.534	2.44175744437561e-93
Nrep	1.79596031696925e-96	1.03473554605733	0.933	0.631	3.59192063393851e-93
Anxa3	3.64722793328399e-96	1.65925170622425	0.983	0.769	7.29445586656799e-93
Tjp1	2.33482635535006e-95	1.67530688200829	0.917	0.471	4.66965271070012e-92
Cd9	6.21565188129117e-95	1.59411757662623	0.992	0.798	1.24313037625823e-91
Fermt2	2.29647034828403e-94	1.42296587255667	0.954	0.586	4.59294069656805e-91
Itga6	2.39959678576488e-94	1.63443982147245	0.917	0.592	4.79919357152977e-91
Dpysl3	4.07503663754867e-93	1.23132619511864	0.954	0.614	8.15007327509734e-90
Ece1	4.89018911058703e-93	1.59627454231774	0.925	0.671	9.78037822117406e-90
Nedd4	1.68175698766686e-92	1.63082892877527	0.992	0.657	3.36351397533372e-89
Tinagl1	7.19650211728151e-92	1.72441916240131	0.879	0.325	1.4393004234563e-88
Mcam	2.40814829892192e-91	1.28971181372429	0.892	0.393	4.81629659784385e-88
Afdn	3.2988297796251e-90	1.77028661613677	0.908	0.678	6.5976595592502e-87
Eml1	5.51012379842748e-90	0.670442505784661	0.917	0.488	1.1020247596855e-86
Id3	6.09917427577649e-90	2.06996755555061	0.938	0.649	1.2198348551553e-86
Sdcbp2	3.31124716035454e-89	0.295227604191222	0.875	0.469	6.62249432070909e-86
Icam2	6.49281478253333e-89	1.61760030194109	0.883	0.615	1.29856295650667e-85
Kit	1.45450939789401e-88	0.685340561696508	0.917	0.411	2.90901879578802e-85
Col18a1	3.18618111003524e-88	1.00784280411743	0.946	0.47	6.37236222007048e-85
Akap12	7.23001540631534e-88	1.30743347425602	0.938	0.58	1.44600308126307e-84
Bcr	8.69721039553318e-87	1.67134147858374	0.929	0.554	1.73944207910664e-83
Rhoc	3.79482514669447e-85	1.52814865511288	0.975	0.719	7.58965029338895e-82
Dysf	4.29785726956036e-85	1.0480554431633	0.871	0.428	8.59571453912072e-82
Spata7	1.24876085329874e-84	0.424484612472248	0.908	0.477	2.49752170659748e-81
Bambi	6.2785291387652e-84	0.582949458727034	0.912	0.488	1.25570582775304e-80
Heg1	1.85599601830482e-83	1.3510680303536	0.946	0.565	3.71199203660963e-80
Sgip1	5.10808555461551e-83	0.267921573582689	0.871	0.539	1.0216171109231e-79
Serpinh1	5.28095322959987e-83	1.33822646103532	0.992	0.611	1.05619064591997e-79
Tshz2	1.40186637154309e-82	1.45636844926622	0.942	0.563	2.80373274308618e-79
Pls3	2.86250506394656e-82	1.4980942647239	0.892	0.569	5.72501012789312e-79
Pcdh17	6.5512219705023e-82	1.45232578492373	0.871	0.389	1.31024439410046e-78
Sox18	1.0918242044637e-81	1.69033661506506	0.854	0.306	2.1836484089274e-78
Tspan13	5.60426512013743e-81	1.31067761711828	0.946	0.703	1.12085302402749e-77
Tcim	6.01679053182522e-81	1.84108580266707	0.867	0.391	1.20335810636504e-77
Wwtr1	7.96425275881871e-81	1.44086885105978	0.9	0.594	1.59285055176374e-77
Tmem158	9.0216105823992e-81	0.259795695852041	0.887	0.553	1.80432211647984e-77
Enc1	9.39976937006849e-81	0.352103544169082	0.921	0.592	1.8799538740137e-77
Plpp3	2.81361592041604e-80	1.71671690582645	0.887	0.492	5.62723184083209e-77
Cyyr1	5.76535424027781e-80	1.33473423616717	0.846	0.33	1.15307084805556e-76
Cd151	6.11415567371772e-80	1.27621183099114	0.925	0.663	1.22283113474354e-76
Fkbp10	1.41382410540572e-79	0.454636802899209	0.938	0.466	2.82764821081145e-76
Myo1b	1.49718678932321e-79	1.21933378098054	0.875	0.476	2.99437357864642e-76
Sema6a	8.07882655839942e-79	1.29647442192169	0.871	0.441	1.61576531167988e-75
Robo4	1.57591674011604e-78	1.42698940160604	0.842	0.213	3.15183348023208e-75
Gm42418	3.32688163336646e-77	0.938813461274941	1	1	6.65376326673292e-74
Clca3a1	5.01356092778061e-77	0.659978312655931	0.846	0.461	1.00271218555612e-73
Mxra7	1.04740160334286e-76	0.876791120661364	0.942	0.588	2.09480320668573e-73
Uaca	2.08548547256151e-76	1.34669147207846	0.871	0.488	4.17097094512302e-73
Cav2	5.18135650300426e-76	1.38099139894092	0.863	0.438	1.03627130060085e-72
Ablim1	7.27658922447786e-76	1.19635730727528	0.908	0.491	1.45531784489557e-72
Cobll1	1.91250037838925e-75	0.402607813329017	0.946	0.473	3.8250007567785e-72
Aqp1	2.02784223521786e-75	3.63889646476406	0.846	0.421	4.05568447043573e-72
Sorbs2	7.22085911690754e-75	1.40368599250055	0.854	0.413	1.44417182338151e-71
Arhgap29	7.50107776707238e-75	1.33449509349432	0.925	0.55	1.50021555341448e-71
Dst	1.50875410665263e-74	1.33563200083723	0.933	0.752	3.01750821330525e-71
Csrp2	8.20742857697669e-74	1.29705144089159	0.958	0.725	1.64148571539534e-70
Lrrc32	1.22932173229804e-73	0.87821923022983	0.829	0.376	2.45864346459607e-70
Dapk2	2.60016346197012e-73	0.421476539241628	0.875	0.476	5.20032692394024e-70
Vim	2.88677117070501e-73	1.32134277222813	1	0.987	5.77354234141003e-70
Bmp1	6.54363250697254e-73	0.342794620319748	0.938	0.477	1.30872650139451e-69
Fscn1	1.71906987565375e-72	1.31728145852368	0.879	0.407	3.43813975130751e-69
Itga1	1.83429234538064e-72	1.32529647733709	0.904	0.56	3.66858469076127e-69
Rtl8a	3.9874573894716e-71	1.22718929499746	0.9	0.543	7.9749147789432e-68
Actn1	4.77084420847952e-70	1.17822202342823	0.963	0.676	9.54168841695905e-67
Itgb4	6.06612902323201e-70	0.804592387857099	0.863	0.489	1.2132258046464e-66
Dbn1	6.30658059017043e-70	0.450643366209591	0.9	0.564	1.26131611803409e-66
Limch1	1.01685963859608e-68	1.1298638854387	0.846	0.349	2.03371927719217e-65
Pmepa1	1.11651753848296e-68	1.31222091845272	0.975	0.82	2.23303507696591e-65
Tspan7	1.47212391814348e-68	1.34376768075873	0.829	0.457	2.94424783628697e-65
Tcf15	1.58619705213031e-68	1.46165449558924	0.804	0.319	3.17239410426063e-65
Myo10	2.88217603533956e-68	1.47735785546109	0.85	0.517	5.76435207067911e-65
Ednrb	6.56394901364715e-68	0.686136190497713	0.929	0.717	1.31278980272943e-64
Unc45b	2.45559157598441e-67	0.769236447043116	0.825	0.343	4.91118315196882e-64
Gpihbp1	1.09870707262002e-66	2.53512474728426	0.808	0.314	2.19741414524005e-63
Rasgrp3	1.90638355081908e-66	1.2730579269618	0.846	0.541	3.81276710163817e-63
Rai14	2.18276006827363e-66	0.927629899683339	0.912	0.631	4.36552013654725e-63
Calcrl	2.23151635138513e-66	1.23637344048328	0.871	0.552	4.46303270277026e-63
Mest	2.28842141121223e-66	0.627460736918979	0.817	0.37	4.57684282242446e-63
Fzd4	2.82540450520837e-66	1.08688100438386	0.854	0.505	5.65080901041674e-63
Lmna	8.5874926807475e-66	1.14321247635765	0.988	0.824	1.7174985361495e-62
Tie1	1.05771669431487e-65	1.47456003983894	0.812	0.336	2.11543338862974e-62
F11r	1.06819938738968e-65	1.38667177555384	0.892	0.664	2.13639877477936e-62
Dcbld1	1.14474360492483e-65	0.745589149729009	0.8	0.309	2.28948720984967e-62
Fam43a	1.16992822899659e-65	1.41785916782733	0.838	0.47	2.33985645799317e-62
Fkbp7	2.03873096446669e-65	0.562188157973017	0.946	0.546	4.07746192893339e-62
Spsb1	2.20876311265917e-65	0.417206775848231	0.946	0.658	4.41752622531835e-62
Bgn	8.84880826602028e-65	0.589236776498149	0.933	0.589	1.76976165320406e-61
Id1	2.17820533482432e-64	1.86056822189247	0.833	0.546	4.35641066964864e-61
Clec14a	1.14450523714053e-63	1.18859143014099	0.8	0.245	2.28901047428106e-60
Bpgm	8.39051263406867e-63	0.258103584956275	0.904	0.506	1.67810252681373e-59
Prss23	1.34771713776868e-62	1.22906663170653	0.883	0.541	2.69543427553735e-59
Mecom	2.81069206225278e-61	1.4209960396381	0.792	0.177	5.62138412450557e-58
Thbd	3.10088768412966e-61	1.34043351772347	0.858	0.575	6.20177536825932e-58
Dock9	2.95488752387767e-60	1.21671069571893	0.804	0.416	5.90977504775534e-57
Postn	5.14086649686865e-60	0.431795806691843	0.896	0.557	1.02817329937373e-56
Entpd1	1.63630530619864e-59	1.53784567240424	0.883	0.674	3.27261061239729e-56
Gngt2	2.07058964511184e-59	1.21016722141435	0.979	0.794	4.14117929022367e-56
Palmd	3.62270782142908e-59	1.13079684843734	0.829	0.508	7.24541564285816e-56
Ushbp1	1.37323154749525e-58	0.969415386330108	0.771	0.223	2.7464630949905e-55
Selenom	2.89546957552014e-58	0.98808229662015	0.958	0.723	5.79093915104027e-55
Crim1	4.12811461312633e-58	1.28403166317763	0.858	0.542	8.25622922625266e-55
Rbpms	4.17740431154607e-58	1.07307263825912	0.917	0.654	8.35480862309215e-55
Abcb1a	6.12068518381437e-58	1.13967368533487	0.812	0.518	1.22413703676287e-54
Nectin3	2.86532266579463e-57	0.453320228374769	0.833	0.431	5.73064533158927e-54
Fbln2	1.39282667107586e-56	1.39845241280924	0.838	0.548	2.78565334215172e-53
Ptprg	1.91003274824868e-56	1.3304775081867	0.792	0.355	3.82006549649737e-53
Gclc	1.67314495276389e-55	0.395129122129433	0.908	0.552	3.34628990552777e-52
Mast4	1.67833836913841e-55	1.46080556577004	0.833	0.567	3.35667673827681e-52
Bmp4	2.43689922336511e-55	0.824746343920267	0.808	0.384	4.87379844673022e-52
Lims2	2.66823721328908e-55	1.03567385538441	0.787	0.314	5.33647442657817e-52
Asns	2.92249363311304e-55	0.277411047647768	0.879	0.551	5.84498726622607e-52
Klf2	1.00259456736911e-54	2.02780824156777	0.921	0.675	2.00518913473821e-51
Sfrp1	2.52209191813115e-54	0.369603687094722	0.896	0.447	5.04418383626231e-51
Gimap1	3.33325050787747e-54	0.935014986950412	0.867	0.607	6.66650101575495e-51
Timp3	3.63111390740096e-54	1.13293833344129	0.863	0.489	7.26222781480191e-51
Ddit4	3.83315290699695e-54	0.662897323821581	0.921	0.655	7.6663058139939e-51
Nfia	8.62589766594877e-54	0.95768843905338	0.933	0.574	1.72517953318975e-50
Nes	6.60690079933902e-53	1.06611241713451	0.804	0.48	1.3213801598678e-49
Gna11	1.32813061251802e-52	0.983392845881946	0.85	0.562	2.65626122503603e-49
Tns1	2.77084483108109e-52	1.1380751149328	0.846	0.511	5.54168966216218e-49
Zbtb20	1.03279626975869e-51	1.06578241377388	0.921	0.669	2.06559253951738e-48
Cldn5	1.27216866795225e-51	1.75664945024059	0.758	0.308	2.5443373359045e-48
Csrp1	1.50648146113491e-51	1.05269129916873	0.883	0.674	3.01296292226982e-48
Plcb1	1.82749260508921e-51	1.21506888464251	0.842	0.671	3.65498521017841e-48
Cd300lg	5.39000727545641e-51	1.333796903254	0.771	0.522	1.07800145509128e-47
Gimap6	4.86877149056209e-50	1.03233138185312	0.829	0.466	9.73754298112418e-47
Kitl	5.4953773297557e-50	0.92133598521723	0.846	0.526	1.09907546595114e-46
Slco2b1	8.99743205975868e-50	0.472354619552937	0.875	0.478	1.79948641195174e-46
Htra1	1.47030598718307e-49	0.346065270874924	0.846	0.437	2.94061197436613e-46
Itpkb	1.5963303422797e-48	1.06375699981657	0.912	0.719	3.19266068455941e-45
Fstl1	1.84341953886669e-48	0.521899961177536	0.929	0.626	3.68683907773338e-45
Dlc1	3.35749598263033e-48	1.09232699397385	0.804	0.39	6.71499196526067e-45
Hspb1	1.26916505229332e-47	0.687983736107177	0.9	0.632	2.53833010458663e-44
Hoxb5	2.96710370015127e-47	0.505842574512445	0.767	0.389	5.93420740030254e-44
Pgm5	1.308018668357e-46	0.350644472109509	0.754	0.388	2.61603733671399e-43
Tril	1.55015685493305e-46	0.334064211915499	0.742	0.244	3.1003137098661e-43
Tead1	2.99586756349083e-46	0.433144093042687	0.879	0.577	5.99173512698167e-43
Lama5	7.58209328859536e-46	0.410639816650204	0.796	0.507	1.51641865771907e-42
Rcan1	8.22849166719505e-46	0.843590068097219	0.829	0.571	1.64569833343901e-42
Plcb4	1.63214323118019e-45	1.16748134705705	0.779	0.503	3.26428646236038e-42
Ccnd1	1.06568427768971e-44	1.22351733776301	0.846	0.623	2.13136855537942e-41
Clic4	1.19212903965447e-44	1.01755766018803	0.95	0.817	2.38425807930894e-41
Abca1	3.15194747783785e-44	1.04476652017695	0.933	0.726	6.3038949556757e-41
Chst2	4.20563287301703e-44	0.321317330100622	0.758	0.351	8.41126574603406e-41
Parva	4.29224439626444e-44	0.499956355750779	0.896	0.571	8.58448879252887e-41
Edn1	5.49854322146727e-44	2.07667901897986	0.742	0.391	1.09970864429345e-40
Mcf2l	3.9894732709246e-43	1.01453330514773	0.758	0.516	7.9789465418492e-40
Adarb1	9.56424614851168e-43	0.620611635106685	0.771	0.535	1.91284922970234e-39
Ccdc85a	1.05321850600099e-42	0.795978241927172	0.742	0.317	2.10643701200197e-39
Nrp2	1.88235852535276e-42	0.965381873464785	0.963	0.782	3.76471705070551e-39
Tuba1a	2.23178296259432e-42	1.02141844019587	0.975	0.86	4.46356592518863e-39
Selp	2.48903640762241e-42	0.319283114500492	0.221	0.532	4.97807281524481e-39
Ace	2.51764764947198e-42	1.31695167156239	0.742	0.393	5.03529529894396e-39
Rhob	4.63202130920338e-42	1.32433735820755	0.958	0.76	9.26404261840676e-39
Meox2	6.43642248165738e-42	0.963801596933391	0.725	0.256	1.28728449633148e-38
Procr	8.62323602960896e-42	0.470249931170471	0.8	0.571	1.72464720592179e-38
Bmpr2	8.71349588191783e-42	0.910165224983027	0.858	0.701	1.74269917638357e-38
Scd2	1.60037985433427e-41	0.83049860426917	0.896	0.537	3.20075970866854e-38
Gimap5	2.33023106295974e-41	0.748682277834541	0.817	0.584	4.66046212591949e-38
Spint2	3.52565694157754e-41	0.501552853628955	0.887	0.571	7.05131388315508e-38
Slc12a2	4.9940848264367e-41	0.32654890744327	0.85	0.447	9.98816965287339e-38
Mboat2	1.53633402268086e-40	0.332183575423833	0.738	0.316	3.07266804536172e-37
Nckap1	1.77439160089964e-40	0.816036203982389	0.842	0.585	3.54878320179928e-37
Fkbp11	4.80113268892184e-40	0.387131557513233	0.858	0.55	9.60226537784369e-37
Lmo7	1.04312763535394e-39	0.82885986338775	0.754	0.466	2.08625527070788e-36
Hes1	4.73770479524634e-39	1.3554082723353	0.792	0.523	9.47540959049267e-36
Tsc22d1	8.52465632982254e-39	1.15073677875534	0.842	0.643	1.70493126596451e-35
Rhoj	9.25952411567391e-39	1.01119457147282	0.796	0.55	1.85190482313478e-35
Plec	1.09988350903551e-38	0.856725781739834	0.933	0.794	2.19976701807103e-35
Erg	1.23324218216614e-38	0.862013373923047	0.729	0.365	2.46648436433228e-35
Selenoh	2.06883502223688e-38	0.637606503021367	0.958	0.857	4.13767004447376e-35
She	1.37185930465185e-37	0.969384846071959	0.717	0.323	2.74371860930371e-34
Thbs1	2.57004068043534e-37	1.13974949616622	0.983	0.839	5.14008136087068e-34
Vcl	6.48977801242616e-37	0.9446890482978	0.817	0.599	1.29795560248523e-33
Nos2	1.24909068069709e-36	0.350354925533747	0.767	0.607	2.49818136139418e-33
Lmcd1	6.73308503973439e-36	1.03173627328098	0.733	0.523	1.34661700794688e-32
Ppfibp1	1.9629081925095e-35	0.830937542503241	0.842	0.673	3.925816385019e-32
Tubb5	2.43932858655299e-35	0.770635658687806	0.996	0.96	4.87865717310598e-32
Nav2	2.52364490884366e-35	0.390224957364734	0.808	0.543	5.04728981768733e-32
Dstn	6.42815866489454e-35	0.828195426337851	0.983	0.865	1.28563173297891e-31
Maged1	7.71271937692635e-35	0.299674273052714	0.929	0.627	1.54254387538527e-31
Serpinb6a	9.04838321286675e-35	0.731538525804643	0.887	0.781	1.80967664257335e-31
Asah2	1.33302614110518e-34	0.299509734391721	0.775	0.497	2.66605228221035e-31
Sostdc1	1.6677989994757e-34	0.697207205797662	0.65	0.284	3.3355979989514e-31
Tgfb1i1	2.1509667861286e-34	0.533990960542807	0.796	0.537	4.30193357225721e-31
Jcad	3.91409592949764e-34	0.987654510069846	0.725	0.505	7.82819185899528e-31
Cdc42ep1	5.18991857474263e-34	0.791410745126908	0.738	0.4	1.03798371494853e-30
Rbfox2	6.35612696719146e-34	0.456955395846308	0.833	0.566	1.27122539343829e-30
Pkd2	1.75495998653874e-33	0.607270098210833	0.858	0.578	3.50991997307748e-30
Tspan15	5.8305521456386e-33	0.596264038672428	0.733	0.41	1.16611042912772e-29
Il6st	1.12655341457318e-32	0.729049837590982	0.9	0.689	2.25310682914636e-29
Apold1	1.28827359999629e-32	1.65859106683213	0.7	0.331	2.57654719999258e-29
Adm	1.44598427657494e-32	0.332040984319482	0.692	0.273	2.89196855314987e-29
Mef2c	2.99790502071202e-32	0.614599430377839	0.912	0.772	5.99581004142405e-29
Phf11d	4.91579478661641e-32	0.571984964211236	0.85	0.607	9.83158957323282e-29
Myzap	9.87976147172718e-32	0.568916181134368	0.7	0.448	1.97595229434544e-28
Gadd45g	2.613128957071e-31	1.13450830127308	0.896	0.708	5.22625791414199e-28
Npdc1	7.99708738169732e-31	0.70473595863973	0.8	0.511	1.59941747633946e-27
Plpp1	1.01503553923934e-30	0.757990605899048	0.804	0.591	2.03007107847868e-27
Adgrl2	1.14232723640117e-30	0.915437623768721	0.733	0.553	2.28465447280234e-27
Adamts9	2.11846459765663e-30	0.526583583556083	0.733	0.454	4.23692919531327e-27
Slfn5	3.56622788116628e-30	0.909701632274413	0.871	0.736	7.13245576233257e-27
Nrp1	1.38010646578103e-29	0.734308371960322	0.875	0.759	2.76021293156206e-26
Bcam	4.21711554756493e-29	0.806513898348472	0.754	0.533	8.43423109512986e-26
Fgd5	7.87004652136156e-29	0.989217316053328	0.704	0.41	1.57400930427231e-25
Tgfbr3	1.21983662009578e-28	0.642113985502969	0.775	0.609	2.43967324019156e-25
Tmem123	1.55002452703043e-28	0.691833026130574	0.938	0.712	3.10004905406087e-25
Sgk1	3.14262915052294e-28	0.870246725281667	0.854	0.65	6.28525830104589e-25
Vcam1	3.32554272602549e-28	0.535061816578077	0.908	0.654	6.65108545205098e-25
Clic5	3.43168095236262e-28	0.95646373635708	0.683	0.373	6.86336190472523e-25
Ier5l	7.2401433112717e-28	0.881730239846643	0.738	0.543	1.44802866225434e-24
Pdzd2	2.19941258995137e-27	0.920332722785697	0.725	0.521	4.39882517990275e-24
Bcl6b	2.5706183916378e-27	0.66825341958979	0.675	0.286	5.14123678327559e-24
Gimap4	2.67017998648804e-27	0.572195965727487	0.771	0.531	5.34035997297609e-24
Cd59a	9.38017316773634e-27	0.782291932155144	0.746	0.605	1.87603463354727e-23
Tspan9	9.74964882632333e-27	0.861914260600766	0.688	0.382	1.94992976526467e-23
S100a11	1.36355306725655e-26	0.537636270596762	0.996	0.971	2.7271061345131e-23
Clu	1.67994426064131e-26	0.793849941653874	0.796	0.582	3.35988852128263e-23
Prdm1	1.94138350149758e-26	0.280283862631664	0.833	0.577	3.88276700299516e-23
Txnrd1	2.49652398365813e-26	0.6170210280729	0.979	0.813	4.99304796731625e-23
Ifitm3	4.40635587834743e-26	0.464609778479508	1	0.954	8.81271175669487e-23
Nkx2-3	9.30705777703243e-26	0.726608895808161	0.717	0.449	1.86141155540649e-22
Tspan6	1.69558525364322e-25	0.683388294733453	0.688	0.384	3.39117050728643e-22
Ryk	2.12848931274306e-25	0.534496986219595	0.787	0.569	4.25697862548613e-22
Cpd	9.64610850479866e-25	0.775102922658707	0.796	0.709	1.92922170095973e-21
Cdh19	1.46522306168743e-24	0.26274751368103	0.662	0.344	2.93044612337485e-21
Bst2	1.51293088095236e-24	0.839388370588776	0.954	0.943	3.02586176190472e-21
Car8	2.62238016435252e-24	0.591001327967742	0.675	0.427	5.24476032870503e-21
Rapgef5	3.5586308107872e-24	0.807580551833614	0.721	0.613	7.1172616215744e-21
Ptgfrn	6.43190519531033e-24	0.337465851711276	0.783	0.524	1.28638103906207e-20
Rcn1	1.02159868359458e-23	0.298293460632003	0.879	0.667	2.04319736718915e-20
Tbx3	1.25178998355374e-23	0.44525279471252	0.692	0.437	2.50357996710747e-20
Sox7	1.31451292888503e-23	0.945162630741628	0.654	0.221	2.62902585777006e-20
Synm	2.82216268798682e-23	0.472556004282189	0.671	0.395	5.64432537597364e-20
Rtl8b	4.70124238301528e-23	0.661433105354291	0.738	0.519	9.40248476603056e-20
Gabarapl1	6.36510376965297e-23	0.480631721910772	0.85	0.568	1.27302075393059e-19
Fhl1	1.55783906651743e-22	0.767870244183493	0.675	0.441	3.11567813303486e-19
Pim3	1.68324070142746e-22	0.806484371552234	0.804	0.681	3.36648140285491e-19
Plk2	3.07493567553169e-22	0.97896702121356	0.8	0.725	6.14987135106339e-19
Tceal9	4.90090280156117e-22	0.492787892283456	0.963	0.823	9.80180560312233e-19
Anxa2	6.25827236714532e-22	0.599778937976121	0.992	0.961	1.25165447342906e-18
Atxn1	7.01946101803176e-22	0.603182796816804	0.846	0.625	1.40389220360635e-18
Lamc1	1.38566968197007e-21	0.574368343806365	0.787	0.596	2.77133936394015e-18
Gimap9	2.26933521684929e-21	0.341304258647025	0.75	0.555	4.53867043369858e-18
H2afv	4.93558582974266e-21	0.525720935026836	0.904	0.78	9.87117165948532e-18
Adam15	9.24806720046651e-21	0.686702021263723	0.796	0.758	1.8496134400933e-17
Upp1	1.40522450565715e-20	0.444925416921181	0.783	0.677	2.8104490113143e-17
Lgi4	1.76704729028006e-20	0.388183312509472	0.667	0.438	3.53409458056012e-17
Marc2	2.15990492772975e-20	0.550596751561096	0.871	0.844	4.3198098554595e-17
Arhgef12	2.22941120549636e-20	0.510973461528211	0.792	0.615	4.45882241099273e-17
Apod	3.36624150875091e-20	0.283510115446314	0.704	0.372	6.73248301750183e-17
Scgb3a1	3.88598244621494e-20	1.10872587438077	0.642	0.342	7.77196489242988e-17
Epn2	5.98091337331241e-20	0.709571465015221	0.675	0.447	1.19618267466248e-16
Smtn	9.83929584347311e-20	0.491638182508723	0.679	0.405	1.96785916869462e-16
Lztfl1	3.57034132358898e-19	0.378842109246954	0.9	0.744	7.14068264717796e-16
Pkp4	3.59309878654123e-19	0.675833621394482	0.708	0.539	7.18619757308246e-16
Ifi44	3.62914763248549e-19	0.361978196918715	0.887	0.8	7.25829526497097e-16
Ablim3	3.90717635277431e-19	0.684891511189784	0.637	0.32	7.81435270554862e-16
Nenf	3.91031994889843e-19	0.467201414289135	0.95	0.842	7.82063989779686e-16
Pdgfa	5.23075576343613e-19	0.350879920207615	0.904	0.671	1.04615115268723e-15
Fbln5	9.95934603339462e-19	0.663040905666359	0.662	0.347	1.99186920667892e-15
Tmem204	2.17941227095561e-18	0.696070101809457	0.65	0.407	4.35882454191123e-15
Phldb2	2.19074782330705e-18	0.49223616698469	0.704	0.536	4.3814956466141e-15
Cnn3	2.93072985093443e-18	0.50162554161147	0.783	0.675	5.86145970186886e-15
Sorbs3	5.89829776772494e-18	0.398954104628297	0.721	0.548	1.17965955354499e-14
Dusp6	6.46076042166368e-18	0.47235091348481	0.833	0.639	1.29215208433274e-14
Fyn	1.24306475928831e-17	0.421210615222293	0.9	0.778	2.48612951857662e-14
Trim47	2.23474068033701e-17	0.639653915368437	0.708	0.568	4.46948136067403e-14
Ccn2	3.00393694963563e-17	0.802185769887299	0.642	0.362	6.00787389927126e-14
Cdkn1c	4.16353789959236e-17	0.721471738420665	0.658	0.485	8.32707579918472e-14
Adam23	4.91960876980104e-17	0.256762047625756	0.821	0.544	9.83921753960208e-14
Slc43a3	9.34750660256209e-17	0.533892150765219	0.721	0.562	1.86950132051242e-13
Efnb2	1.60078361738124e-16	0.866835324450963	0.658	0.52	3.20156723476248e-13
Igf2r	2.56624054728556e-16	0.463079396068343	0.779	0.632	5.13248109457111e-13
Gcnt2	4.15915912716186e-16	0.503205077967628	0.896	0.78	8.31831825432372e-13
Stmn1	4.195103052735e-16	0.278960560873401	0.942	0.799	8.39020610547e-13
Acox1	8.86308055086418e-16	0.317877084647044	0.808	0.587	1.77261611017284e-12
Tmem263	1.39618939233922e-15	0.300767457448612	0.767	0.645	2.79237878467843e-12
Osmr	1.55331272538231e-15	0.809562011712661	0.675	0.532	3.10662545076462e-12
Pfkfb3	2.85813459747067e-15	0.329721166893397	0.887	0.662	5.71626919494134e-12
Kcna1	2.93714845416648e-15	0.516054860612679	0.671	0.389	5.87429690833295e-12
Tubb4b	5.56091519001196e-15	0.643979472103986	0.85	0.836	1.11218303800239e-11
Tnfsf10	7.3690162432421e-15	0.74451809275537	0.65	0.523	1.47380324864842e-11
Klf4	7.49158712338849e-15	0.827211415735286	0.804	0.716	1.4983174246777e-11
Vat1	1.04942147286819e-14	0.567993939507228	0.762	0.714	2.09884294573638e-11
Dach1	1.16003953572173e-14	0.740766170764185	0.621	0.504	2.32007907144346e-11
Arhgap5	5.59890628768606e-14	0.558486182693998	0.796	0.66	1.11978125753721e-10
Plxna2	6.68509082892974e-14	0.880308399056359	0.625	0.299	1.33701816578595e-10
Tspan4	9.63382128732377e-14	0.464294945266561	0.767	0.715	1.92676425746475e-10
Rgs16	1.52711014503021e-13	0.78794645407856	0.658	0.572	3.05422029006042e-10
Plp1	1.65947868023621e-13	0.599956375741561	0.621	0.338	3.31895736047242e-10
Stxbp6	1.68404592309751e-13	0.286227423062566	0.767	0.599	3.36809184619502e-10
Cd2ap	1.71920759103794e-13	0.284649617243295	0.979	0.897	3.43841518207588e-10
Samd5	4.36672525004167e-13	0.314128620899551	0.317	0.39	8.73345050008334e-10
Spry1	9.13723043106537e-13	0.711042486689376	0.621	0.414	1.82744608621307e-09
Sox10	1.00575110279067e-12	0.269887062788913	0.554	0.332	2.01150220558134e-09
Klf9	1.08553687039628e-12	0.42196820594632	0.733	0.564	2.17107374079256e-09
Bsg	1.76815158819081e-12	0.399474266033601	0.971	0.963	3.53630317638162e-09
Kcna2	2.04330668952234e-12	0.653812483070978	0.55	0.305	4.08661337904468e-09
Lifr	2.23034918806337e-12	0.60534387763754	0.713	0.634	4.46069837612674e-09
Fnbp1l	2.64466503752118e-12	0.669871705126115	0.692	0.619	5.28933007504237e-09
Cebpd	4.27249270009137e-12	1.02669465368023	0.8	0.812	8.54498540018274e-09
Adamts1	4.58257478855514e-12	1.22084712302212	0.633	0.384	9.16514957711028e-09
Marcksl1	4.81985980236132e-12	0.437371140481731	0.929	0.733	9.63971960472263e-09
Pdlim7	1.67943591061873e-11	0.345001402014355	0.787	0.666	3.35887182123746e-08
Pir	2.27102650865333e-11	0.253452482174005	0.633	0.524	4.54205301730667e-08
Pam	4.14980128100848e-11	0.482349253129818	0.721	0.647	8.29960256201697e-08
Pxdc1	1.14396630041376e-10	0.366484664517924	0.658	0.491	2.28793260082752e-07
Dnm3	3.41205669365588e-10	0.738198599070937	0.588	0.315	6.82411338731176e-07
Rnd1	3.7640388731416e-10	0.874697169719957	0.625	0.541	7.5280777462832e-07
Car4	7.00882137034656e-10	0.51603267194429	0.662	0.642	1.40176427406931e-06
Nectin2	2.46996316355065e-09	0.266106813430397	0.733	0.669	4.93992632710129e-06
Sdf4	3.17613912042211e-09	0.408261056806076	0.933	0.88	6.35227824084423e-06
Bhlhe40	3.43474592983831e-09	0.521907347326268	0.846	0.817	6.86949185967662e-06
Cdc42bpa	3.96394737407472e-09	0.677728264539186	0.625	0.468	7.92789474814943e-06
Tmem176a	4.06302473268345e-09	0.275669138858552	0.975	0.882	8.1260494653669e-06
Syne2	4.96993737343982e-09	0.381736320242911	0.688	0.587	9.93987474687964e-06
Atp8b1	6.33785215716898e-09	0.49623469395185	0.621	0.464	1.2675704314338e-05
Tspan12	6.42579186577046e-09	0.624230953319727	0.596	0.513	1.28515837315409e-05
Cpne8	1.45696506954489e-08	0.563421809260772	0.629	0.567	2.91393013908979e-05
Hmgn1	2.27127034831814e-08	0.352459503910114	0.933	0.885	4.54254069663628e-05
Nrarp	4.70057715343098e-08	0.635612086814827	0.583	0.358	9.40115430686196e-05
Atp1a2	7.36618594957671e-08	0.326262425659715	0.537	0.349	0.000147323718991534
Iigp1	8.02473650764222e-08	1.01944002429739	0.721	0.735	0.000160494730152844
Plat	1.04583575664709e-07	0.37614818453973	0.637	0.453	0.000209167151329419
Pcdh19	1.20547878812445e-07	0.461568400628794	0.579	0.345	0.00024109575762489
Net1	1.61816874246574e-07	0.286749282054926	0.688	0.619	0.000323633748493147
Lnx1	1.90041334514336e-07	0.678181516356355	0.567	0.366	0.000380082669028672
Mfge8	1.98790208222887e-07	0.540278106381254	0.637	0.593	0.000397580416445774
Cyb5r3	2.0111737431316e-07	0.422614271977019	0.85	0.833	0.000402234748626319
Egr1	2.05978079076704e-07	1.04292915841909	0.692	0.685	0.000411956158153408
Ssbp3	3.91662428283303e-07	0.283789810354763	0.733	0.606	0.000783324856566607
Smco4	4.11775204595954e-07	0.419937901538776	0.613	0.511	0.000823550409191908
Casz1	4.29478453883696e-07	0.31092833766781	0.379	0.549	0.000858956907767393
Tmod2	5.09854201625103e-07	0.332243195898786	0.583	0.424	0.00101970840325021
Chl1	5.92551515896214e-07	0.416075775032044	0.775	0.517	0.00118510303179243
Ndrg1	7.73934913050143e-07	0.378714388473613	0.658	0.585	0.00154786982610029
Tmpo	1.13305362910048e-06	0.332355574966796	0.746	0.677	0.00226610725820095
Pdcd4	1.24143948006877e-06	0.499984642194573	0.708	0.66	0.00248287896013753
Filip1	1.9063321267739e-06	0.627215270691243	0.579	0.423	0.00381266425354781
Kctd12b	2.72918169784056e-06	0.779117864311274	0.571	0.449	0.00545836339568111
Amotl1	3.26318540280224e-06	0.463048498480005	0.604	0.474	0.00652637080560448
Jun	4.60357886294894e-06	0.348761268211969	0.908	0.911	0.00920715772589788
Lima1	5.51296419648517e-06	0.28675118852791	0.767	0.739	0.0110259283929703
Epha4	5.54076582148343e-06	0.27249432639536	0.371	0.348	0.0110815316429669
Plekhb1	5.92012783780352e-06	0.340391834307982	0.571	0.351	0.011840255675607
Tlr3	6.83166603699681e-06	0.258935564899893	0.658	0.544	0.0136633320739936
S100b	8.94379031158093e-06	0.267626127110311	0.525	0.408	0.0178875806231619
Arl4a	1.36196413842941e-05	0.417739707746304	0.633	0.576	0.0272392827685881
Socs2	1.89732756680284e-05	0.421052961119828	0.742	0.767	0.0379465513360569
