id	p_val	avg_log2FC	pct.1	pct.2	p_val_adj
Slpi	0	5.20049086984255	0.984	0.716	0
Dcn	0	3.26443864050542	1	0.633	0
Hspb1	0	2.60520911370978	0.995	0.617	0
Rarres2	0	3.53569690287006	1	0.61	0
Chil1	0	2.31010622782249	0.989	0.588	0
Col6a1	0	2.35180201998259	0.997	0.64	0
Serping1	0	2.26471524904923	0.998	0.592	0
C3	0	4.61677355749254	1	0.853	0
Nfib	0	1.93676768134081	0.997	0.592	0
Gm12840	0	2.49947315521549	0.997	0.603	0
Clu	0	1.84157637123171	0.987	0.564	0
Aebp1	0	2.44526341329209	1	0.671	0
Prr15	0	2.37832512076241	0.985	0.658	0
Fmo2	0	2.39850676903076	0.961	0.487	0
Cd200	0	1.9033547074951	0.998	0.507	0
Cavin1	0	1.81937365259415	0.995	0.522	0
C1s1	0	2.50892944765775	1	0.553	0
Igfbp6	0	3.38664829283173	1	0.727	0
Cdh11	0	1.93427360309901	0.993	0.454	0
Mgst1	0	2.30633441469196	0.998	0.788	0
Aldh1a2	0	1.543428013866	0.976	0.572	0
Gm49708	0	2.68619616795696	0.987	0.71	0
Rspo1	0	1.52710173414867	0.967	0.567	0
Arhgap29	0	2.13721956402259	1	0.533	0
Gas1	0	3.09103612821788	0.998	0.547	0
Gas6	0	2.44342600992241	0.992	0.746	0
Bicc1	0	1.86543129937749	1	0.564	0
Ptgis	0	2.22701351632805	0.998	0.57	0
Alcam	0	2.68469249124289	0.989	0.701	0
Cd55	0	2.07290200293486	0.984	0.57	0
Ezr	0	1.95643602579907	1	0.823	0
Nnmt	0	1.52260040291782	0.989	0.645	0
C1ra	0	2.0059875806735	0.997	0.603	0
Slc9a3r1	0	1.82358685400626	0.997	0.837	0
Smim1	0	1.86854208922894	0.982	0.613	0
Cd2ap	0	1.86236624117491	1	0.893	0
Bsg	0	1.66465247903534	1	0.961	0
Syne2	0	1.72456107893791	0.987	0.567	0
Ccdc80	9.53176504370493e-308	2.10176836538568	0.992	0.607	1.90635300874099e-304
Cfb	1.62142958327315e-307	1.78141028298973	0.98	0.65	3.2428591665463e-304
Spint2	7.40808131308381e-307	1.52679238529324	0.985	0.554	1.48161626261676e-303
Arhgef12	2.08203667525703e-306	1.80946090281113	0.995	0.597	4.16407335051405e-303
Mgp	8.4750033708381e-305	2.54697016495962	1	0.701	1.69500067416762e-301
Pdpn	2.0514860140868e-304	1.81557857082918	0.992	0.777	4.1029720281736e-301
Bcam	1.99560416916916e-303	1.70213455326387	0.964	0.513	3.99120833833833e-300
Slc39a8	2.12681188237398e-303	2.10587971155236	0.958	0.632	4.25362376474795e-300
Cfh	4.42485321935177e-303	1.89392418088198	0.995	0.71	8.84970643870353e-300
Slc16a1	5.9395403782574e-303	1.67726304583158	0.967	0.617	1.18790807565148e-299
Efna5	5.35007988521034e-301	1.42969684168477	0.972	0.493	1.07001597704207e-297
Tm4sf1	6.07118995025175e-301	2.01696254364327	0.985	0.554	1.21423799005035e-297
Pcolce	3.93235057909868e-300	1.72122988924028	0.985	0.584	7.86470115819736e-297
Ptprf	4.29449809272058e-298	1.30761222743249	0.964	0.439	8.58899618544116e-295
Stk26	7.59568707685036e-298	1.312471507298	0.961	0.564	1.51913741537007e-294
Crip1	8.92173997448646e-298	2.03712248165557	1	0.984	1.78434799489729e-294
Tmem176b	2.0265744170333e-296	1.82315650655231	1	0.9	4.0531488340666e-293
Cavin3	1.39982461812088e-295	1.73087351458462	0.993	0.575	2.79964923624176e-292
Gsta4	3.5845101982814e-292	1.36585349417895	0.95	0.461	7.16902039656281e-289
Nedd4	1.65482929192351e-289	1.91706923059945	1	0.644	3.30965858384702e-286
Col6a2	1.64068919005488e-288	2.01621611747621	0.99	0.587	3.28137838010975e-285
Il18r1	2.55667916993698e-288	1.80975994105408	0.95	0.537	5.11335833987397e-285
C4b	6.83638264573469e-288	1.99331191233358	0.99	0.77	1.36727652914694e-284
Aldh1a1	1.09698144775014e-286	1.7004621510869	0.961	0.483	2.19396289550027e-283
Mt2	3.90278457885533e-286	2.15129513778384	0.987	0.595	7.80556915771066e-283
Plxna4	2.02685408502613e-285	1.22281995549536	0.966	0.511	4.05370817005225e-282
Csrp2	6.6031864186282e-285	1.9356957573471	0.984	0.716	1.32063728372564e-281
Gabarapl1	4.60350167080022e-283	1.39938381061547	0.984	0.551	9.20700334160044e-280
Il6st	1.01140298224732e-281	1.61039663492331	0.995	0.676	2.02280596449464e-278
Dmkn	2.04337011421662e-281	2.29544914277188	0.964	0.668	4.08674022843323e-278
Lrba	2.19467271432382e-281	1.36981328376051	0.972	0.603	4.38934542864765e-278
Loxl1	2.12813919078151e-280	1.28998865419354	0.984	0.577	4.25627838156303e-277
Col1a2	5.34822794516942e-280	2.12543990648983	1	0.623	1.06964558903388e-276
Creg1	3.75024292323738e-278	1.54115232557468	0.998	0.906	7.50048584647477e-275
Cd151	1.23351525003699e-276	1.26885232626837	0.993	0.65	2.46703050007398e-273
Mpp6	6.75924584539618e-273	1.35052546641033	0.989	0.782	1.35184916907924e-269
Cryab	8.95395720699005e-273	1.55906711744831	0.979	0.583	1.79079144139801e-269
Dag1	1.26936883579284e-272	1.3796936541882	0.984	0.668	2.53873767158567e-269
Flrt2	6.21736703136698e-272	1.48413104734695	0.948	0.649	1.2434734062734e-268
Anxa1	2.98791833375534e-271	1.55499878283967	0.995	0.862	5.97583666751069e-268
Snhg18	7.41471916923724e-270	1.33588468720898	0.976	0.55	1.48294383384745e-266
Col14a1	3.64250079223712e-266	2.1203262937182	0.951	0.623	7.28500158447424e-263
Bicd1	5.25526849198334e-266	1.36788557555477	0.932	0.482	1.05105369839667e-262
Palmd	5.96310161327879e-266	1.20611697849029	0.92	0.492	1.19262032265576e-262
Cav1	3.33049844679769e-265	1.45020832605644	0.966	0.484	6.66099689359537e-262
Plod2	3.4012735330167e-262	1.32831000940901	0.984	0.6	6.80254706603339e-259
Gpx3	5.08318601905787e-260	1.96662398834493	0.984	0.693	1.01663720381157e-256
Tmem176a	2.77705017265055e-256	1.49932032906134	1	0.877	5.5541003453011e-253
Serpinh1	1.06352121901007e-255	1.60582846987718	0.993	0.597	2.12704243802014e-252
Col3a1	5.56292583152635e-255	1.56270338785662	0.995	0.62	1.11258516630527e-251
Sparc	4.44277462709437e-254	2.12288604655464	1	0.664	8.88554925418874e-251
Rpap3	1.32750271825603e-253	1.2011609332706	0.958	0.629	2.65500543651206e-250
Cdon	1.01914799526165e-252	1.13294486245347	0.912	0.466	2.03829599052329e-249
Oat	1.5537322203247e-251	1.26746171728949	0.99	0.776	3.1074644406494e-248
Fth1	2.12341802163241e-251	1.53503901122411	1	1	4.24683604326482e-248
Ltbp3	2.56625467674412e-251	1.18426324689846	0.961	0.581	5.13250935348823e-248
Pcdh7	8.60923154251839e-249	1.11038561043395	0.938	0.525	1.72184630850368e-245
Serpinb1a	9.64123374650663e-249	1.33586750586397	0.948	0.654	1.92824674930133e-245
Igfbp7	1.73776525889944e-248	1.64500003697298	1	0.578	3.47553051779888e-245
Tsc22d1	2.82235898127073e-248	1.3569399714575	0.979	0.628	5.64471796254147e-245
Ncoa4	1.3627945826969e-247	1.36869335234355	0.972	0.653	2.72558916539381e-244
Nckap1	3.07827559955888e-246	1.12905852600746	0.967	0.569	6.15655119911776e-243
Maged1	9.19714945012624e-245	1.21784383132508	0.971	0.614	1.83942989002525e-241
Parva	9.34294400562469e-245	1.06345953024598	0.959	0.555	1.86858880112494e-241
Nenf	1.3993792656876e-242	1.21032268622646	0.993	0.835	2.7987585313752e-239
Il17re	5.35912057876835e-240	0.910585260540854	0.875	0.409	1.07182411575367e-236
Serpinb6b	9.64706007023984e-240	1.36143199064389	0.941	0.611	1.92941201404797e-236
F11r	1.58520223508513e-239	1.00193690014804	0.953	0.652	3.17040447017027e-236
Hist1h2bc	2.34050134132703e-238	1.33575301803531	0.972	0.842	4.68100268265407e-235
Sulf1	2.65169592983192e-238	1.22242643475217	0.904	0.413	5.30339185966384e-235
Crim1	4.69729453431391e-238	1.15157256413582	0.945	0.526	9.39458906862783e-235
Col1a1	1.16881623795707e-236	0.894107969030848	0.995	0.622	2.33763247591415e-233
Cavin2	1.66674384017787e-235	1.50248108787469	0.932	0.492	3.33348768035574e-232
Alad	2.58872913106702e-235	1.10480451338041	0.943	0.693	5.17745826213403e-232
Nbl1	3.81253547871238e-234	1.23097099436894	0.925	0.452	7.62507095742476e-231
Colec12	1.17865985722075e-233	1.19760632284373	0.959	0.595	2.35731971444151e-230
Pbx1	1.59356680657044e-232	1.14302509592191	0.964	0.561	3.18713361314089e-229
Heg1	2.35023361612806e-232	1.2179315323631	0.958	0.551	4.70046723225613e-229
Sbsn	3.14457991335241e-231	1.18926723264917	0.883	0.416	6.28915982670481e-228
P3h4	7.21095404442557e-231	1.05098606363386	0.914	0.562	1.44219080888511e-227
Meg3	1.85447401014504e-230	1.36176243701929	0.917	0.453	3.70894802029008e-227
Gpx8	7.09307917847121e-229	1.10190020145281	0.946	0.522	1.41861583569424e-225
Gbp2	6.80641844875932e-227	1.61936677275427	0.99	0.831	1.36128368975186e-223
Wnt5a	5.22719887281616e-226	1.06836394382252	0.904	0.448	1.04543977456323e-222
Sox4	5.92541935071807e-225	1.18773156044187	0.953	0.674	1.18508387014361e-221
Tbrg1	1.11596316835855e-223	1.10843082158396	0.99	0.823	2.2319263367171e-220
Meis2	1.55662057102602e-223	1.0025394463382	0.958	0.499	3.11324114205204e-220
Rhou	1.75077086953521e-223	1.14903309571842	0.95	0.686	3.50154173907042e-220
Sptbn1	2.07415323844105e-220	1.14645223658618	0.997	0.818	4.1483064768821e-217
Lima1	2.09423269057369e-219	1.08938388068166	0.979	0.726	4.18846538114739e-216
Myo1d	2.31569687212017e-218	0.890706800909127	0.867	0.526	4.63139374424035e-215
Igfbp4	4.35816964583784e-218	1.65731258480211	0.967	0.759	8.71633929167568e-215
Smpd3	6.11800591026086e-218	1.15535255986439	0.855	0.327	1.22360118205217e-214
Il18	1.67830737748738e-217	0.978766017429619	0.933	0.673	3.35661475497476e-214
Lsr	3.47134383416265e-217	0.876092741351765	0.912	0.612	6.9426876683253e-214
Col18a1	2.15148889451697e-215	0.787607891483183	0.933	0.454	4.30297778903395e-212
Tcea3	2.38936260742821e-215	0.963444786444693	0.912	0.564	4.77872521485641e-212
Igfbp3	1.43811693866914e-213	1.20995774976083	0.855	0.473	2.87623387733828e-210
Tpm1	1.86592015420817e-213	1.10552802543634	0.979	0.729	3.73184030841634e-210
Acsl4	2.13492239344196e-213	1.20630131198167	0.967	0.759	4.26984478688391e-210
Cobll1	3.23177460636791e-213	0.948192058657691	0.875	0.46	6.46354921273582e-210
Selenom	3.84610360289482e-213	1.20501880804462	0.977	0.714	7.69220720578965e-210
Epcam	2.36362666135347e-212	0.952304421075465	0.894	0.531	4.72725332270693e-209
Dpp4	3.32434254813934e-212	0.951110493011476	0.901	0.612	6.64868509627868e-209
Cyb5r3	5.61945833978762e-212	0.976829289566706	0.989	0.824	1.12389166795752e-208
Ahnak2	3.39467535523622e-211	0.942812541692388	0.917	0.655	6.78935071047245e-208
Sema5a	9.87219787015545e-211	0.95863365457723	0.867	0.469	1.97443957403109e-207
Ctdspl	1.11527357022846e-210	0.960538831564933	0.914	0.643	2.23054714045692e-207
Cd34	1.14271041247133e-210	0.935095280115434	0.912	0.521	2.28542082494265e-207
Nfia	3.11926708508409e-210	1.09151606759039	0.969	0.56	6.23853417016817e-207
Ssbp3	2.54301679854419e-209	0.999011194757367	0.954	0.589	5.08603359708839e-206
Col5a2	5.66481596705052e-209	1.08107904876221	0.98	0.595	1.1329631934101e-205
Mxra8	5.25320844502137e-208	0.935086271615915	0.925	0.506	1.05064168900427e-204
Plce1	1.71108039055305e-207	0.85912992184502	0.904	0.526	3.42216078110609e-204
Slit3	1.91687564033213e-205	0.805128067543057	0.933	0.523	3.83375128066426e-202
Gng12	1.13214852030457e-204	1.12693956414748	0.995	0.857	2.26429704060914e-201
Cmah	2.82344862316947e-203	1.16588427534473	0.865	0.449	5.64689724633894e-200
Lrrc1	1.08526158584849e-201	0.903964389930539	0.868	0.58	2.17052317169698e-198
Npdc1	1.47618929768955e-201	0.905985493744308	0.933	0.493	2.95237859537909e-198
Saa3	5.53313211355992e-201	3.06019907072269	0.953	0.77	1.10662642271198e-197
Itm2a	1.35513614195268e-199	1.63355201535473	0.902	0.541	2.71027228390535e-196
Met	4.25938701324382e-199	0.875134411393638	0.872	0.638	8.51877402648763e-196
Timp3	1.18001957825292e-198	1.36088195794591	0.925	0.472	2.36003915650584e-195
Ano1	1.27177174914219e-198	0.890861096490543	0.847	0.367	2.54354349828437e-195
Cdc42bpa	1.5232521001328e-198	0.750446514759669	0.888	0.448	3.0465042002656e-195
Timp1	9.4683083454919e-198	1.32706216927446	0.993	0.819	1.89366166909838e-194
Cyb5a	1.15635011117686e-197	0.951609729936866	1	0.865	2.31270022235372e-194
Crip2	1.21683174277471e-197	1.04355029713588	0.933	0.544	2.43366348554941e-194
Adgrd1	1.23367906796104e-197	0.918464690750554	0.872	0.452	2.46735813592209e-194
Emp2	1.80070492107421e-197	0.894481856420537	0.873	0.43	3.60140984214841e-194
Gstm2	3.21846675551484e-195	0.819837360656846	0.917	0.637	6.43693351102967e-192
Mt1	1.43895482339994e-193	1.77810449896238	0.998	0.934	2.87790964679989e-190
Atp1b1	2.62012473733191e-193	1.04928628430288	0.904	0.471	5.24024947466382e-190
Tmem132a	5.54746462959069e-193	0.930181305307837	0.862	0.565	1.10949292591814e-189
Twsg1	1.33388489904051e-191	0.837494985431203	0.899	0.532	2.66776979808102e-188
Cd81	4.65694382895292e-191	1.03341973190796	0.998	0.846	9.31388765790584e-188
Gcnt2	7.91824772580632e-191	0.932039349689739	0.951	0.773	1.58364954516126e-187
Grb10	3.58829695237227e-189	0.685072107674908	0.881	0.433	7.17659390474455e-186
Timp2	3.22519860469228e-188	1.03089630708733	1	0.868	6.45039720938456e-185
Rdh10	3.23599680571637e-188	0.970152883212823	0.863	0.532	6.47199361143274e-185
Nupr1	3.27682415430089e-188	1.40014915357034	0.977	0.82	6.55364830860179e-185
Ppfibp2	7.10207340359869e-184	0.868842106560355	0.878	0.602	1.42041468071974e-180
Ogn	6.84362689624999e-182	1.04161784262649	0.88	0.586	1.36872537925e-178
Steap4	1.18507375123257e-178	1.06098959930922	0.881	0.618	2.37014750246515e-175
Smoc2	1.59749666359023e-178	0.615015353128059	0.906	0.48	3.19499332718046e-175
Hmgn1	9.2341999172929e-178	0.982071146521743	0.989	0.88	1.84683998345858e-174
Tjp1	6.10458785599395e-177	0.783681698779443	0.893	0.456	1.22091757119879e-173
Ddr1	1.19455410274473e-176	0.769473433784104	0.873	0.603	2.38910820548946e-173
Casc4	1.52510235649802e-176	0.726175467035318	0.875	0.45	3.05020471299604e-173
Cald1	1.33101158900047e-174	0.69494368118842	0.982	0.629	2.66202317800093e-171
Nectin2	5.07031046802979e-174	0.752219157602283	0.881	0.658	1.01406209360596e-170
Rcn3	4.02375985829961e-172	0.922738579445912	0.964	0.796	8.04751971659922e-169
Fcor	4.76837549669144e-172	0.788562503175224	0.872	0.657	9.53675099338288e-169
Esam	7.88107694569503e-171	0.624342218597676	0.833	0.427	1.57621538913901e-167
Crtap	1.68081825203409e-169	0.761063049028554	0.904	0.58	3.36163650406818e-166
Ifitm3	2.40298105719086e-166	0.969722789275514	1	0.953	4.80596211438173e-163
Lbp	8.91633248123243e-166	0.97550899846069	0.873	0.641	1.78326649624649e-162
Lmo7	5.99036398667891e-163	0.673811528845481	0.802	0.453	1.19807279733578e-159
Pdzd2	7.02504138941236e-163	0.62756906725828	0.834	0.507	1.40500827788247e-159
Fstl1	5.63467871860826e-162	0.726572937223582	0.94	0.614	1.12693574372165e-158
Bmpr1a	1.14379455760153e-159	0.675663779730216	0.875	0.556	2.28758911520306e-156
Tceal9	1.84912498038569e-159	0.799571396305286	0.992	0.817	3.69824996077137e-156
Arhgap5	6.22771615950847e-158	0.817079593807345	0.943	0.647	1.24554323190169e-154
Creb3l1	4.57085456266658e-157	0.804840036688502	0.849	0.598	9.14170912533317e-154
Maged2	5.7470120789363e-157	0.675707422061265	0.878	0.589	1.14940241578726e-153
Dbi	5.890187649076e-157	0.815283173526348	0.998	0.985	1.1780375298152e-153
Tgfbr3	6.40645309230204e-157	0.819253314035175	0.86	0.598	1.28129061846041e-153
Nfix	2.96267538531126e-156	0.735540015904648	0.963	0.712	5.92535077062253e-153
Hpgd	2.67760128348364e-154	2.46053696510277	0.813	0.557	5.35520256696729e-151
Kiz	5.81423441747889e-154	0.743390766361295	0.834	0.565	1.16284688349578e-150
Osmr	1.49566454668458e-153	0.640246412764751	0.839	0.517	2.99132909336915e-150
Rasgrp3	2.17165451558973e-153	0.69605233576216	0.821	0.532	4.34330903117947e-150
Tnxb	2.85974676363449e-153	0.702307843167534	0.837	0.462	5.71949352726897e-150
Rbp1	7.93732331733547e-153	0.70800689225442	0.93	0.703	1.58746466346709e-149
Fzd2	1.13905024020968e-152	0.665196397261903	0.79	0.424	2.27810048041936e-149
Sdc2	3.73828664051927e-152	0.673553569125348	0.849	0.508	7.47657328103854e-149
Dcbld2	1.11101399815654e-150	0.681077535657286	0.8	0.402	2.22202799631309e-147
Itgb4	1.3832605758072e-150	0.685689006539081	0.795	0.48	2.76652115161439e-147
Wnt4	1.45414780473944e-150	0.81332311415591	0.78	0.452	2.90829560947889e-147
Serpina3n	3.25664613806631e-149	1.10293825776139	0.849	0.602	6.51329227613263e-146
Ncam1	4.37844401429996e-148	0.349829673100892	0.823	0.501	8.75688802859992e-145
Plpp1	8.13875370025531e-148	0.694445304040305	0.868	0.58	1.62775074005106e-144
Laptm4b	1.64659265846244e-147	0.838666852887913	0.829	0.498	3.29318531692489e-144
Cd9	2.19873742515165e-147	0.611690090526693	0.985	0.792	4.3974748503033e-144
S100a6	2.79620872463664e-147	1.03632681355422	1	0.971	5.59241744927328e-144
Prnp	9.36204494845024e-147	0.418231289436507	0.959	0.613	1.87240898969005e-143
Csf1	4.70958525507843e-146	0.703053765101527	0.87	0.601	9.41917051015685e-143
Ptpn13	3.00772958763189e-145	0.70131713339616	0.798	0.438	6.01545917526378e-142
Loxl2	1.20934783276406e-143	0.540823684110681	0.878	0.544	2.41869566552811e-140
Gm20186	1.89773908132571e-143	1.38133784535828	0.836	0.585	3.79547816265141e-140
Serpinb6a	5.54788548640341e-143	0.7218991823379	0.974	0.772	1.10957709728068e-139
Meis1	7.02867584950279e-142	0.641802883970173	0.815	0.514	1.40573516990056e-138
Ppic	1.13525142545934e-139	0.583595642303619	0.881	0.602	2.27050285091869e-136
Espn	2.48972067055068e-139	0.692021201777587	0.782	0.53	4.97944134110135e-136
Hand2	9.617864866321e-139	0.584211706996235	0.857	0.521	1.9235729732642e-135
Ptpn14	1.37570040465168e-138	0.573842664473664	0.758	0.377	2.75140080930335e-135
Piezo2	3.23855210379049e-138	0.661250456470985	0.774	0.386	6.47710420758098e-135
Fermt2	1.42194426664807e-137	0.562926966931423	0.906	0.576	2.84388853329613e-134
Rhoj	4.59064318626149e-137	0.72408179405453	0.854	0.538	9.18128637252298e-134
Myof	3.17443592521512e-136	0.748231332329141	0.969	0.78	6.34887185043023e-133
Atp2b4	5.52163105917501e-136	0.622469531845714	0.896	0.551	1.104326211835e-132
Ddr2	2.90553287055168e-135	0.505721039897708	0.807	0.484	5.81106574110337e-132
Spsb1	4.22057277883655e-135	0.752278512318359	0.85	0.654	8.44114555767309e-132
Lgals7	5.62920362529234e-135	1.32896571427518	0.789	0.561	1.12584072505847e-131
Hmgn3	1.00151765963145e-134	0.668739948454763	0.863	0.624	2.0030353192629e-131
Rtn1	9.21598890443298e-133	0.645653432544349	0.793	0.505	1.8431977808866e-129
Tead1	9.32618952814456e-133	0.677734088848863	0.842	0.568	1.86523790562891e-129
Ltbp4	1.98747026671393e-132	0.667000461707767	0.807	0.481	3.97494053342786e-129
Ehd2	3.44919796913787e-132	0.586878231594818	0.85	0.522	6.89839593827574e-129
Fkbp7	1.94851846999524e-130	0.63078295153082	0.854	0.537	3.89703693999047e-127
Avpi1	2.61765472850331e-130	0.643272974957119	0.847	0.612	5.23530945700662e-127
Lpp	3.0349354411209e-130	0.682329724805627	0.974	0.81	6.0698708822418e-127
Rbfox2	1.03174012741172e-129	0.5273895608369	0.849	0.555	2.06348025482344e-126
Igfbp5	1.80323810462467e-128	1.26693976148915	0.771	0.468	3.60647620924934e-125
Amotl1	2.12554011020811e-128	0.575345296765742	0.805	0.458	4.25108022041621e-125
Col16a1	4.3377587198788e-128	0.360382926155445	0.803	0.455	8.67551743975759e-125
Ryk	4.59129259485238e-128	0.611962556209863	0.852	0.557	9.18258518970477e-125
Pdlim3	5.34878158422454e-128	0.745088548937836	0.777	0.578	1.06975631684491e-124
Tspan4	1.6800540213921e-126	0.613846655927111	0.915	0.705	3.3601080427842e-123
S100a16	2.03850520102506e-126	0.62925840407719	0.885	0.653	4.07701040205011e-123
Npnt	4.02814466724396e-126	0.751868948565191	0.78	0.584	8.05628933448792e-123
Bgn	4.32349059308728e-126	0.476148916237027	0.876	0.58	8.64698118617455e-123
Clic4	9.38548385452185e-125	0.820077210259549	0.977	0.811	1.87709677090437e-121
Abi3bp	9.95871191850505e-125	0.658168618647945	0.759	0.484	1.99174238370101e-121
Rnase4	1.03754701950533e-124	0.670210395209148	0.985	0.856	2.07509403901067e-121
Rian	9.39867892433062e-124	0.539725571780746	0.737	0.424	1.87973578486612e-120
Afdn	1.08282018338385e-123	0.619466318176795	0.867	0.672	2.16564036676769e-120
Sdc4	1.49748097034314e-123	0.706360160247434	1	0.907	2.99496194068628e-120
Fbln2	2.59155015027116e-123	0.702729311976961	0.837	0.537	5.18310030054232e-120
Stard10	2.85289503410917e-123	0.461380450175544	0.792	0.518	5.70579006821833e-120
Gpx7	2.59367910937083e-122	0.574971023586848	0.829	0.643	5.18735821874166e-119
Rab34	1.49679608106076e-121	0.548103941960287	0.815	0.581	2.99359216212151e-118
Entpd5	3.33325620635508e-121	0.277070248828902	0.737	0.476	6.66651241271016e-118
Nrxn2	1.46367832126073e-119	0.655822784714134	0.746	0.521	2.92735664252146e-116
Tm4sf5	3.89117286457258e-118	0.690117745640937	0.737	0.464	7.78234572914516e-115
Cc2d2a	4.77241751810637e-118	0.336934862278413	0.709	0.365	9.54483503621275e-115
Pls3	5.13036669202321e-118	0.514316755369823	0.82	0.562	1.02607333840464e-114
Ctps	7.36884082201762e-118	0.703544898609733	0.82	0.711	1.47376816440352e-114
Actn1	9.98184627679956e-117	0.569342310266322	0.909	0.669	1.99636925535991e-113
Ndrg1	6.91795336697517e-115	0.623872235425274	0.837	0.572	1.38359067339503e-111
Map1lc3a	2.03642425437053e-114	0.6233555737111	0.945	0.727	4.07284850874107e-111
Vkorc1	1.03919374473302e-113	0.706321365186701	0.927	0.747	2.07838748946605e-110
Bcr	2.45507166276059e-113	0.402067175460575	0.803	0.548	4.91014332552118e-110
Dstn	5.75508471908081e-113	0.622696804816257	0.99	0.86	1.15101694381616e-109
Lmna	7.46721537521425e-112	0.699348961569784	0.967	0.819	1.49344307504285e-108
Igf2r	2.36805697921096e-111	0.524611656925262	0.859	0.622	4.73611395842193e-108
Vcl	3.2872731760858e-111	0.512774987659534	0.88	0.587	6.5745463521716e-108
Fkbp11	8.55283146330711e-111	0.46749650558754	0.779	0.544	1.71056629266142e-107
Cers4	1.88354663699641e-110	0.547893177843567	0.78	0.442	3.76709327399283e-107
Ifi205	4.48057199396273e-110	0.559801465318825	0.894	0.754	8.96114398792547e-107
Fam114a1	6.48446185395376e-110	0.477210117642243	0.834	0.554	1.29689237079075e-106
Mras	2.13928908952161e-109	0.610320511199441	0.808	0.668	4.27857817904322e-106
Tshz2	4.35005362154111e-109	0.382748623813256	0.867	0.555	8.70010724308223e-106
Rab27b	1.5176665741599e-108	0.519106278391642	0.722	0.527	3.0353331483198e-105
Gstt1	1.89552853632619e-108	0.567908968809076	0.774	0.574	3.79105707265239e-105
Dst	2.68033903457721e-108	0.481314768560427	0.938	0.745	5.36067806915442e-105
Neo1	4.58188204245327e-108	0.541668144625334	0.741	0.463	9.16376408490655e-105
Acaa2	1.84895662410691e-107	0.68376935509186	0.932	0.793	3.69791324821382e-104
Fnbp1l	1.76455653255632e-106	0.414381286495239	0.829	0.608	3.52911306511264e-103
Lcn2	4.79028961924217e-106	0.263434348624658	0.878	0.676	9.58057923848433e-103
Nr2f2	5.56465719873361e-106	0.473775705057495	0.766	0.482	1.11293143974672e-102
Mast4	5.88330607406973e-106	0.628227143953763	0.828	0.558	1.17666121481395e-102
Oasl2	9.03981437593481e-106	0.644345273910141	0.917	0.753	1.80796287518696e-102
Zfp503	1.3299039432943e-105	0.648220312145666	0.746	0.519	2.6598078865886e-102
Rbpms	2.29943088783702e-105	0.517524602221853	0.935	0.643	4.59886177567404e-102
Cbx5	5.06308132683892e-105	0.597467666713204	0.901	0.676	1.01261626536778e-101
Rapgef5	9.72322363598041e-105	0.61199789536083	0.758	0.607	1.94464472719608e-101
Copz2	3.09879615226827e-104	0.52138162704412	0.841	0.609	6.19759230453653e-101
Phldb2	2.06971961298823e-103	0.31379620622195	0.751	0.527	4.13943922597647e-100
Gstm1	2.08571913264568e-103	0.674219207229603	0.847	0.583	4.17143826529135e-100
Pam	4.4656249994563e-103	0.501482139435692	0.88	0.635	8.93124999891259e-100
4932438H23Rik	7.47944334502149e-103	0.343705319126743	0.715	0.585	1.4958886690043e-99
Cdc42ep1	2.98334106514804e-102	0.429571384345037	0.704	0.391	5.96668213029608e-99
Cttn	5.64518438178195e-102	0.472912818914565	0.8	0.601	1.12903687635639e-98
Wwtr1	6.68152387747127e-102	0.472569122577008	0.815	0.588	1.33630477549425e-98
Ppfibp1	3.3269667629759e-101	0.53548314710815	0.85	0.667	6.6539335259518e-98
Rasl11a	1.49160403369389e-100	0.751780634990892	0.769	0.619	2.98320806738777e-97
Ifi27l2a	2.04191061656105e-99	0.687361882177534	0.998	0.952	4.0838212331221e-96
Nav2	4.82842774321277e-98	0.541322551246361	0.74	0.538	9.65685548642553e-95
Gstp1	5.12833096785327e-98	0.592629365820804	0.802	0.678	1.02566619357065e-94
Cystm1	5.3685236069946e-98	0.553698388607263	0.79	0.536	1.07370472139892e-94
Tpm2	8.56195153632837e-98	0.313037239793315	0.872	0.622	1.71239030726567e-94
Zfhx4	1.19359658190815e-97	0.614964115856035	0.75	0.494	2.38719316381629e-94
Flnc	1.29999881589008e-97	0.385516421034697	0.737	0.47	2.59999763178017e-94
Gja1	2.12448130935526e-97	0.524247234577438	0.859	0.617	4.24896261871052e-94
Tst	2.91109758250626e-97	0.609360669869455	0.73	0.511	5.82219516501251e-94
Tmem263	1.14285575054791e-96	0.436031401098132	0.828	0.637	2.28571150109582e-93
Sfxn1	5.82834526976108e-96	0.542161310693165	0.922	0.752	1.16566905395222e-92
Spock2	1.04979172012557e-94	0.600327501404654	0.675	0.404	2.09958344025113e-91
Phgdh	3.06096547403001e-94	0.439933234451181	0.779	0.578	6.12193094806002e-91
Zbtb20	4.33119708415079e-94	0.418008656929362	0.945	0.659	8.66239416830158e-91
Nkx2-3	4.44619165571682e-94	0.436835359610068	0.732	0.439	8.89238331143364e-91
Slc25a4	4.76244916675889e-93	0.537580244950595	0.99	0.947	9.52489833351778e-90
Sesn3	1.0902389747864e-92	0.445362003459696	0.828	0.561	2.18047794957279e-89
Slc43a3	1.32894081435447e-92	0.444194367717428	0.797	0.552	2.65788162870894e-89
Abcb1b	1.94641983721642e-92	0.921630814246137	0.771	0.582	3.89283967443284e-89
Selenoi	3.67539858116573e-92	0.572158358452202	0.777	0.592	7.35079716233146e-89
Fxyd6	1.36660668892583e-91	0.398550285865074	0.807	0.619	2.73321337785165e-88
Cfl2	1.48961374566662e-90	0.457050601713545	0.899	0.651	2.97922749133325e-87
S100a11	1.52550817409253e-90	0.663912691317987	0.998	0.97	3.05101634818505e-87
Hmgn2	2.59352489810562e-90	0.711688806633465	0.943	0.844	5.18704979621124e-87
Anxa2	4.4122017272104e-90	0.676266010463447	0.998	0.959	8.82440345442081e-87
Ar	1.98428662265762e-89	0.550720803439696	0.691	0.436	3.96857324531524e-86
Ghr	5.75923514265695e-89	0.487120481321067	0.712	0.436	1.15184702853139e-85
Plec	4.35306739578902e-88	0.541525398415802	0.92	0.79	8.70613479157804e-85
Fads2	4.58840160798615e-88	0.406035567540165	0.748	0.562	9.17680321597229e-85
Pkd2	5.0047589046509e-88	0.406227671886192	0.818	0.571	1.00095178093018e-84
Perp	6.85486025829084e-88	0.506559121441225	0.686	0.513	1.37097205165817e-84
Unc45b	1.18917918187276e-87	0.469769934796542	0.657	0.335	2.37835836374551e-84
Vim	9.53459653874431e-87	0.594061423920117	1	0.986	1.90691930774886e-83
Mapk13	2.26736868513157e-86	0.487656455839616	0.738	0.601	4.53473737026315e-83
Lox	2.87490437410104e-86	0.292269296674896	0.78	0.701	5.74980874820209e-83
Pmp22	4.73597776733233e-85	0.41634517460007	0.88	0.645	9.47195553466466e-82
Cygb	6.85148908733248e-85	0.25344332777194	0.793	0.667	1.3702978174665e-81
Iigp1	3.21346469554406e-84	0.816489882356184	0.891	0.726	6.42692939108812e-81
Chl1	1.09132461545842e-83	0.459479089177241	0.74	0.51	2.18264923091683e-80
Cpe	1.27988056070342e-83	0.334857505793321	0.735	0.458	2.55976112140684e-80
Pdlim1	1.89311480337972e-83	0.369798302564779	0.844	0.563	3.78622960675944e-80
Ckap4	4.16530749054307e-83	0.440411023974965	0.909	0.726	8.33061498108613e-80
Rcn1	5.92373273732099e-83	0.421660460514299	0.815	0.663	1.1847465474642e-79
Tln2	1.06261564996785e-82	0.281760893897454	0.73	0.475	2.12523129993571e-79
Cpne8	1.59498789493567e-82	0.443135848513881	0.737	0.558	3.18997578987135e-79
Irak1bp1	2.072917333293e-82	0.455920296925398	0.711	0.521	4.145834666586e-79
Ptgs1	1.25567128069629e-81	0.552081642964063	0.938	0.802	2.51134256139257e-78
Bmpr2	1.64318090965496e-80	0.410904436760818	0.907	0.693	3.28636181930991e-77
Tgfb3	7.62215537563457e-80	0.496273180689032	0.74	0.613	1.52443107512692e-76
Gbp3	9.92201705643327e-80	0.566006389428266	0.909	0.783	1.98440341128665e-76
Chchd10	1.75018709885711e-79	0.396762996825597	0.876	0.638	3.50037419771421e-76
Prss23	1.75803860123931e-79	0.383943509725918	0.766	0.535	3.51607720247862e-76
Spns2	3.06819195718811e-79	0.42512825350091	0.689	0.517	6.13638391437622e-76
Ldhb	1.49654415033674e-78	0.439860250395824	0.829	0.676	2.99308830067348e-75
Trim35	1.89201478871125e-78	0.440037176099126	0.87	0.666	3.7840295774225e-75
Stxbp6	1.24211648376401e-76	0.41919459887212	0.751	0.594	2.48423296752801e-73
Cgnl1	1.26886049264454e-75	0.511193141149279	0.733	0.605	2.53772098528908e-72
Col5a3	4.67459485874708e-75	0.267469419020313	0.73	0.563	9.34918971749416e-72
Tspan3	1.88595182320136e-74	0.406818347077996	0.876	0.674	3.77190364640273e-71
Flnb	2.43554529529436e-74	0.401462125868219	0.756	0.55	4.87109059058871e-71
Sod3	3.44861014862876e-74	0.52732180758842	0.746	0.523	6.89722029725753e-71
Spry2	8.86211653017427e-74	0.349962933744906	0.728	0.491	1.77242330603485e-70
Ecm1	1.52743907680195e-73	0.40424867085095	0.875	0.712	3.0548781536039e-70
Atpif1	8.754404615098e-73	0.462018867826444	1	0.979	1.7508809230196e-69
Basp1	4.53516720057753e-72	0.590578336143972	0.982	0.893	9.07033440115505e-69
Bmp4	4.54393971295341e-72	0.474014886348846	0.634	0.379	9.08787942590683e-69
Rab6b	8.60364612166678e-72	0.433217833402513	0.654	0.402	1.72072922433336e-68
Runx1t1	1.14181407423977e-71	0.508099685704802	0.66	0.421	2.28362814847955e-68
Serpinb9	2.80405530970821e-71	0.357955842333487	0.785	0.578	5.60811061941643e-68
Fzd4	5.66995437027849e-71	0.430303648416001	0.678	0.503	1.1339908740557e-67
Stmn1	6.21708019390503e-71	0.407427098088703	0.878	0.798	1.24341603878101e-67
Krtcap3	1.41225361221561e-70	0.350999425732055	0.639	0.485	2.82450722443121e-67
Pdcd4	1.70983444209896e-70	0.386599902576969	0.906	0.647	3.41966888419791e-67
Lamc1	6.01786661868575e-70	0.254405975476058	0.798	0.589	1.20357332373715e-66
Htra1	4.80043923489765e-68	0.36399986451601	0.685	0.432	9.60087846979531e-65
Palld	8.25277897298047e-68	0.353466569803907	0.852	0.669	1.65055579459609e-64
Aplp1	8.5079055383134e-68	0.298709367336536	0.657	0.541	1.70158110766268e-64
Cadm1	1.10091589113431e-67	0.442348968848676	0.685	0.462	2.20183178226862e-64
Il11ra1	1.07131190746898e-66	0.360618257327258	0.855	0.699	2.14262381493797e-63
Msrb3	3.35691814387934e-66	0.37932172957174	0.665	0.475	6.71383628775868e-63
Ctnnal1	2.88248040077427e-64	0.422339797902637	0.655	0.481	5.76496080154854e-61
F830016B08Rik	2.90807378626199e-63	0.30499210628577	0.628	0.492	5.81614757252398e-60
Gbp5	5.7363265752666e-63	0.407650530561824	0.831	0.699	1.14726531505332e-59
Txndc5	1.04080494528718e-62	0.374338749675675	0.863	0.708	2.08160989057436e-59
Map1b	2.12704808782172e-62	0.403445626388777	0.722	0.557	4.25409617564343e-59
Itga6	5.0439918469515e-61	0.320633563142753	0.772	0.589	1.0087983693903e-57
Gna11	5.04996361981155e-61	0.326129565179714	0.777	0.556	1.00999272396231e-57
Cp	4.72874733323295e-60	0.612569120595771	0.833	0.713	9.4574946664659e-57
Ptprs	7.10514764669331e-60	0.301799545344581	0.807	0.618	1.42102952933866e-56
Acp5	4.11035130739198e-59	0.355602071785735	0.893	0.812	8.22070261478395e-56
Tob1	1.14643009630523e-57	0.44120792488733	0.715	0.491	2.29286019261046e-54
Cdc42ep5	5.22251882644688e-57	0.320707706729466	0.647	0.408	1.04450376528938e-53
Foxf1	2.31819922207352e-56	0.281307530440592	0.603	0.408	4.63639844414704e-53
Tkfc	1.27692025668926e-55	0.306635883546361	0.631	0.513	2.55384051337852e-52
Cacnb3	4.59837337320234e-54	0.338591233321301	0.628	0.443	9.19674674640467e-51
Lyst	7.67427662923183e-54	0.269983954416235	0.842	0.644	1.53485532584637e-50
Klf9	6.90012475446737e-52	0.257038267712445	0.795	0.554	1.38002495089347e-48
Fhl1	8.36438638292058e-52	0.356777554709268	0.623	0.436	1.67287727658412e-48
Syne1	1.91288799249444e-51	0.334307885282534	0.701	0.538	3.82577598498887e-48
S100a10	2.29561775439384e-51	0.463279178522115	0.998	0.968	4.59123550878769e-48
Cox6b2	5.21521426949332e-51	0.478431102371924	0.646	0.487	1.04304285389866e-47
Tent5a	2.91909457362314e-50	0.460386066795524	0.92	0.759	5.83818914724628e-47
Hadh	7.57766955043747e-50	0.319138984835669	0.82	0.692	1.51553391008749e-46
Pdia4	8.88347407783441e-49	0.386487232612196	0.971	0.89	1.77669481556688e-45
Auts2	1.32708492766058e-48	0.266266283000646	0.68	0.482	2.65416985532116e-45
Ppm1l	1.99521066828624e-48	0.357895192566159	0.608	0.459	3.99042133657247e-45
Kcnq1ot1	1.41817593964145e-47	0.418762963703662	0.841	0.694	2.8363518792829e-44
Bnip3	2.7415643536116e-47	0.278189242630423	0.776	0.633	5.48312870722319e-44
Sfn	5.29587344344311e-47	0.287416480814272	0.644	0.587	1.05917468868862e-43
Zfp36l1	6.81715117304317e-47	0.418651286118903	0.989	0.926	1.36343023460863e-43
Lum	7.2196945343851e-47	0.31469220928757	0.642	0.493	1.44393890687702e-43
Ugdh	2.08660251510155e-46	0.251269982092204	0.78	0.631	4.1732050302031e-43
Eml1	3.75683689921831e-46	0.319811889635329	0.634	0.489	7.51367379843661e-43
Ifi202b	5.85715423090541e-45	0.311897410107226	0.885	0.745	1.17143084618108e-41
Aprt	6.65907448406623e-45	0.392133962751246	0.985	0.958	1.33181489681325e-41
Mgll	4.9584633896262e-44	0.2906957930559	0.642	0.469	9.9169267792524e-41
Rbms3	6.44864458812738e-44	0.319158387348853	0.639	0.525	1.28972891762548e-40
Plat	1.1669543885193e-43	0.294846881145296	0.626	0.447	2.33390877703861e-40
Uap1	2.29446741162099e-43	0.449988666991892	0.754	0.622	4.58893482324198e-40
Hs3st1	4.28603349810951e-42	0.302204652324802	0.585	0.375	8.57206699621902e-39
Cpox	7.27382115441294e-42	0.259048950405051	0.737	0.603	1.45476423088259e-38
Bcar3	2.62250072147043e-41	0.310448656456124	0.662	0.614	5.24500144294087e-38
Dlc1	1.58710689587156e-40	0.284761278905753	0.618	0.386	3.17421379174312e-37
Nucb2	3.30101922731958e-40	0.315836571385866	0.833	0.725	6.60203845463916e-37
Ptgfrn	4.7278888977306e-39	0.295704645687521	0.657	0.522	9.4557777954612e-36
Procr	1.28264112565239e-38	0.313166880848682	0.634	0.572	2.56528225130478e-35
Gclm	1.24763289898874e-37	0.284863093453117	0.816	0.712	2.49526579797748e-34
Shtn1	1.26717688521511e-35	0.267329985295603	0.875	0.854	2.53435377043023e-32
Galnt6	1.09120595545499e-33	0.363166725176762	0.694	0.653	2.18241191090999e-30
Grina	2.76030565850522e-33	0.297150556083498	0.951	0.856	5.52061131701045e-30
Slc39a4	1.41705789167061e-32	0.355647153985767	0.58	0.511	2.83411578334121e-29
Stmn2	6.69291842834509e-32	0.311665721493882	0.182	0.449	1.33858368566902e-28
Ccdc34	1.10065617690141e-31	0.297083572517582	0.761	0.666	2.20131235380282e-28
Igtp	2.45238451502886e-30	0.382191194753213	0.834	0.741	4.90476903005771e-27
Tmem119	3.70946703758452e-30	0.294928144908585	0.631	0.584	7.41893407516905e-27
Lama5	1.28048889242348e-29	0.303294970249992	0.58	0.509	2.56097778484696e-26
Spats2l	1.80137015640346e-29	0.26801120915195	0.621	0.51	3.60274031280691e-26
St3gal5	2.68664506833924e-29	0.299276993891046	0.616	0.574	5.37329013667849e-26
Khdrbs3	3.17524788336601e-29	0.270924030380654	0.641	0.627	6.35049576673202e-26
Filip1	2.90458896963235e-27	0.250450911943305	0.54	0.42	5.80917793926471e-24
Celf4	7.24483286397781e-27	0.29775970802159	0.602	0.531	1.44896657279556e-23
Itgb8	1.38922208546326e-26	0.257054258165065	0.545	0.483	2.77844417092652e-23
P4hb	3.27598016903086e-25	0.25720554806796	0.984	0.941	6.55196033806171e-22
Ackr3	1.11543431402293e-24	0.304506232020723	0.52	0.402	2.23086862804586e-21
Adamts5	2.71640241401388e-24	0.294883694794911	0.533	0.417	5.43280482802776e-21
Klf4	1.47093094632446e-22	0.307280185393881	0.821	0.712	2.94186189264893e-19
Mmp23	1.07191521136401e-15	0.270471063680243	0.514	0.397	2.14383042272803e-12
