id	p_val	avg_log2FC	pct.1	pct.2	p_val_adj
C1qa	0	1.50439004156528	0.992	0.865	0
Apoe	0	1.55359131315831	1	0.917	0
C1qb	0	1.52646033369386	0.993	0.88	0
Cd300c2	0	1.45620929775373	0.976	0.778	0
H2-Aa	0	1.62553504201729	0.997	0.908	0
H2-Eb1	0	1.81313712977609	0.996	0.906	0
Cd74	0	1.62400909516044	1	0.963	0
H2-Ab1	0	1.59517850410548	0.997	0.897	0
Cyp4f18	0	0.863834140448558	0.977	0.801	0
C1qc	1.87253281679127e-305	1.40275635736938	0.997	0.851	3.74506563358255e-302
Ctsc	8.42353576291862e-294	1.06638786360982	0.999	0.938	1.68470715258372e-290
Cxcl16	8.47377880573668e-288	1.10529055188576	0.981	0.819	1.69475576114734e-284
Cd72	1.62257515872456e-272	1.06764043339821	0.899	0.738	3.24515031744912e-269
Cx3cr1	2.58555159159337e-262	1.10022701974547	0.918	0.679	5.17110318318675e-259
Ms4a7	5.59551398296173e-261	1.30210074202876	0.941	0.8	1.11910279659235e-257
Cybb	1.10449864578575e-259	0.955734477402865	0.977	0.803	2.20899729157151e-256
H2-DMb1	3.11924108204769e-254	1.00334050833724	0.984	0.857	6.23848216409539e-251
Lst1	1.27180442714746e-247	1.05978138137036	0.993	0.868	2.54360885429492e-244
Rgs10	4.62902847314921e-242	0.922428966506101	0.971	0.817	9.25805694629842e-239
Gngt2	1.69116054863748e-241	0.845121815142853	0.971	0.778	3.38232109727497e-238
Bcl2a1b	5.40138196300286e-229	1.03220007241615	0.994	0.896	1.08027639260057e-225
Clec4a2	1.74734219992344e-227	0.91008601267761	0.964	0.819	3.49468439984687e-224
Gbp2b	4.27330901862632e-216	0.600437481463234	0.898	0.707	8.54661803725264e-213
Gatm	2.2284189622815e-215	0.934925937548123	0.994	0.895	4.456837924563e-212
Acp5	2.80040622280149e-212	0.700824301258018	0.955	0.8	5.60081244560298e-209
Clec12a	4.83405258677079e-212	0.877606815053857	0.923	0.757	9.66810517354158e-209
Slc15a3	4.62664620426357e-201	0.94238121398479	0.977	0.876	9.25329240852715e-198
Psap	1.60568986555925e-192	0.717883441958044	1	0.981	3.21137973111851e-189
Bcl2a1a	1.66786797415863e-192	0.667665350559905	0.951	0.824	3.33573594831727e-189
C3ar1	3.21790954639169e-191	0.794838459277075	0.957	0.781	6.43581909278338e-188
Lair1	2.16589406313836e-190	0.778904355641974	0.927	0.781	4.33178812627672e-187
Clec4n	1.42454404190315e-187	0.630767849267426	0.972	0.854	2.84908808380631e-184
Lyz2	6.78303822254128e-187	0.777104668208477	1	0.905	1.35660764450826e-183
Adgre1	1.25952443774823e-183	0.77605719881844	0.927	0.766	2.51904887549646e-180
Cd52	4.67397085642055e-177	0.754827273393242	1	0.947	9.34794171284111e-174
Sirpb1c	3.36323095847533e-173	0.296804250185984	0.933	0.805	6.72646191695067e-170
Fcgr4	2.01879194300356e-169	0.739294365038316	0.942	0.814	4.03758388600712e-166
Slamf9	2.29729305010059e-167	0.702573300453419	0.816	0.699	4.59458610020119e-164
Trem2	1.36572766237178e-165	0.719253975573489	0.962	0.795	2.73145532474356e-162
Plbd1	1.05814441234672e-163	0.619284608438992	0.983	0.87	2.11628882469344e-160
Hck	6.97103562478297e-162	0.670378131705666	0.925	0.751	1.39420712495659e-158
Gbp8	5.49528808846572e-156	0.275542216970477	0.885	0.659	1.09905761769314e-152
Mafb	4.49015643208071e-149	0.850106146660351	0.989	0.851	8.98031286416143e-146
Plxdc2	2.5812593421254e-146	0.5225348263441	0.912	0.747	5.1625186842508e-143
AW112010	1.82888158109848e-144	0.309313077530471	0.98	0.846	3.65776316219696e-141
Lgmn	2.92797787387508e-142	0.565183111998387	0.997	0.919	5.85595574775016e-139
Tgfbi	3.19776781533242e-141	0.668148136848021	0.991	0.882	6.39553563066483e-138
Gdf3	2.84122561375703e-138	0.258756602810859	0.762	0.665	5.68245122751406e-135
Cd14	4.59116480328238e-135	0.749712663693391	0.951	0.837	9.18232960656476e-132
Ifi44	1.9340838194442e-134	0.377192615914614	0.933	0.787	3.86816763888839e-131
Sgk1	2.88224195182498e-134	0.392817637936278	0.893	0.628	5.76448390364996e-131
Tmem37	2.25958039092005e-131	0.491072643451949	0.957	0.795	4.51916078184011e-128
Axl	4.71445939312386e-131	0.607450779200438	0.854	0.648	9.42891878624771e-128
Ifi30	1.17633752178973e-129	0.653553007971579	0.997	0.939	2.35267504357947e-126
Mgl2	2.63635186517939e-126	0.494803663531244	0.938	0.832	5.27270373035877e-123
Pla2g7	4.41218572861399e-125	0.650295349867111	0.917	0.766	8.82437145722799e-122
Fcrls	5.07415521750349e-125	0.534425064542113	0.865	0.767	1.0148310435007e-121
Hebp1	9.95326788900224e-120	0.316874971969833	0.885	0.636	1.99065357780045e-116
Selenop	3.35153232324947e-119	0.449208175316298	0.989	0.895	6.70306464649894e-116
Trf	4.23582635128202e-119	0.570932153080401	0.971	0.834	8.47165270256404e-116
Cd83	3.08523105032625e-117	0.71700106388153	0.85	0.696	6.17046210065251e-114
Pou2f2	6.40981473954902e-117	0.682046566242754	0.817	0.685	1.2819629479098e-113
Ctsb	1.42965020832657e-109	0.467611847784754	1	0.989	2.85930041665313e-106
Il1b	1.61219919123193e-107	0.968525852592176	0.951	0.861	3.22439838246387e-104
Klra2	3.37282389887155e-104	0.483248587297528	0.758	0.626	6.74564779774311e-101
Ccl12	2.56861474219129e-102	0.868116814559567	0.878	0.814	5.13722948438257e-99
Pltp	4.08428879497539e-98	0.540964028806421	0.911	0.783	8.16857758995079e-95
Hpgds	1.32956777676334e-97	0.52707513621912	0.769	0.705	2.65913555352669e-94
C5ar1	1.25398021997517e-96	0.480981464062161	0.907	0.793	2.50796043995034e-93
Cd300lf	6.63927222209617e-90	0.280261951748792	0.928	0.798	1.32785444441923e-86
Ncf1	3.03690845899193e-87	0.452517184430848	0.919	0.807	6.07381691798386e-84
Msr1	6.74873178045886e-87	0.338630586476338	0.956	0.806	1.34974635609177e-83
Rgs2	1.33299625283421e-85	0.657736394077876	0.862	0.768	2.66599250566842e-82
Fth1	2.67621189584201e-85	0.267129996301841	1	1	5.35242379168402e-82
Lap3	5.25072620215448e-85	0.381376939067112	0.962	0.819	1.0501452404309e-81
Zmynd15	8.61838886331099e-85	0.28959419238964	0.714	0.545	1.7236777726622e-81
Ptgs1	4.09699827716788e-84	0.472301950191993	0.914	0.798	8.19399655433576e-81
Bcl2a1d	5.10678314672285e-78	0.367415712893247	0.934	0.849	1.02135662934457e-74
Gm2a	2.69103927494381e-76	0.332267282023055	0.99	0.943	5.38207854988763e-73
Ccrl2	1.67159261194756e-75	0.627382961333774	0.792	0.677	3.34318522389513e-72
Ccr2	4.99513871425918e-74	0.613624986256901	0.929	0.863	9.99027742851837e-71
Fcgrt	9.15002029043522e-73	0.278312725609869	0.978	0.876	1.83000405808704e-69
Irf8	3.50606689731778e-72	0.260757520385593	0.929	0.843	7.01213379463556e-69
Rgs1	8.37445097431512e-71	0.746456596423435	0.808	0.742	1.67489019486302e-67
Prkcd	6.25229205375111e-70	0.31655020081785	0.961	0.831	1.25045841075022e-66
Rnf149	2.18574239881711e-67	0.250060049229521	0.914	0.797	4.37148479763421e-64
Neurl3	2.22397389760204e-64	0.555181703854615	0.798	0.747	4.44794779520409e-61
Shtn1	6.37099611865149e-63	0.363339471055696	0.931	0.846	1.2741992237303e-59
Blvrb	9.65265975381741e-63	0.375962218756157	0.917	0.839	1.93053195076348e-59
Hfe	3.10554761049938e-61	0.255821154929718	0.922	0.769	6.21109522099876e-58
Lipa	1.74346549078236e-60	0.356773344909884	0.916	0.787	3.48693098156471e-57
Csf2rb	5.09852865502912e-60	0.255699559715525	0.962	0.852	1.01970573100582e-56
Pid1	2.55776657343404e-59	0.317978677560849	0.834	0.742	5.11553314686808e-56
Fgl2	3.12588234167482e-56	0.431027168486832	0.92	0.834	6.25176468334963e-53
Snx6	4.80069825918289e-55	0.300221516151043	0.99	0.944	9.60139651836579e-52
Ifi207	7.98072286991553e-55	0.335916675547302	0.892	0.825	1.59614457398311e-51
Itgam	1.83789845646319e-54	0.351889784334922	0.881	0.783	3.67579691292638e-51
Ptgs2	1.51183722972599e-53	0.266690962626623	0.786	0.689	3.02367445945198e-50
Ppt1	5.16097208956265e-52	0.271869308193626	0.918	0.777	1.03219441791253e-48
Cfp	6.04753060419061e-52	0.295424231096421	0.978	0.88	1.20950612083812e-48
Plek	5.41040462470175e-51	0.315821643114734	0.94	0.872	1.08208092494035e-47
Fos	1.45029344483591e-50	0.3442321266719	0.959	0.89	2.90058688967183e-47
Pik3ap1	8.57591142391431e-50	0.413685067869505	0.758	0.682	1.71518228478286e-46
Gbp3	1.20735772401351e-49	0.260187641514381	0.928	0.774	2.41471544802701e-46
Ciita	2.57801953086518e-49	0.395075179246705	0.79	0.735	5.15603906173037e-46
Ctsd	5.27967699690723e-49	0.332689403581473	0.994	0.94	1.05593539938145e-45
Lilra5	7.63666731820245e-48	0.298530879328652	0.592	0.427	1.52733346364049e-44
Kctd12	1.18392550786796e-47	0.34486947649461	0.943	0.88	2.36785101573591e-44
Stat1	3.98043599939269e-47	0.337089248623681	0.957	0.838	7.96087199878538e-44
Bst2	2.66712696370913e-45	0.3448359765207	0.981	0.939	5.33425392741825e-42
Pycard	3.71769894000575e-44	0.277632768420792	0.985	0.941	7.4353978800115e-41
Zfp703	5.2731473724594e-44	0.335272176027266	0.899	0.767	1.05462947449188e-40
Lpar6	1.67291104029854e-43	0.480950227823389	0.73	0.688	3.34582208059709e-40
Cdkn1a	7.68522673689597e-41	0.564494810720691	0.957	0.846	1.53704534737919e-37
Cebpa	1.28075106203781e-40	0.315077057393646	0.713	0.601	2.56150212407562e-37
Cd180	1.99378878053105e-40	0.322086657534617	0.707	0.662	3.98757756106209e-37
Tlr2	1.15607160104336e-37	0.393428198467662	0.732	0.672	2.31214320208673e-34
Basp1	2.91241275816396e-36	0.25894338058889	0.954	0.891	5.82482551632792e-33
Zfhx3	4.61882589068858e-36	0.261568004284894	0.812	0.712	9.23765178137716e-33
Mmp13	3.70303615533868e-33	0.269839726657985	0.321	0.46	7.40607231067736e-30
E230029C05Rik	8.37626076574025e-32	0.484485889051289	0.687	0.668	1.67525215314805e-28
Atf3	3.48220128105609e-30	0.254621081823336	0.819	0.743	6.96440256211218e-27
Gbp7	1.76590475622644e-27	0.266714918566828	0.974	0.892	3.53180951245288e-24
Hk2	2.64302748641381e-26	0.329452431770147	0.911	0.846	5.28605497282763e-23
Ier3	6.76586477136108e-26	0.286388293545788	0.93	0.872	1.35317295427222e-22
Runx1	2.96430105287661e-25	0.275013391432174	0.863	0.882	5.92860210575322e-22
Dusp6	1.11670294661773e-24	0.297681912796846	0.725	0.633	2.23340589323546e-21
Clec4b1	6.06741252491333e-24	0.336199633999085	0.609	0.586	1.21348250498267e-20
Dnase1l3	1.82367878180125e-21	0.314970400939155	0.596	0.574	3.6473575636025e-18
Rel	2.85650561263788e-21	0.27766231682774	0.78	0.761	5.71301122527575e-18
Siglece	4.98267933126962e-21	0.362236225253258	0.628	0.628	9.96535866253924e-18
Creb5	6.95249218798536e-20	0.283475355012474	0.704	0.662	1.39049843759707e-16
Ccdc152	8.73426752373619e-20	0.276721438686331	0.62	0.568	1.74685350474724e-16
Arl5c	1.83671202200142e-16	0.325947347583887	0.622	0.566	3.67342404400283e-13
Gpr34	3.88761917422009e-16	0.260314871013948	0.609	0.602	7.77523834844018e-13
Nlrp3	4.14720073817065e-16	0.267157238063311	0.723	0.725	8.2944014763413e-13
Cd300ld	5.59580798110057e-16	0.285687150298825	0.617	0.601	1.11916159622011e-12
Sowahc	9.65926853414252e-13	0.303773096385315	0.645	0.582	1.9318537068285e-09
Stap1	2.87326703909736e-11	0.320029439130882	0.552	0.532	5.74653407819471e-08
Fosb	1.29114305840961e-10	0.279092445891857	0.715	0.649	2.58228611681922e-07
Gm6377	2.3036191317646e-10	0.271557786448571	0.647	0.662	4.60723826352919e-07
Ptger4	3.92920588286245e-10	0.25900320921584	0.635	0.645	7.8584117657249e-07
Rab7b	1.92176792846997e-09	0.268463156323759	0.631	0.631	3.84353585693995e-06
